line_id,document_no,doc_type,original_document_no,date_key,month_key,rep_key,team_key,customer_key,product_key,country_code,currency,fx_rate,quantity,unit_list_price_usd,discount_pct,gross_amount_usd,discount_amount_usd,net_amount_usd,cost_amount_usd,gross_margin_usd,commission_weight,days_since_original,is_month_end_window,net_amount_local
L0000046,INV-2024-000015,INV,,20240101,202401,13,1,42,13,EG,EGP,30.9,1,12000.0,0.1626,12000.0,1951.2,10048.8,5040.0,5008.8,1.25,,0,310507.92
L0000140,INV-2024-000057,INV,,20240101,202401,19,2,94,10,EG,EGP,30.9,1,3000.0,0.0424,3000.0,127.2,2872.8,900.0,1972.8,1.25,,0,88769.52
L0000044,INV-2024-000015,INV,,20240101,202401,13,1,42,18,EG,EGP,30.9,1,800.0,0.1588,800.0,127.04,672.96,440.0,232.96,1.0,,0,20794.46
L0000644,INV-2024-000316,INV,,20240102,202401,57,6,741,9,AE,AED,3.6725,1,6000.0,0.1304,6000.0,782.4,5217.6,2100.0,3117.6,1.25,,0,19161.64
L0000690,INV-2024-000329,INV,,20240102,202401,59,6,741,6,AE,AED,3.6725,1,7500.0,0.1436,7500.0,1077.0,6423.0,2850.0,3573.0,1.0,,0,23588.47
L0000212,INV-2024-000099,INV,,20240102,202401,24,2,322,1,EG,EGP,30.9,1,2400.0,0.1306,2400.0,313.44,2086.56,1320.0,766.56,1.0,,0,64474.7
L0000759,INV-2024-000358,INV,,20240102,202401,66,7,799,18,AE,AED,3.6725,6,800.0,0.1811,4800.0,869.28,3930.72,2640.0,1290.72,1.0,,0,14435.57
L0000041,INV-2024-000014,INV,,20240102,202401,13,1,69,1,EG,EGP,30.9,1,2400.0,0.1046,2400.0,251.04,2148.96,1320.0,828.96,1.0,,0,66402.86
L0000489,INV-2024-000230,INV,,20240103,202401,46,5,643,12,SA,SAR,3.75,1,4800.0,0.0769,4800.0,369.12,4430.88,2160.0,2270.88,1.25,,0,16615.8
L0000307,INV-2024-000154,INV,,20240103,202401,30,3,358,1,EG,EGP,30.9,1,2400.0,0.197,2400.0,472.8,1927.2,1320.0,607.2,1.0,,0,59550.48
L0000801,INV-2024-000379,INV,,20240103,202401,70,7,806,19,AE,AED,3.6725,2,5500.0,0.1106,11000.0,1216.6,9783.4,4950.0,4833.4,1.0,,0,35929.54
L0000434,INV-2024-000207,INV,,20240103,202401,41,4,443,10,SA,SAR,3.75,2,3000.0,0.0574,6000.0,344.4,5655.6,1800.0,3855.6,1.25,,0,21208.5
L0000155,INV-2024-000065,INV,,20240103,202401,20,2,139,1,EG,EGP,30.9,1,2400.0,0.0727,2400.0,174.48,2225.52,1320.0,905.52,1.0,,0,68768.57
L0000265,INV-2024-000131,INV,,20240104,202401,27,2,148,17,EG,EGP,30.9,1,450.0,0.0352,450.0,15.84,434.16,337.5,96.66,1.0,,0,13415.54
L0000347,INV-2024-000175,INV,,20240104,202401,35,3,360,15,EG,EGP,30.9,1,1100.0,0.2023,1100.0,222.53,877.47,858.0,19.47,1.0,,0,27113.82
L0000349,INV-2024-000176,INV,,20240104,202401,35,3,332,10,EG,EGP,30.9,1,3000.0,0.1999,3000.0,599.7,2400.3,900.0,1500.3,1.25,,0,74169.27
L0000457,INV-2024-000219,INV,,20240104,202401,44,4,394,8,SA,SAR,3.75,15,1500.0,0.165,22500.0,3712.5,18787.5,15750.0,3037.5,1.0,,0,70453.12
L0000233,INV-2024-000112,INV,,20240104,202401,25,2,157,15,EG,EGP,30.9,2,1100.0,0.0494,2200.0,108.68,2091.32,1716.0,375.32,1.0,,0,64621.79
L0000023,INV-2024-000008,INV,,20240105,202401,11,1,4,12,EG,EGP,30.9,1,4800.0,0.0897,4800.0,430.56,4369.44,2160.0,2209.44,1.25,,0,135015.7
L0000554,INV-2024-000272,INV,,20240105,202401,51,5,615,8,SA,SAR,3.75,4,1500.0,0.052,6000.0,312.0,5688.0,4200.0,1488.0,1.0,,0,21330.0
L0000484,INV-2024-000227,INV,,20240105,202401,45,4,434,8,SA,SAR,3.75,19,1500.0,0.122,28500.0,3477.0,25023.0,19950.0,5073.0,1.0,,0,93836.25
L0000678,INV-2024-000326,INV,,20240105,202401,59,6,752,18,AE,AED,3.6725,1,800.0,0.0989,800.0,79.12,720.88,440.0,280.88,1.0,,0,2647.43
L0000195,INV-2024-000088,INV,,20240106,202401,23,2,120,10,EG,EGP,30.9,1,3000.0,0.1029,3000.0,308.7,2691.3,900.0,1791.3,1.25,,0,83161.17
L0000754,INV-2024-000356,INV,,20240106,202401,66,7,785,9,AE,AED,3.6725,1,6000.0,0.1935,6000.0,1161.0,4839.0,2100.0,2739.0,1.25,,0,17771.23
L0000219,INV-2024-000103,INV,,20240108,202401,24,2,141,1,EG,EGP,30.9,1,2400.0,0.1277,2400.0,306.48,2093.52,1320.0,773.52,1.0,,0,64689.77
L0000908,INV-2024-000437,INV,,20240108,202401,77,8,845,15,OM,OMR,0.3845,1,1100.0,0.0463,1100.0,50.92,1049.08,858.0,191.08,1.0,,0,403.37
L0000124,INV-2024-000047,INV,,20240109,202401,19,2,147,1,EG,EGP,30.9,1,2400.0,0.0049,2400.0,11.76,2388.24,1320.0,1068.24,1.0,,0,73796.62
L0000569,INV-2024-000279,INV,,20240109,202401,52,5,645,8,SA,SAR,3.75,3,1500.0,0.0637,4500.0,286.65,4213.35,3150.0,1063.35,1.0,,0,15800.06
L0000034,INV-2024-000011,INV,,20240109,202401,11,1,65,10,EG,EGP,30.9,1,3000.0,0.1005,3000.0,301.5,2698.5,900.0,1798.5,1.25,,0,83383.65
L0000119,INV-2024-000044,INV,,20240109,202401,18,2,167,1,EG,EGP,30.9,1,2400.0,0.0208,2400.0,49.92,2350.08,1320.0,1030.08,1.0,,0,72617.47
L0000161,INV-2024-000068,INV,,20240110,202401,21,2,326,10,EG,EGP,30.9,1,3000.0,0.0186,3000.0,55.8,2944.2,900.0,2044.2,1.25,,0,90975.78
L0000551,INV-2024-000270,INV,,20240110,202401,51,5,570,1,SA,SAR,3.75,1,2400.0,0.0358,2400.0,85.92,2314.08,1320.0,994.08,1.0,,0,8677.8
L0000389,INV-2024-000191,INV,,20240110,202401,37,4,416,5,SA,SAR,3.75,4,1800.0,0.1413,7200.0,1017.36,6182.64,2880.0,3302.64,1.0,,0,23184.9
L0000391,INV-2024-000191,INV,,20240110,202401,37,4,416,17,SA,SAR,3.75,2,450.0,0.1346,900.0,121.14,778.86,675.0,103.86,1.0,,0,2920.72
L0000441,INV-2024-000211,INV,,20240111,202401,43,4,416,10,SA,SAR,3.75,5,3000.0,0.1244,15000.0,1866.0,13134.0,4500.0,8634.0,1.25,,0,49252.5
L0000877,INV-2024-000419,INV,,20240111,202401,75,8,938,10,OM,OMR,0.3845,1,3000.0,0.0542,3000.0,162.6,2837.4,900.0,1937.4,1.25,,0,1090.98
L0000856,INV-2024-000408,INV,,20240111,202401,74,8,826,5,OM,OMR,0.3845,1,1800.0,0.0493,1800.0,88.74,1711.26,720.0,991.26,1.0,,0,657.98
L0000857,INV-2024-000408,INV,,20240111,202401,74,8,826,15,OM,OMR,0.3845,1,1100.0,0.0323,1100.0,35.53,1064.47,858.0,206.47,1.0,,0,409.29
L0000398,INV-2024-000193,INV,,20240111,202401,38,4,440,8,SA,SAR,3.75,4,1500.0,0.121,6000.0,726.0,5274.0,4200.0,1074.0,1.0,,0,19777.5
L0000397,INV-2024-000193,INV,,20240111,202401,38,4,440,8,SA,SAR,3.75,3,1500.0,0.1061,4500.0,477.45,4022.55,3150.0,872.55,1.0,,0,15084.56
L0000100,INV-2024-000036,INV,,20240111,202401,16,1,31,1,EG,EGP,30.9,1,2400.0,0.0917,2400.0,220.08,2179.92,1320.0,859.92,1.0,,0,67359.53
L0000371,INV-2024-000185,INV,,20240111,202401,36,4,378,13,SA,SAR,3.75,2,12000.0,0.1208,24000.0,2899.2,21100.8,10080.0,11020.8,1.25,,0,79128.0
L0000805,INV-2024-000382,INV,,20240112,202401,70,7,794,12,AE,AED,3.6725,1,4800.0,0.1029,4800.0,493.92,4306.08,2160.0,2146.08,1.25,,0,15814.08
L0000741,INV-2024-000348,INV,,20240113,202401,64,6,715,15,AE,AED,3.6725,1,1100.0,0.0929,1100.0,102.19,997.81,858.0,139.81,1.0,,0,3664.46
L0000790,INV-2024-000372,INV,,20240113,202401,68,7,804,17,AE,AED,3.6725,2,450.0,0.1421,900.0,127.89,772.11,675.0,97.11,1.0,,0,2835.57
L0000411,INV-2024-000199,INV,,20240113,202401,40,4,393,11,SA,SAR,3.75,1,18000.0,0.1122,18000.0,2019.6,15980.4,7200.0,8780.4,1.25,,0,59926.5
L0000379,INV-2024-000188,INV,,20240114,202401,36,4,416,3,SA,USD,1.0,1,3600.0,0.1022,3600.0,367.92,3232.08,1620.0,1612.08,1.0,,0,3232.08
L0000520,INV-2024-000250,INV,,20240114,202401,49,5,507,1,SA,SAR,3.75,3,2400.0,0.0692,7200.0,498.24,6701.76,3960.0,2741.76,1.0,,0,25131.6
L0000137,INV-2024-000055,INV,,20240114,202401,19,2,84,1,EG,EGP,30.9,1,2400.0,0.0666,2400.0,159.84,2240.16,1320.0,920.16,1.0,,0,69220.94
L0000512,INV-2024-000243,INV,,20240114,202401,47,5,664,7,SA,SAR,3.75,7,1200.0,0.0827,8400.0,694.68,7705.32,2520.0,5185.32,1.0,,0,28894.95
L0000620,INV-2024-000306,INV,,20240114,202401,55,5,524,1,SA,SAR,3.75,3,2400.0,0.0205,7200.0,147.6,7052.4,3960.0,3092.4,1.0,,0,26446.5
L0000820,INV-2024-000390,INV,,20240114,202401,71,7,778,10,AE,AED,3.6725,5,3000.0,0.1623,15000.0,2434.5,12565.5,4500.0,8065.5,1.25,,0,46146.8
L0000083,INV-2024-000030,INV,,20240115,202401,15,1,65,12,EG,EGP,30.9,1,4800.0,0.1225,4800.0,588.0,4212.0,2160.0,2052.0,1.25,,0,130150.8
L0000352,INV-2024-000178,INV,,20240115,202401,35,3,341,17,EG,EGP,30.9,8,450.0,0.1643,3600.0,591.48,3008.52,2700.0,308.52,1.0,,0,92963.27
L0000340,INV-2024-000172,INV,,20240116,202401,34,3,332,15,EG,EGP,30.9,2,1100.0,0.191,2200.0,420.2,1779.8,1716.0,63.8,1.0,,0,54995.82
L0000376,INV-2024-000187,INV,,20240117,202401,36,4,417,17,SA,SAR,3.75,63,450.0,0.0725,28350.0,2055.38,26294.62,21262.5,5032.12,1.0,,0,98604.84
L0000170,INV-2024-000072,INV,,20240117,202401,21,2,103,10,EG,EGP,30.9,1,3000.0,0.0248,3000.0,74.4,2925.6,900.0,2025.6,1.25,,0,90401.04
L0000048,INV-2024-000016,INV,,20240117,202401,13,1,3,12,EG,EGP,30.9,1,4800.0,0.1682,4800.0,807.36,3992.64,2160.0,1832.64,1.25,,0,123372.58
L0000619,INV-2024-000305,INV,,20240117,202401,55,5,550,17,SA,SAR,3.75,8,450.0,0.0543,3600.0,195.48,3404.52,2700.0,704.52,1.0,,0,12766.95
L0000090,INV-2024-000032,INV,,20240118,202401,15,1,10,12,EG,EGP,30.9,1,4800.0,0.1219,4800.0,585.12,4214.88,2160.0,2054.88,1.25,,0,130239.79
L0000068,INV-2024-000024,INV,,20240118,202401,14,1,13,1,EG,EGP,30.9,5,2400.0,0.1465,12000.0,1758.0,10242.0,6600.0,3642.0,1.0,,0,316477.8
L0000604,INV-2024-000297,INV,,20240119,202401,54,5,465,17,SA,SAR,3.75,1,450.0,0.0658,450.0,29.61,420.39,337.5,82.89,1.0,,0,1576.46
L0000363,INV-2024-000183,INV,,20240119,202401,36,4,423,10,SA,SAR,3.75,1,3000.0,0.0604,3000.0,181.2,2818.8,900.0,1918.8,1.25,,0,10570.5
L0000780,INV-2024-000369,INV,,20240119,202401,67,7,792,1,AE,AED,3.6725,2,2400.0,0.2016,4800.0,967.68,3832.32,2640.0,1192.32,1.0,,0,14074.2
L0000357,INV-2024-000180,INV,,20240120,202401,35,3,347,10,EG,EGP,30.9,1,3000.0,0.1782,3000.0,534.6,2465.4,900.0,1565.4,1.25,,0,76180.86
L0000707,INV-2024-000336,INV,,20240120,202401,60,6,726,3,AE,AED,3.6725,1,3600.0,0.1608,3600.0,578.88,3021.12,1620.0,1401.12,1.0,,0,11095.06
L0000228,INV-2024-000108,INV,,20240120,202401,25,2,292,1,EG,EGP,30.9,1,2400.0,0.0325,2400.0,78.0,2322.0,1320.0,1002.0,1.0,,0,71749.8
L0000697,INV-2024-000332,INV,,20240120,202401,59,6,707,1,AE,AED,3.6725,9,2400.0,0.1247,21600.0,2693.52,18906.48,11880.0,7026.48,1.0,,0,69434.05
L0000522,INV-2024-000252,INV,,20240120,202401,49,5,607,16,SA,SAR,3.75,2,2200.0,0.0341,4400.0,150.04,4249.96,3520.0,729.96,1.0,,0,15937.35
L0000401,INV-2024-000194,INV,,20240121,202401,38,4,409,1,SA,SAR,3.75,1,2400.0,0.0883,2400.0,211.92,2188.08,1320.0,868.08,1.0,,0,8205.3
L0000794,INV-2024-000374,INV,,20240121,202401,69,7,812,15,AE,AED,3.6725,6,1100.0,0.1827,6600.0,1205.82,5394.18,5148.0,246.18,1.0,,0,19810.13
L0000839,INV-2024-000397,INV,,20240121,202401,73,8,901,10,OM,OMR,0.3845,1,3000.0,0.0,3000.0,0.0,3000.0,900.0,2100.0,1.25,,0,1153.5
L0000873,INV-2024-000417,INV,,20240122,202401,75,8,889,10,OM,OMR,0.3845,1,3000.0,0.047,3000.0,140.99,2859.01,900.0,1959.01,1.25,,0,1099.29
L0000350,INV-2024-000177,INV,,20240122,202401,35,3,341,7,EG,EGP,30.9,3,1200.0,0.1823,3600.0,656.28,2943.72,1080.0,1863.72,1.0,,0,90960.95
L0000771,INV-2024-000362,INV,,20240123,202401,67,7,801,10,AE,AED,3.6725,1,3000.0,0.1807,3000.0,542.1,2457.9,900.0,1557.9,1.25,,0,9026.64
L0000205,INV-2024-000096,INV,,20240123,202401,23,2,149,1,EG,EGP,30.9,1,2400.0,0.075,2400.0,180.0,2220.0,1320.0,900.0,1.0,,0,68598.0
L0000829,INV-2024-000394,INV,,20240124,202401,71,7,781,7,AE,AED,3.6725,1,1200.0,0.1827,1200.0,219.24,980.76,360.0,620.76,1.0,,0,3601.84
L0000845,INV-2024-000400,INV,,20240124,202401,73,8,933,1,OM,OMR,0.3845,1,2400.0,0.0,2400.0,0.0,2400.0,1320.0,1080.0,1.0,,0,922.8
L0000014,INV-2024-000004,INV,,20240124,202401,9,1,19,12,EG,EGP,30.9,1,4800.0,0.0942,4800.0,452.16,4347.84,2160.0,2187.84,1.25,,0,134348.26
L0000326,INV-2024-000165,INV,,20240125,202401,33,3,354,7,EG,EGP,30.9,6,1200.0,0.1878,7200.0,1352.16,5847.84,2160.0,3687.84,1.0,,0,180698.26
L0000640,INV-2024-000315,INV,,20240125,202401,57,6,738,1,AE,AED,3.6725,1,2400.0,0.1124,2400.0,269.76,2130.24,1320.0,810.24,1.0,,0,7823.31
L0000422,INV-2024-000204,INV,,20240125,202401,41,4,423,12,SA,SAR,3.75,1,4800.0,0.035,4800.0,168.0,4632.0,2160.0,2472.0,1.25,,0,17370.0
L0000556,INV-2024-000273,INV,,20240127,202401,51,5,595,16,SA,SAR,3.75,1,2200.0,0.071,2200.0,156.2,2043.8,1760.0,283.8,1.0,,0,7664.25
L0000555,INV-2024-000273,INV,,20240127,202401,51,5,595,17,SA,SAR,3.75,1,450.0,0.052,450.0,23.4,426.6,337.5,89.1,1.0,,0,1599.75
L0000227,INV-2024-000107,INV,,20240127,202401,25,2,325,17,EG,EGP,30.9,3,450.0,0.0648,1350.0,87.48,1262.52,1012.5,250.02,1.0,,0,39011.87
L0000037,INV-2024-000013,INV,,20240127,202401,13,1,69,10,EG,EGP,30.9,1,3000.0,0.2033,3000.0,609.9,2390.1,900.0,1490.1,1.25,,0,73854.09
L0000299,INV-2024-000151,INV,,20240127,202401,30,3,343,17,EG,EGP,30.9,3,450.0,0.1753,1350.0,236.66,1113.34,1012.5,100.84,1.0,,0,34402.36
L0000599,INV-2024-000295,INV,,20240127,202401,54,5,635,17,SA,SAR,3.75,1,450.0,0.0821,450.0,36.94,413.06,337.5,75.56,1.0,,0,1548.96
L0000151,INV-2024-000062,INV,,20240127,202401,20,2,128,8,EG,EGP,30.9,1,1500.0,0.0669,1500.0,100.35,1399.65,1050.0,349.65,1.0,,0,43249.19
L0000094,INV-2024-000034,INV,,20240127,202401,16,1,33,12,EG,EGP,30.9,1,4800.0,0.0966,4800.0,463.68,4336.32,2160.0,2176.32,1.25,,0,133992.29
L0000557,INV-2024-000273,INV,,20240127,202401,51,5,595,7,SA,SAR,3.75,1,1200.0,0.0812,1200.0,97.44,1102.56,360.0,742.56,1.0,,0,4134.6
L0000884,INV-2024-000423,INV,,20240127,202401,76,8,838,1,OM,OMR,0.3845,1,2400.0,0.0822,2400.0,197.27,2202.73,1320.0,882.73,1.0,,0,846.95
L0000188,INV-2024-000085,INV,,20240127,202401,23,2,300,1,EG,EGP,30.9,1,2400.0,0.0644,2400.0,154.56,2245.44,1320.0,925.44,1.0,,0,69384.1
L0000095,INV-2024-000034,INV,,20240127,202401,16,1,33,12,EG,EGP,30.9,1,4800.0,0.0979,4800.0,469.92,4330.08,2160.0,2170.08,1.25,,0,133799.47
L0000637,INV-2024-000314,INV,,20240127,202401,57,6,709,10,AE,AED,3.6725,1,3000.0,0.107,3000.0,321.0,2679.0,900.0,1779.0,1.25,,0,9838.63
L0000198,INV-2024-000091,INV,,20240127,202401,23,2,300,1,EG,EGP,30.9,1,2400.0,0.1178,2400.0,282.72,2117.28,1320.0,797.28,1.0,,0,65423.95
L0000273,INV-2024-000135,INV,,20240127,202401,27,2,174,10,EG,EGP,30.9,1,3000.0,0.018,3000.0,54.0,2946.0,900.0,2046.0,1.25,,0,91031.4
L0000415,INV-2024-000202,INV,,20240128,202401,41,4,398,12,SA,SAR,3.75,4,4800.0,0.0581,19200.0,1115.52,18084.48,8640.0,9444.48,1.25,,0,67816.8
L0000524,INV-2024-000253,INV,,20240128,202401,49,5,545,18,SA,SAR,3.75,1,800.0,0.0533,800.0,42.64,757.36,440.0,317.36,1.0,,0,2840.1
L0000181,INV-2024-000081,INV,,20240128,202401,22,2,263,10,EG,EGP,30.9,1,3000.0,0.0002,3000.0,0.6,2999.4,900.0,2099.4,1.25,,0,92681.46
L0000472,INV-2024-000223,INV,,20240128,202401,45,4,413,16,SA,SAR,3.75,2,2200.0,0.0914,4400.0,402.16,3997.84,3520.0,477.84,1.0,,0,14991.9
L0000531,INV-2024-000257,INV,,20240128,202401,49,5,655,5,SA,SAR,3.75,1,1800.0,0.0528,1800.0,95.04,1704.96,720.0,984.96,1.0,,0,6393.6
L0000080,INV-2024-000029,INV,,20240128,202401,15,1,14,10,EG,EGP,30.9,1,3000.0,0.1156,3000.0,346.8,2653.2,900.0,1753.2,1.25,,0,81983.88
L0000406,INV-2024-000196,INV,,20240128,202401,40,4,396,10,SA,SAR,3.75,1,3000.0,0.1523,3000.0,456.9,2543.1,900.0,1643.1,1.25,,0,9536.62
L0000081,INV-2024-000029,INV,,20240128,202401,15,1,14,8,EG,EGP,30.9,2,1500.0,0.1106,3000.0,331.8,2668.2,2100.0,568.2,1.0,,0,82447.38
L0000302,INV-2024-000153,INV,,20240128,202401,30,3,341,17,EG,EGP,30.9,3,450.0,0.1584,1350.0,213.84,1136.16,1012.5,123.66,1.0,,0,35107.34
L0000180,INV-2024-000080,INV,,20240128,202401,22,2,74,10,EG,EGP,30.9,1,3000.0,0.025,3000.0,75.0,2925.0,900.0,2025.0,1.25,,0,90382.5
L0000179,INV-2024-000080,INV,,20240128,202401,22,2,74,1,EG,EGP,30.9,1,2400.0,0.0157,2400.0,37.68,2362.32,1320.0,1042.32,1.0,,0,72995.69
L0000757,INV-2024-000357,INV,,20240128,202401,66,7,790,10,AE,AED,3.6725,2,3000.0,0.1665,6000.0,999.0,5001.0,1800.0,3201.0,1.25,,0,18366.17
L0000078,INV-2024-000029,INV,,20240128,202401,15,1,14,3,EG,EGP,30.9,1,3600.0,0.1383,3600.0,497.88,3102.12,1620.0,1482.12,1.0,,0,95855.51
L0000526,INV-2024-000254,INV,,20240129,202401,49,5,704,7,SA,SAR,3.75,3,1200.0,0.083,3600.0,298.8,3301.2,1080.0,2221.2,1.0,,1,12379.5
L0000148,INV-2024-000061,INV,,20240129,202401,20,2,301,1,EG,EGP,30.9,1,2400.0,0.0634,2400.0,152.16,2247.84,1320.0,927.84,1.0,,1,69458.26
L0000852,INV-2024-000405,INV,,20240129,202401,74,8,946,1,OM,OMR,0.3845,1,2400.0,0.0786,2400.0,188.63,2211.37,1320.0,891.37,1.0,,1,850.27
L0000287,INV-2024-000144,INV,,20240129,202401,29,3,344,10,EG,EGP,30.9,1,3000.0,0.2391,3000.0,717.3,2282.7,900.0,1382.7,1.25,,1,70535.43
L0000796,INV-2024-000375,INV,,20240129,202401,69,7,820,4,AE,AED,3.6725,1,9000.0,0.2029,9000.0,1826.1,7173.9,4950.0,2223.9,1.0,,1,26346.15
L0000797,INV-2024-000376,INV,,20240129,202401,69,7,819,16,AE,AED,3.6725,6,2200.0,0.186,13200.0,2455.2,10744.8,10560.0,184.8,1.0,,1,39460.28
L0000521,INV-2024-000251,INV,,20240129,202401,49,5,573,10,SA,SAR,3.75,2,3000.0,0.065,6000.0,390.0,5610.0,1800.0,3810.0,1.25,,1,21037.5
L0000125,INV-2024-000048,INV,,20240129,202401,19,2,206,7,EG,EGP,30.9,1,1200.0,0.0168,1200.0,20.16,1179.84,360.0,819.84,1.0,,1,36457.06
L0000866,INV-2024-000413,INV,,20240129,202401,74,8,936,1,OM,OMR,0.3845,1,2400.0,0.0767,2400.0,184.08,2215.92,1320.0,895.92,1.0,,1,852.02
L0000886,INV-2024-000425,INV,,20240130,202401,76,8,960,5,OM,OMR,0.3845,2,1800.0,0.1271,3600.0,457.56,3142.44,1440.0,1702.44,1.0,,1,1208.27
L0000007,INV-2024-000002,INV,,20240130,202401,9,1,8,1,EG,EGP,30.9,1,2400.0,0.1206,2400.0,289.44,2110.56,1320.0,790.56,1.0,,1,65216.3
L0000263,INV-2024-000130,INV,,20240130,202401,27,2,290,8,EG,EGP,30.9,2,1500.0,0.0669,3000.0,200.7,2799.3,2100.0,699.3,1.0,,1,86498.37
L0000722,INV-2024-000343,INV,,20240130,202401,63,6,731,10,AE,AED,3.6725,1,3000.0,0.1019,3000.0,305.7,2694.3,900.0,1794.3,1.25,,1,9894.82
L0000005,INV-2024-000002,INV,,20240130,202401,9,1,8,10,EG,EGP,30.9,1,3000.0,0.0712,3000.0,213.6,2786.4,900.0,1886.4,1.25,,1,86099.76
L0000816,INV-2024-000387,INV,,20240130,202401,71,7,786,1,AE,AED,3.6725,1,2400.0,0.1677,2400.0,402.48,1997.52,1320.0,677.52,1.0,,1,7335.89
L0000814,INV-2024-000387,INV,,20240130,202401,71,7,786,17,AE,AED,3.6725,10,450.0,0.1915,4499.99,861.75,3638.24,3375.0,263.24,1.0,,1,13361.43
L0000646,INV-2024-000317,INV,,20240130,202401,57,6,775,8,AE,AED,3.6725,2,1500.0,0.1307,3000.0,392.1,2607.9,2100.0,507.9,1.0,,1,9577.51
L0000738,INV-2024-000347,INV,,20240130,202401,64,6,732,12,AE,AED,3.6725,1,4800.0,0.11,4800.0,528.0,4272.0,2160.0,2112.0,1.25,,1,15688.92
L0000438,INV-2024-000210,INV,,20240130,202401,42,4,380,7,SA,SAR,3.75,1,1200.0,0.1211,1200.0,145.32,1054.68,360.0,694.68,1.0,,1,3955.05
L0000577,INV-2024-000283,INV,,20240130,202401,53,5,658,1,SA,SAR,3.75,1,2400.0,0.117,2400.0,280.8,2119.2,1320.0,799.2,1.0,,1,7947.0
L0000259,INV-2024-000128,INV,,20240130,202401,26,2,130,7,EG,EGP,30.9,1,1200.0,0.0901,1200.0,108.12,1091.88,360.0,731.88,1.0,,1,33739.09
L0000280,INV-2024-000139,INV,,20240130,202401,28,2,272,20,EG,EGP,30.9,1,1500.0,0.0734,1500.0,110.1,1389.9,750.0,639.9,1.0,,1,42947.91
L0000843,INV-2024-000399,INV,,20240131,202401,73,8,821,1,OM,OMR,0.3845,1,2400.0,0.0762,2400.0,182.89,2217.11,1320.0,897.11,1.0,,1,852.48
L0000649,INV-2024-000318,INV,,20240131,202401,57,6,730,18,AE,AED,3.6725,14,800.0,0.1499,11200.0,1678.88,9521.12,6160.0,3361.12,1.0,,1,34966.31
L0000250,INV-2024-000123,INV,,20240131,202401,26,2,115,17,EG,EGP,30.9,1,450.0,0.1138,450.0,51.21,398.79,337.5,61.29,1.0,,1,12322.61
L0000553,INV-2024-000271,INV,,20240131,202401,51,5,516,9,SA,SAR,3.75,1,6000.0,0.0858,6000.0,514.8,5485.2,2100.0,3385.2,1.25,,1,20569.5
L0000430,INV-2024-000206,INV,,20240131,202401,41,4,383,7,SA,SAR,3.75,7,1200.0,0.0697,8400.0,585.48,7814.52,2520.0,5294.52,1.0,,1,29304.45
L0000431,INV-2024-000206,INV,,20240131,202401,41,4,383,2,SA,SAR,3.75,1,14000.0,0.0734,14000.0,1027.6,12972.4,7000.0,5972.4,1.0,,1,48646.5
L0000346,INV-2024-000174,INV,,20240131,202401,34,3,349,10,EG,EGP,30.9,1,3000.0,0.1944,3000.0,583.2,2416.8,900.0,1516.8,1.25,,1,74679.12
L0000167,INV-2024-000071,INV,,20240131,202401,21,2,185,17,EG,EGP,30.9,1,450.0,0.0342,450.0,15.39,434.61,337.5,97.11,1.0,,1,13429.45
L0000850,INV-2024-000403,INV,,20240131,202401,73,8,902,5,OM,OMR,0.3845,3,1800.0,0.0113,5400.0,61.01,5338.99,2160.0,3178.99,1.0,,1,2052.84
L0000779,INV-2024-000368,INV,,20240131,202401,67,7,790,1,AE,AED,3.6725,6,2400.0,0.1887,14400.0,2717.28,11682.72,7920.0,3762.72,1.0,,1,42904.79
L0000054,INV-2024-000019,INV,,20240131,202401,14,1,58,8,EG,EGP,30.9,3,1500.0,0.1583,4500.0,712.35,3787.65,3150.0,637.65,1.0,,1,117038.38
L0000842,INV-2024-000399,INV,,20240131,202401,73,8,821,7,OM,OMR,0.3845,1,1200.0,0.0251,1200.0,30.12,1169.88,360.0,809.88,1.0,,1,449.82
L0001060,INV-2024-000496,INV,,20240201,202402,18,2,83,10,EG,EGP,30.9,1,3000.0,0.0314,3000.0,94.2,2905.8,900.0,2005.8,1.25,,0,89789.22
L0002089,INV-2024-001021,INV,,20240201,202402,75,8,873,1,OM,OMR,0.3845,1,2400.0,0.0861,2400.0,206.63,2193.37,1320.0,873.37,1.0,,0,843.35
L0002107,INV-2024-001032,INV,,20240201,202402,77,8,853,1,OM,OMR,0.3845,1,2400.0,0.0,2400.0,0.0,2400.0,1320.0,1080.0,1.0,,0,922.8
L0000912,INV-2024-000439,INV,,20240201,202402,9,1,47,1,EG,EGP,30.9,2,2400.0,0.0578,4800.0,277.44,4522.56,2640.0,1882.56,1.0,,0,139747.1
L0001169,INV-2024-000563,INV,,20240201,202402,23,2,133,1,EG,EGP,30.9,1,2400.0,0.1061,2400.0,254.64,2145.36,1320.0,825.36,1.0,,0,66291.62
L0001656,INV-2024-000818,INV,,20240201,202402,51,5,532,17,SA,SAR,3.75,3,450.0,0.0512,1350.0,69.12,1280.88,1012.5,268.38,1.0,,0,4803.3
L0001471,INV-2024-000721,INV,,20240202,202402,40,4,392,8,SA,SAR,3.75,2,1500.0,0.1068,3000.0,320.4,2679.6,2100.0,579.6,1.0,,0,10048.5
L0001300,INV-2024-000644,INV,,20240202,202402,29,3,354,17,EG,EGP,30.9,4,450.0,0.2364,1800.0,425.52,1374.48,1350.0,24.48,1.0,,0,42471.43
L0001301,INV-2024-000644,INV,,20240202,202402,29,3,354,7,EG,EGP,30.9,1,1200.0,0.2547,1200.0,305.64,894.36,360.0,534.36,1.0,,0,27635.72
L0001228,INV-2024-000601,INV,,20240202,202402,25,2,263,15,EG,EGP,30.9,1,1100.0,0.0225,1100.0,24.75,1075.25,858.0,217.25,1.0,,0,33225.22
L0001469,INV-2024-000721,INV,,20240202,202402,40,4,392,7,SA,SAR,3.75,8,1200.0,0.1292,9600.0,1240.32,8359.68,2880.0,5479.68,1.0,,0,31348.8
L0001042,INV-2024-000485,INV,,20240202,202402,17,1,63,5,EG,EGP,30.9,9,1800.0,0.0918,16200.0,1487.16,14712.84,6480.0,8232.84,1.0,,0,454626.76
L0001371,INV-2024-000677,INV,,20240202,202402,32,3,372,7,EG,EGP,30.9,7,1200.0,0.2,8400.0,1680.0,6720.0,2520.0,4200.0,1.0,,0,207648.0
L0001178,INV-2024-000570,INV,,20240203,202402,23,2,294,3,EG,EGP,30.9,1,3600.0,0.0895,3600.0,322.2,3277.8,1620.0,1657.8,1.0,,0,101284.02
L0001017,INV-2024-000477,INV,,20240204,202402,15,1,36,1,EG,EGP,30.9,1,2400.0,0.1251,2400.0,300.24,2099.76,1320.0,779.76,1.0,,0,64882.58
L0001064,INV-2024-000498,INV,,20240204,202402,18,2,189,17,EG,EGP,30.9,1,450.0,0.0217,450.0,9.77,440.23,337.5,102.73,1.0,,0,13603.26
L0001217,INV-2024-000594,INV,,20240204,202402,25,2,191,8,EG,EGP,30.9,1,1500.0,0.0564,1500.0,84.6,1415.4,1050.0,365.4,1.0,,0,43735.86
L0001398,INV-2024-000691,INV,,20240204,202402,34,3,364,7,EG,EGP,30.9,3,1200.0,0.1705,3600.0,613.8,2986.2,1080.0,1906.2,1.0,,0,92273.58
L0000948,INV-2024-000451,INV,,20240204,202402,10,1,14,1,EG,EGP,30.9,1,2400.0,0.1468,2400.0,352.32,2047.68,1320.0,727.68,1.0,,0,63273.31
L0001020,INV-2024-000477,INV,,20240204,202402,15,1,36,18,EG,EGP,30.9,2,800.0,0.1156,1600.0,184.96,1415.04,880.0,535.04,1.0,,0,43724.74
L0001374,INV-2024-000678,INV,,20240204,202402,33,3,342,15,EG,EGP,30.9,1,1100.0,0.1785,1100.0,196.35,903.65,858.0,45.65,1.0,,0,27922.78
L0001603,INV-2024-000782,INV,,20240205,202402,48,5,545,10,SA,SAR,3.75,1,3000.0,0.0,3000.0,0.0,3000.0,900.0,2100.0,1.25,,0,11250.0
L0001209,INV-2024-000590,INV,,20240205,202402,24,2,243,5,EG,EGP,30.9,1,1800.0,0.1256,1800.0,226.08,1573.92,720.0,853.92,1.0,,0,48634.13
L0001317,INV-2024-000651,INV,,20240205,202402,29,3,368,10,EG,EGP,30.9,1,3000.0,0.204,3000.0,612.0,2388.0,900.0,1488.0,1.25,,0,73789.2
L0001728,INV-2024-000859,INV,,20240205,202402,53,5,644,12,SA,SAR,3.75,1,4800.0,0.1327,4800.0,636.96,4163.04,2160.0,2003.04,1.25,,0,15611.4
L0001072,INV-2024-000502,INV,,20240205,202402,19,2,235,1,EG,EGP,30.9,1,2400.0,0.0291,2400.0,69.84,2330.16,1320.0,1010.16,1.0,,0,72001.94
L0002054,INV-2024-001001,INV,,20240205,202402,74,8,923,20,OM,OMR,0.3845,1,1500.0,0.057,1500.0,85.49,1414.51,750.0,664.51,1.0,,0,543.88
L0000941,INV-2024-000449,INV,,20240205,202402,10,1,43,20,EG,EGP,30.9,1,1500.0,0.1549,1500.0,232.35,1267.65,750.0,517.65,1.0,,0,39170.38
L0001931,INV-2024-000941,INV,,20240205,202402,66,7,801,16,AE,AED,3.6725,1,2200.0,0.1744,2200.0,383.68,1816.32,1760.0,56.32,1.0,,0,6670.44
L0001638,INV-2024-000805,INV,,20240206,202402,50,5,446,7,SA,SAR,3.75,1,1200.0,0.0711,1200.0,85.32,1114.68,360.0,754.68,1.0,,0,4180.05
L0001122,INV-2024-000532,INV,,20240206,202402,21,2,304,7,EG,EGP,30.9,1,1200.0,0.0178,1200.0,21.36,1178.64,360.0,818.64,1.0,,0,36419.98
L0001693,INV-2024-000838,INV,,20240207,202402,52,5,545,12,SA,SAR,3.75,1,4800.0,0.0364,4800.0,174.72,4625.28,2160.0,2465.28,1.25,,0,17344.8
L0001799,INV-2024-000893,INV,,20240207,202402,58,6,719,9,AE,AED,3.6725,1,6000.0,0.1011,6000.0,606.6,5393.4,2100.0,3293.4,1.25,,0,19807.26
L0001432,INV-2024-000706,INV,,20240207,202402,37,4,382,7,SA,SAR,3.75,9,1200.0,0.1442,10800.0,1557.36,9242.64,3240.0,6002.64,1.0,,0,34659.9
L0001390,INV-2024-000686,INV,,20240207,202402,34,3,343,17,EG,EGP,30.9,1,450.0,0.1819,450.0,81.86,368.14,337.5,30.64,1.0,,0,11375.68
L0001670,INV-2024-000827,INV,,20240208,202402,51,5,596,17,SA,SAR,3.75,5,450.0,0.0469,2250.0,105.53,2144.47,1687.5,456.97,1.0,,0,8041.78
L0001760,INV-2024-000876,INV,,20240208,202402,55,5,569,10,SA,SAR,3.75,1,3000.0,0.0095,3000.0,28.5,2971.5,900.0,2071.5,1.25,,0,11143.12
L0001539,INV-2024-000748,INV,,20240208,202402,45,4,394,1,SA,SAR,3.75,1,2400.0,0.1272,2400.0,305.28,2094.72,1320.0,774.72,1.0,,0,7855.2
L0001759,INV-2024-000876,INV,,20240208,202402,55,5,569,12,SA,SAR,3.75,1,4800.0,0.0084,4800.0,40.32,4759.68,2160.0,2599.68,1.25,,0,17848.8
L0001815,INV-2024-000899,INV,,20240208,202402,59,6,738,10,AE,AED,3.6725,2,3000.0,0.2009,6000.0,1205.4,4794.6,1800.0,2994.6,1.25,,0,17608.17
L0001831,INV-2024-000905,INV,,20240209,202402,60,6,737,12,AE,AED,3.6725,1,4800.0,0.1371,4800.0,658.08,4141.92,2160.0,1981.92,1.25,,0,15211.2
L0001184,INV-2024-000575,INV,,20240209,202402,24,2,202,17,EG,EGP,30.9,3,450.0,0.1293,1350.0,174.56,1175.44,1012.5,162.94,1.0,,0,36321.25
L0001833,INV-2024-000905,INV,,20240209,202402,60,6,737,10,AE,AED,3.6725,1,3000.0,0.143,3000.0,429.0,2571.0,900.0,1671.0,1.25,,0,9442.0
L0001955,INV-2024-000951,INV,,20240209,202402,69,7,814,17,AE,AED,3.6725,5,450.0,0.1902,2249.99,427.95,1822.04,1687.5,134.54,1.0,,0,6691.46
L0001318,INV-2024-000652,INV,,20240210,202402,29,3,365,8,EG,EGP,30.9,4,1500.0,0.2064,6000.0,1238.4,4761.6,4200.0,561.6,1.0,,0,147133.44
L0001779,INV-2024-000887,INV,,20240210,202402,56,6,754,8,AE,AED,3.6725,15,1500.0,0.1514,22500.0,3406.5,19093.5,15750.0,3343.5,1.0,,0,70120.88
L0001904,INV-2024-000929,INV,,20240210,202402,65,7,801,8,AE,AED,3.6725,10,1500.0,0.1306,15000.0,1959.0,13041.0,10500.0,2541.0,1.0,,0,47893.07
L0001016,INV-2024-000476,INV,,20240210,202402,15,1,70,12,EG,EGP,30.9,1,4800.0,0.0965,4800.0,463.2,4336.8,2160.0,2176.8,1.25,,0,134007.12
L0001391,INV-2024-000687,INV,,20240210,202402,34,3,359,16,EG,EGP,30.9,1,2200.0,0.1474,2200.0,324.28,1875.72,1760.0,115.72,1.0,,0,57959.75
L0001285,INV-2024-000636,INV,,20240210,202402,28,2,100,17,EG,EGP,30.9,1,450.0,0.0332,450.0,14.94,435.06,337.5,97.56,1.0,,0,13443.35
L0001777,INV-2024-000887,INV,,20240210,202402,56,6,754,13,AE,AED,3.6725,1,12000.0,0.172,12000.0,2064.0,9936.0,5040.0,4896.0,1.25,,0,36489.96
L0001156,INV-2024-000555,INV,,20240211,202402,23,2,308,17,EG,EGP,30.9,4,450.0,0.0868,1800.0,156.24,1643.76,1350.0,293.76,1.0,,0,50792.18
L0001617,INV-2024-000792,INV,,20240211,202402,49,5,698,5,SA,SAR,3.75,2,1800.0,0.075,3600.0,270.0,3330.0,1440.0,1890.0,1.0,,0,12487.5
L0001768,INV-2024-000881,INV,,20240211,202402,55,5,529,1,SA,SAR,3.75,3,2400.0,0.0387,7200.0,278.64,6921.36,3960.0,2961.36,1.0,,0,25955.1
L0001966,INV-2024-000957,INV,,20240211,202402,70,7,811,9,AE,AED,3.6725,3,6000.0,0.1136,18000.0,2044.8,15955.2,6300.0,9655.2,1.25,,0,58595.47
L0001175,INV-2024-000568,INV,,20240211,202402,23,2,114,10,EG,EGP,30.9,1,3000.0,0.0848,3000.0,254.4,2745.6,900.0,1845.6,1.25,,0,84839.04
L0001813,INV-2024-000898,INV,,20240211,202402,59,6,721,1,AE,USD,1.0,15,2400.0,0.1516,36000.0,5457.6,30542.4,19800.0,10742.4,1.0,,0,30542.4
L0001551,INV-2024-000752,INV,,20240211,202402,45,4,432,10,SA,SAR,3.75,1,3000.0,0.1187,3000.0,356.1,2643.9,900.0,1743.9,1.25,,0,9914.62
L0001080,INV-2024-000510,INV,,20240212,202402,19,2,132,1,EG,EGP,30.9,1,2400.0,0.0698,2400.0,167.52,2232.48,1320.0,912.48,1.0,,0,68983.63
L0000936,INV-2024-000447,INV,,20240212,202402,10,1,54,10,EG,EGP,30.9,1,3000.0,0.1461,3000.0,438.3,2561.7,900.0,1661.7,1.25,,0,79156.53
L0000988,INV-2024-000465,INV,,20240212,202402,13,1,31,18,EG,EGP,30.9,1,800.0,0.1981,800.0,158.48,641.52,440.0,201.52,1.0,,0,19822.97
L0000990,INV-2024-000465,INV,,20240212,202402,13,1,31,5,EG,EGP,30.9,2,1800.0,0.1642,3600.0,591.12,3008.88,1440.0,1568.88,1.0,,0,92974.39
L0001524,INV-2024-000743,INV,,20240212,202402,44,4,422,12,SA,SAR,3.75,3,4800.0,0.1611,14400.0,2319.84,12080.16,6480.0,5600.16,1.25,,0,45300.6
L0000997,INV-2024-000468,INV,,20240213,202402,14,1,45,10,EG,EGP,30.9,9,3000.0,0.1302,27000.0,3515.4,23484.6,8100.0,15384.6,1.25,,0,725674.14
L0001078,INV-2024-000508,INV,,20240213,202402,19,2,307,7,EG,EGP,30.9,2,1200.0,0.0175,2400.0,42.0,2358.0,720.0,1638.0,1.0,,0,72862.2
L0030769,CN-2024-00019,CN,INV-2024-000672,20240213,202402,31,3,338,15,EG,EGP,30.9,-2,1100.0,0.204,-2200.0,-448.8,-1751.2,-1716.0,-35.2,1.0,9.0,0,-54112.08
L0000921,INV-2024-000442,INV,,20240213,202402,9,1,18,4,EG,EGP,30.9,1,9000.0,0.0896,9000.0,806.4,8193.6,4950.0,3243.6,1.0,,0,253182.24
L0030768,CN-2024-00019,CN,INV-2024-000672,20240213,202402,31,3,338,10,EG,EGP,30.9,-1,3000.0,0.1875,-3000.0,-562.5,-2437.5,-900.0,-1537.5,1.25,9.0,0,-75318.75
L0001802,INV-2024-000894,INV,,20240213,202402,58,6,734,5,AE,AED,3.6725,2,1800.0,0.1082,3600.0,389.52,3210.48,1440.0,1770.48,1.0,,0,11790.49
L0001666,INV-2024-000825,INV,,20240213,202402,51,5,450,1,SA,SAR,3.75,2,2400.0,0.0355,4800.0,170.4,4629.6,2640.0,1989.6,1.0,,0,17361.0
L0001864,INV-2024-000915,INV,,20240214,202402,62,6,760,15,AE,AED,3.6725,4,1100.0,0.1334,4400.0,586.96,3813.04,3432.0,381.04,1.0,,0,14003.39
L0001493,INV-2024-000729,INV,,20240214,202402,41,4,394,3,SA,SAR,3.75,3,3600.0,0.0496,10800.0,535.68,10264.32,4860.0,5404.32,1.0,,0,38491.2
L0001863,INV-2024-000915,INV,,20240214,202402,62,6,760,12,AE,AED,3.6725,1,4800.0,0.1493,4800.0,716.64,4083.36,2160.0,1923.36,1.25,,0,14996.14
L0001912,INV-2024-000932,INV,,20240214,202402,66,7,808,1,AE,AED,3.6725,1,2400.0,0.1785,2400.0,428.4,1971.6,1320.0,651.6,1.0,,0,7240.7
L0001284,INV-2024-000635,INV,,20240214,202402,28,2,306,18,EG,EGP,30.9,2,800.0,0.0789,1600.0,126.24,1473.76,880.0,593.76,1.0,,0,45539.18
L0001628,INV-2024-000798,INV,,20240214,202402,49,5,561,12,SA,SAR,3.75,1,4800.0,0.05,4800.0,240.0,4560.0,2160.0,2400.0,1.25,,0,17100.0
L0001714,INV-2024-000850,INV,,20240214,202402,53,5,545,10,SA,SAR,3.75,1,3000.0,0.0927,3000.0,278.1,2721.9,900.0,1821.9,1.25,,0,10207.12
L0001347,INV-2024-000666,INV,,20240214,202402,31,3,375,9,EG,EGP,30.9,1,6000.0,0.1951,6000.0,1170.6,4829.4,2100.0,2729.4,1.25,,0,149228.46
L0001127,INV-2024-000536,INV,,20240215,202402,21,2,243,10,EG,EGP,30.9,1,3000.0,0.014,3000.0,42.0,2958.0,900.0,2058.0,1.25,,0,91402.2
L0001900,INV-2024-000926,INV,,20240215,202402,65,7,783,1,AE,AED,3.6725,1,2400.0,0.1481,2400.0,355.44,2044.56,1320.0,724.56,1.0,,0,7508.65
L0001886,INV-2024-000923,INV,,20240215,202402,63,6,749,10,AE,AED,3.6725,3,3000.0,0.0844,9000.0,759.6,8240.4,2700.0,5540.4,1.25,,0,30262.87
L0001899,INV-2024-000926,INV,,20240215,202402,65,7,783,12,AE,AED,3.6725,1,4800.0,0.1868,4800.0,896.64,3903.36,2160.0,1743.36,1.25,,0,14335.09
L0001377,INV-2024-000680,INV,,20240215,202402,33,3,349,8,EG,EGP,30.9,1,1500.0,0.1815,1500.0,272.25,1227.75,1050.0,177.75,1.0,,0,37937.48
L0001378,INV-2024-000680,INV,,20240215,202402,33,3,349,1,EG,EGP,30.9,1,2400.0,0.1859,2400.0,446.16,1953.84,1320.0,633.84,1.0,,0,60373.66
L0001594,INV-2024-000776,INV,,20240216,202402,47,5,618,1,SA,SAR,3.75,1,2400.0,0.0561,2400.0,134.64,2265.36,1320.0,945.36,1.0,,0,8495.1
L0001807,INV-2024-000895,INV,,20240216,202402,58,6,768,16,AE,AED,3.6725,1,2200.0,0.0983,2200.0,216.26,1983.74,1760.0,223.74,1.0,,0,7285.29
L0001750,INV-2024-000870,INV,,20240216,202402,54,5,535,15,SA,SAR,3.75,1,1100.0,0.0928,1100.0,102.08,997.92,858.0,139.92,1.0,,0,3742.2
L0001312,INV-2024-000649,INV,,20240216,202402,29,3,342,15,EG,EGP,30.9,2,1100.0,0.2154,2200.0,473.88,1726.12,1716.0,10.12,1.0,,0,53337.11
L0001786,INV-2024-000890,INV,,20240216,202402,57,6,748,8,AE,AED,3.6725,7,1500.0,0.0736,10500.0,772.8,9727.2,7350.0,2377.2,1.0,,0,35723.14
L0001645,INV-2024-000809,INV,,20240216,202402,50,5,541,20,SA,SAR,3.75,2,1500.0,0.0462,3000.0,138.6,2861.4,1500.0,1361.4,1.0,,0,10730.25
L0001025,INV-2024-000478,INV,,20240216,202402,16,1,8,10,EG,EGP,30.9,1,3000.0,0.1057,3000.0,317.1,2682.9,900.0,1782.9,1.25,,0,82901.61
L0001022,INV-2024-000478,INV,,20240216,202402,16,1,8,12,EG,EGP,30.9,1,4800.0,0.0987,4800.0,473.76,4326.24,2160.0,2166.24,1.25,,0,133680.82
L0001710,INV-2024-000848,INV,,20240217,202402,52,5,640,7,SA,SAR,3.75,1,1200.0,0.0737,1200.0,88.44,1111.56,360.0,751.56,1.0,,0,4168.35
L0001984,INV-2024-000965,INV,,20240217,202402,70,7,793,9,AE,AED,3.6725,1,6000.0,0.0792,6000.0,475.2,5524.8,2100.0,3424.8,1.25,,0,20289.83
L0001226,INV-2024-000600,INV,,20240217,202402,25,2,281,5,EG,EGP,30.9,1,1800.0,0.0575,1800.0,103.5,1696.5,720.0,976.5,1.0,,0,52421.85
L0030746,CN-2024-00005,CN,INV-2024-000274,20240217,202402,51,5,669,12,SA,SAR,3.75,-1,4800.0,0.07,-4800.0,-336.0,-4464.0,-2160.0,-2304.0,1.25,19.0,0,-16740.0
L0002012,INV-2024-000978,INV,,20240217,202402,71,7,803,7,AE,AED,3.6725,1,1200.0,0.148,1200.0,177.6,1022.4,360.0,662.4,1.0,,0,3754.76
L0001892,INV-2024-000924,INV,,20240217,202402,64,6,750,3,AE,AED,3.6725,4,3600.0,0.1032,14400.0,1486.08,12913.92,6480.0,6433.92,1.0,,0,47426.37
L0001355,INV-2024-000670,INV,,20240217,202402,31,3,342,20,EG,EGP,30.9,1,1500.0,0.1658,1500.0,248.7,1251.3,750.0,501.3,1.0,,0,38665.17
L0001356,INV-2024-000670,INV,,20240217,202402,31,3,342,7,EG,EGP,30.9,1,1200.0,0.2068,1200.0,248.16,951.84,360.0,591.84,1.0,,0,29411.86
L0001153,INV-2024-000553,INV,,20240218,202402,23,2,94,18,EG,EGP,30.9,2,800.0,0.0584,1600.0,93.44,1506.56,880.0,626.56,1.0,,0,46552.7
L0001869,INV-2024-000917,INV,,20240218,202402,63,6,715,20,AE,USD,1.0,8,1500.0,0.0824,12000.0,988.8,11011.2,6000.0,5011.2,1.0,,0,11011.2
L0001449,INV-2024-000714,INV,,20240218,202402,38,4,409,10,SA,SAR,3.75,1,3000.0,0.115,3000.0,345.0,2655.0,900.0,1755.0,1.25,,0,9956.25
L0001868,INV-2024-000917,INV,,20240218,202402,63,6,715,5,AE,USD,1.0,3,1800.0,0.0761,5400.0,410.94,4989.06,2160.0,2829.06,1.0,,0,4989.06
L0001478,INV-2024-000723,INV,,20240218,202402,40,4,435,10,SA,SAR,3.75,5,3000.0,0.1126,15000.0,1689.0,13311.0,4500.0,8811.0,1.25,,0,49916.25
L0001902,INV-2024-000927,INV,,20240219,202402,65,7,783,8,AE,AED,3.6725,4,1500.0,0.206,6000.0,1236.0,4764.0,4200.0,564.0,1.0,,0,17495.79
L0000981,INV-2024-000463,INV,,20240219,202402,13,1,23,1,EG,EGP,30.9,2,2400.0,0.1527,4800.0,732.96,4067.04,2640.0,1427.04,1.0,,0,125671.54
L0001901,INV-2024-000927,INV,,20240219,202402,65,7,783,1,AE,AED,3.6725,1,2400.0,0.1565,2400.0,375.6,2024.4,1320.0,704.4,1.0,,0,7434.61
L0002116,INV-2024-001037,INV,,20240220,202402,77,8,871,1,OM,OMR,0.3845,1,2400.0,0.0605,2400.0,145.2,2254.8,1320.0,934.8,1.0,,0,866.97
L0001989,INV-2024-000967,INV,,20240220,202402,70,7,784,10,AE,AED,3.6725,2,3000.0,0.0916,6000.0,549.6,5450.4,1800.0,3650.4,1.25,,0,20016.59
L0002056,INV-2024-001002,INV,,20240220,202402,74,8,868,5,OM,OMR,0.3845,2,1800.0,0.0319,3600.0,114.85,3485.15,1440.0,2045.15,1.0,,0,1340.04
L0001466,INV-2024-000720,INV,,20240220,202402,40,4,381,3,SA,SAR,3.75,1,3600.0,0.1282,3600.0,461.52,3138.48,1620.0,1518.48,1.0,,0,11769.3
L0001044,INV-2024-000486,INV,,20240220,202402,17,1,19,20,EG,EGP,30.9,1,1500.0,0.0976,1500.0,146.4,1353.6,750.0,603.6,1.0,,0,41826.24
L0001482,INV-2024-000725,INV,,20240221,202402,40,4,395,17,SA,SAR,3.75,59,450.0,0.0804,26550.0,2134.62,24415.38,19912.5,4502.88,1.0,,0,91557.68
L0001413,INV-2024-000700,INV,,20240221,202402,36,4,402,12,SA,SAR,3.75,5,4800.0,0.0837,24000.0,2008.8,21991.2,10800.0,11191.2,1.25,,0,82467.0
L0001943,INV-2024-000946,INV,,20240221,202402,68,7,811,15,AE,AED,3.6725,2,1100.0,0.1762,2200.0,387.64,1812.36,1716.0,96.36,1.0,,0,6655.89
L0001664,INV-2024-000824,INV,,20240221,202402,51,5,673,17,SA,SAR,3.75,1,450.0,0.0403,450.0,18.14,431.86,337.5,94.36,1.0,,0,1619.49
L0001203,INV-2024-000586,INV,,20240221,202402,24,2,245,10,EG,EGP,30.9,1,3000.0,0.1045,3000.0,313.5,2686.5,900.0,1786.5,1.25,,0,83012.85
L0001204,INV-2024-000586,INV,,20240221,202402,24,2,245,7,EG,EGP,30.9,1,1200.0,0.0789,1200.0,94.68,1105.32,360.0,745.32,1.0,,0,34154.39
L0001646,INV-2024-000810,INV,,20240222,202402,50,5,666,17,SA,SAR,3.75,9,450.0,0.0791,4050.0,320.35,3729.65,3037.5,692.15,1.0,,0,13986.17
L0001232,INV-2024-000603,INV,,20240222,202402,25,2,77,16,EG,EGP,30.9,1,2200.0,0.0228,2200.0,50.16,2149.84,1760.0,389.84,1.0,,0,66430.06
L0001474,INV-2024-000722,INV,,20240222,202402,40,4,426,7,SA,SAR,3.75,7,1200.0,0.1028,8400.0,863.52,7536.48,2520.0,5016.48,1.0,,0,28261.8
L0001138,INV-2024-000543,INV,,20240222,202402,22,2,294,1,EG,EGP,30.9,1,2400.0,0.0342,2400.0,82.08,2317.92,1320.0,997.92,1.0,,0,71623.73
L0001231,INV-2024-000603,INV,,20240222,202402,25,2,77,7,EG,EGP,30.9,1,1200.0,0.0422,1200.0,50.64,1149.36,360.0,789.36,1.0,,0,35515.22
L0002102,INV-2024-001028,INV,,20240223,202402,77,8,838,1,OM,OMR,0.3845,1,2400.0,0.0462,2400.0,110.87,2289.13,1320.0,969.13,1.0,,0,880.17
L0001991,INV-2024-000968,INV,,20240223,202402,70,7,783,5,AE,AED,3.6725,3,1800.0,0.1436,5400.0,775.44,4624.56,2160.0,2464.56,1.0,,0,16983.7
L0001599,INV-2024-000779,INV,,20240223,202402,47,5,668,1,SA,SAR,3.75,1,2400.0,0.0482,2400.0,115.68,2284.32,1320.0,964.32,1.0,,0,8566.2
L0001687,INV-2024-000835,INV,,20240223,202402,52,5,525,9,SA,SAR,3.75,1,6000.0,0.0588,6000.0,352.8,5647.2,2100.0,3547.2,1.25,,0,21177.0
L0002101,INV-2024-001028,INV,,20240223,202402,77,8,838,10,OM,OMR,0.3845,1,3000.0,0.0703,3000.0,210.9,2789.1,900.0,1889.1,1.25,,0,1072.41
L0001903,INV-2024-000928,INV,,20240224,202402,65,7,780,15,AE,AED,3.6725,6,1100.0,0.1432,6600.0,945.12,5654.88,5148.0,506.88,1.0,,0,20767.55
L0001974,INV-2024-000961,INV,,20240224,202402,70,7,797,8,AE,AED,3.6725,4,1500.0,0.1041,6000.0,624.6,5375.4,4200.0,1175.4,1.0,,0,19741.16
L0001304,INV-2024-000645,INV,,20240224,202402,29,3,333,1,EG,EGP,30.9,1,2400.0,0.2172,2400.0,521.28,1878.72,1320.0,558.72,1.0,,0,58052.45
L0001978,INV-2024-000962,INV,,20240225,202402,70,7,806,16,AE,AED,3.6725,1,2200.0,0.1169,2200.0,257.18,1942.82,1760.0,182.82,1.0,,0,7135.01
L0001690,INV-2024-000836,INV,,20240225,202402,52,5,543,16,SA,SAR,3.75,1,2200.0,0.0549,2200.0,120.78,2079.22,1760.0,319.22,1.0,,0,7797.08
L0001575,INV-2024-000766,INV,,20240225,202402,47,5,656,1,SA,SAR,3.75,2,2400.0,0.0946,4800.0,454.08,4345.92,2640.0,1705.92,1.0,,0,16297.2
L0001933,INV-2024-000942,INV,,20240225,202402,67,7,803,7,AE,AED,3.6725,1,1200.0,0.1872,1200.0,224.64,975.36,360.0,615.36,1.0,,0,3582.01
L0001233,INV-2024-000604,INV,,20240225,202402,25,2,173,1,EG,EGP,30.9,1,2400.0,0.0115,2400.0,27.6,2372.4,1320.0,1052.4,1.0,,0,73307.16
L0001005,INV-2024-000473,INV,,20240225,202402,15,1,35,15,EG,EGP,30.9,2,1100.0,0.1322,2200.0,290.84,1909.16,1716.0,193.16,1.0,,0,58993.04
L0002062,INV-2024-001005,INV,,20240225,202402,74,8,927,5,OM,OMR,0.3845,3,1800.0,0.0491,5400.0,265.15,5134.85,2160.0,2974.85,1.0,,0,1974.35
L0001642,INV-2024-000807,INV,,20240225,202402,50,5,647,7,SA,SAR,3.75,1,1200.0,0.0292,1200.0,35.04,1164.96,360.0,804.96,1.0,,0,4368.6
L0002076,INV-2024-001013,INV,,20240225,202402,74,8,823,1,OM,OMR,0.3845,1,2400.0,0.0028,2400.0,6.71,2393.29,1320.0,1073.29,1.0,,0,920.22
L0001564,INV-2024-000759,INV,,20240225,202402,46,5,451,5,SA,SAR,3.75,2,1800.0,0.0854,3600.0,307.44,3292.56,1440.0,1852.56,1.0,,0,12347.1
L0001386,INV-2024-000685,INV,,20240226,202402,34,3,355,7,EG,EGP,30.9,1,1200.0,0.1846,1200.0,221.52,978.48,360.0,618.48,1.0,,0,30235.03
L0001692,INV-2024-000837,INV,,20240226,202402,52,5,487,5,SA,SAR,3.75,3,1800.0,0.0344,5400.0,185.76,5214.24,2160.0,3054.24,1.0,,0,19553.4
L0000958,INV-2024-000454,INV,,20240226,202402,11,1,15,10,EG,EGP,30.9,2,3000.0,0.1001,6000.0,600.6,5399.4,1800.0,3599.4,1.25,,0,166841.46
L0001952,INV-2024-000950,INV,,20240226,202402,69,7,811,8,AE,AED,3.6725,12,1500.0,0.1681,18000.0,3025.8,14974.2,12600.0,2374.2,1.0,,0,54992.75
L0001735,INV-2024-000863,INV,,20240226,202402,53,5,511,9,SA,SAR,3.75,3,6000.0,0.1063,18000.0,1913.4,16086.6,6300.0,9786.6,1.25,,0,60324.75
L0000957,INV-2024-000454,INV,,20240226,202402,11,1,15,1,EG,EGP,30.9,7,2400.0,0.0895,16800.0,1503.6,15296.4,9240.0,6056.4,1.0,,0,472658.76
L0001529,INV-2024-000744,INV,,20240226,202402,44,4,414,5,SA,SAR,3.75,3,1800.0,0.1559,5400.0,841.86,4558.14,2160.0,2398.14,1.0,,0,17093.02
L0001460,INV-2024-000718,INV,,20240226,202402,40,4,409,12,SA,SAR,3.75,1,4800.0,0.1024,4800.0,491.52,4308.48,2160.0,2148.48,1.25,,0,16156.8
L0001485,INV-2024-000726,INV,,20240226,202402,41,4,387,12,SA,SAR,3.75,2,4800.0,0.0531,9600.0,509.76,9090.24,4320.0,4770.24,1.25,,0,34088.4
L0001259,INV-2024-000618,INV,,20240226,202402,27,2,197,1,EG,EGP,30.9,1,2400.0,0.0394,2400.0,94.56,2305.44,1320.0,985.44,1.0,,0,71238.1
L0001573,INV-2024-000765,INV,,20240226,202402,47,5,685,1,SA,SAR,3.75,2,2400.0,0.1113,4800.0,534.24,4265.76,2640.0,1625.76,1.0,,0,15996.6
L0001501,INV-2024-000732,INV,,20240226,202402,41,4,379,7,SA,SAR,3.75,25,1200.0,0.0481,30000.0,1443.0,28557.0,9000.0,19557.0,1.0,,0,107088.75
L0000959,INV-2024-000454,INV,,20240226,202402,11,1,15,19,EG,EGP,30.9,1,5500.0,0.0754,5500.0,414.7,5085.3,2475.0,2610.3,1.0,,0,157135.77
L0001382,INV-2024-000682,INV,,20240227,202402,34,3,358,16,EG,EGP,30.9,3,2200.0,0.1799,6600.0,1187.34,5412.66,5280.0,132.66,1.0,,1,167251.19
L0001972,INV-2024-000960,INV,,20240227,202402,70,7,792,5,AE,AED,3.6725,3,1800.0,0.1207,5400.0,651.78,4748.22,2160.0,2588.22,1.0,,1,17437.84
L0001423,INV-2024-000703,INV,,20240227,202402,36,4,384,1,SA,SAR,3.75,1,2400.0,0.1254,2400.0,300.96,2099.04,1320.0,779.04,1.0,,1,7871.4
L0000995,INV-2024-000467,INV,,20240227,202402,14,1,10,13,EG,EGP,30.9,1,12000.0,0.1418,12000.0,1701.6,10298.4,5040.0,5258.4,1.25,,1,318220.56
L0001678,INV-2024-000831,INV,,20240227,202402,51,5,493,1,SA,SAR,3.75,1,2400.0,0.0397,2400.0,95.28,2304.72,1320.0,984.72,1.0,,1,8642.7
L0000938,INV-2024-000448,INV,,20240227,202402,10,1,32,18,EG,EGP,30.9,5,800.0,0.1428,4000.0,571.2,3428.8,2200.0,1228.8,1.0,,1,105949.92
L0001084,INV-2024-000512,INV,,20240227,202402,19,2,275,12,EG,EGP,30.9,1,4800.0,0.1097,4800.0,526.56,4273.44,2160.0,2113.44,1.25,,1,132049.3
L0001649,INV-2024-000812,INV,,20240227,202402,50,5,573,1,SA,SAR,3.75,1,2400.0,0.0852,2400.0,204.48,2195.52,1320.0,875.52,1.0,,1,8233.2
L0001327,INV-2024-000655,INV,,20240227,202402,29,3,350,17,EG,EGP,30.9,11,450.0,0.2311,4950.0,1143.94,3806.06,3712.5,93.56,1.0,,1,117607.1
L0000994,INV-2024-000467,INV,,20240227,202402,14,1,10,7,EG,EGP,30.9,1,1200.0,0.1578,1200.0,189.36,1010.64,360.0,650.64,1.0,,1,31228.78
L0001544,INV-2024-000750,INV,,20240228,202402,45,4,382,6,SA,SAR,3.75,1,7500.0,0.1041,7500.0,780.75,6719.25,2850.0,3869.25,1.0,,1,25197.19
L0002063,INV-2024-001006,INV,,20240228,202402,74,8,893,8,OM,OMR,0.3845,2,1500.0,0.08,3000.0,240.0,2760.0,2100.0,660.0,1.0,,1,1061.22
L0001725,INV-2024-000858,INV,,20240228,202402,53,5,605,17,SA,SAR,3.75,3,450.0,0.1096,1350.0,147.96,1202.04,1012.5,189.54,1.0,,1,4507.65
L0001605,INV-2024-000783,INV,,20240228,202402,48,5,500,1,SA,SAR,3.75,1,2400.0,0.0,2400.0,0.0,2400.0,1320.0,1080.0,1.0,,1,9000.0
L0001726,INV-2024-000858,INV,,20240228,202402,53,5,605,18,SA,SAR,3.75,1,800.0,0.139,800.0,111.2,688.8,440.0,248.8,1.0,,1,2583.0
L0001606,INV-2024-000783,INV,,20240228,202402,48,5,500,10,SA,SAR,3.75,1,3000.0,0.0576,3000.0,172.8,2827.2,900.0,1927.2,1.25,,1,10602.0
L0001696,INV-2024-000839,INV,,20240228,202402,52,5,617,17,SA,SAR,3.75,8,450.0,0.0932,3600.0,335.52,3264.48,2700.0,564.48,1.0,,1,12241.8
L0001622,INV-2024-000795,INV,,20240228,202402,49,5,497,1,SA,SAR,3.75,1,2400.0,0.0848,2400.0,203.52,2196.48,1320.0,876.48,1.0,,1,8236.8
L0001102,INV-2024-000520,INV,,20240228,202402,20,2,304,10,EG,EGP,30.9,1,3000.0,0.0819,3000.0,245.7,2754.3,900.0,1854.3,1.25,,1,85107.87
L0001597,INV-2024-000778,INV,,20240228,202402,47,5,625,1,SA,SAR,3.75,1,2400.0,0.1109,2400.0,266.16,2133.84,1320.0,813.84,1.0,,1,8001.9
L0002083,INV-2024-001017,INV,,20240229,202402,75,8,937,7,OM,OMR,0.3845,1,1200.0,0.085,1200.0,102.0,1098.0,360.0,738.0,1.0,,1,422.18
L0001909,INV-2024-000931,INV,,20240229,202402,66,7,800,15,AE,AED,3.6725,9,1100.0,0.2032,9900.0,2011.68,7888.32,7722.0,166.32,1.0,,1,28969.86
L0001601,INV-2024-000780,INV,,20240229,202402,47,5,536,3,SA,SAR,3.75,1,3600.0,0.0728,3600.0,262.08,3337.92,1620.0,1717.92,1.0,,1,12517.2
L0002086,INV-2024-001019,INV,,20240229,202402,75,8,909,5,OM,OMR,0.3845,3,1800.0,0.1104,5400.0,596.15,4803.85,2160.0,2643.85,1.0,,1,1847.08
L0002068,INV-2024-001008,INV,,20240229,202402,74,8,871,1,OM,OMR,0.3845,1,2400.0,0.067,2400.0,160.81,2239.19,1320.0,919.19,1.0,,1,860.97
L0001615,INV-2024-000790,INV,,20240229,202402,48,5,481,18,SA,SAR,3.75,2,800.0,0.0,1600.0,0.0,1600.0,880.0,720.0,1.0,,1,6000.0
L0001738,INV-2024-000865,INV,,20240229,202402,54,5,479,1,SA,SAR,3.75,1,2400.0,0.0988,2400.0,237.12,2162.88,1320.0,842.88,1.0,,1,8110.8
L0001911,INV-2024-000931,INV,,20240229,202402,66,7,800,1,AE,AED,3.6725,2,2400.0,0.2345,4800.0,1125.6,3674.4,2640.0,1034.4,1.0,,1,13494.23
L0001294,INV-2024-000642,INV,,20240229,202402,28,2,181,7,EG,EGP,30.9,1,1200.0,0.0766,1200.0,91.92,1108.08,360.0,748.08,1.0,,1,34239.67
L0002058,INV-2024-001003,INV,,20240229,202402,74,8,862,10,OM,OMR,0.3845,1,3000.0,0.0319,3000.0,95.71,2904.29,900.0,2004.29,1.25,,1,1116.7
L0001632,INV-2024-000801,INV,,20240229,202402,49,5,552,8,SA,SAR,3.75,2,1500.0,0.039,3000.0,117.0,2883.0,2100.0,783.0,1.0,,1,10811.25
L0001631,INV-2024-000801,INV,,20240229,202402,49,5,552,18,SA,SAR,3.75,2,800.0,0.0579,1600.0,92.64,1507.36,880.0,627.36,1.0,,1,5652.6
L0002996,INV-2024-001467,INV,,20240301,202403,59,6,732,3,AE,AED,3.6725,2,3600.0,0.1546,7200.0,1113.12,6086.88,3240.0,2846.88,1.0,,0,22354.07
L0002989,INV-2024-001464,INV,,20240301,202403,59,6,723,6,AE,AED,3.6725,2,7500.0,0.1526,15000.0,2289.0,12711.0,5700.0,7011.0,1.0,,0,46681.15
L0003119,INV-2024-001523,INV,,20240301,202403,69,7,817,3,AE,AED,3.6725,2,3600.0,0.1961,7200.0,1411.92,5788.08,3240.0,2548.08,1.0,,0,21256.72
L0002467,INV-2024-001207,INV,,20240301,202403,27,2,167,1,EG,EGP,47.4133,1,2400.0,0.0283,2400.0,67.92,2332.08,1320.0,1012.08,1.0,,0,110571.61
L0002878,INV-2024-001411,INV,,20240301,202403,53,5,515,8,SA,SAR,3.75,3,1500.0,0.0913,4500.0,410.85,4089.15,3150.0,939.15,1.0,,0,15334.31
L0002404,INV-2024-001171,INV,,20240301,202403,24,2,188,1,EG,EGP,47.4133,2,2400.0,0.1131,4800.0,542.88,4257.12,2640.0,1617.12,1.0,,0,201844.11
L0002603,INV-2024-001271,INV,,20240302,202403,33,3,360,15,EG,EGP,47.4133,1,1100.0,0.2058,1100.0,226.38,873.62,858.0,15.62,1.0,,0,41421.21
L0003170,INV-2024-001548,INV,,20240302,202403,71,7,786,10,AE,AED,3.6725,1,3000.0,0.1751,3000.0,525.3,2474.7,900.0,1574.7,1.25,,0,9088.34
L0003225,INV-2024-001584,INV,,20240303,202403,77,8,968,16,OM,OMR,0.3845,3,2200.0,0.0421,6600.0,277.87,6322.13,5280.0,1042.13,1.0,,0,2430.86
L0002311,INV-2024-001116,INV,,20240303,202403,19,2,179,15,EG,EGP,47.4133,2,1100.0,0.0507,2200.0,111.54,2088.46,1716.0,372.46,1.0,,0,99020.78
L0002150,INV-2024-001053,INV,,20240303,202403,11,1,15,1,EG,EGP,47.4133,1,2400.0,0.0734,2400.0,176.16,2223.84,1320.0,903.84,1.0,,0,105439.59
L0002234,INV-2024-001084,INV,,20240303,202403,14,1,63,10,EG,EGP,47.4133,1,3000.0,0.1099,3000.0,329.7,2670.3,900.0,1770.3,1.25,,0,126607.73
L0002149,INV-2024-001052,INV,,20240304,202403,10,1,66,10,EG,EGP,47.4133,1,3000.0,0.082,3000.0,246.0,2754.0,900.0,1854.0,1.25,,0,130576.23
L0002939,INV-2024-001447,INV,,20240304,202403,55,5,695,12,SA,SAR,3.75,1,4800.0,0.0446,4800.0,214.08,4585.92,2160.0,2425.92,1.25,,0,17197.2
L0002944,INV-2024-001449,INV,,20240304,202403,56,6,764,10,AE,AED,3.6725,1,3000.0,0.1644,3000.0,493.2,2506.8,900.0,1606.8,1.25,,0,9206.22
L0003141,INV-2024-001535,INV,,20240305,202403,70,7,799,10,AE,AED,3.6725,1,3000.0,0.0999,3000.0,299.7,2700.3,900.0,1800.3,1.25,,0,9916.85
L0002135,INV-2024-001046,INV,,20240305,202403,10,1,11,1,EG,EGP,47.4133,1,2400.0,0.1139,2400.0,273.36,2126.64,1320.0,806.64,1.0,,0,100831.02
L0003075,INV-2024-001498,INV,,20240305,202403,65,7,790,18,AE,AED,3.6725,2,800.0,0.1869,1600.0,299.04,1300.96,880.0,420.96,1.0,,0,4777.78
L0003130,INV-2024-001531,INV,,20240305,202403,69,7,811,10,AE,AED,3.6725,1,3000.0,0.1881,3000.0,564.3,2435.7,900.0,1535.7,1.25,,0,8945.11
L0002501,INV-2024-001226,INV,,20240305,202403,28,2,217,12,EG,EGP,47.4133,1,4800.0,0.0503,4800.0,241.44,4558.56,2160.0,2398.56,1.25,,0,216136.37
L0002957,INV-2024-001455,INV,,20240306,202403,57,6,711,12,AE,AED,3.6725,2,4800.0,0.1124,9600.0,1079.04,8520.96,4320.0,4200.96,1.25,,0,31293.23
L0002667,INV-2024-001305,INV,,20240306,202403,36,4,416,12,SA,SAR,3.75,1,4800.0,0.1198,4800.0,575.04,4224.96,2160.0,2064.96,1.25,,0,15843.6
L0002598,INV-2024-001269,INV,,20240306,202403,33,3,339,1,EG,EGP,47.4133,2,2400.0,0.1693,4800.0,812.64,3987.36,2640.0,1347.36,1.0,,0,189053.9
L0002757,INV-2024-001339,INV,,20240307,202403,46,5,469,1,SA,SAR,3.75,3,2400.0,0.0704,7200.0,506.88,6693.12,3960.0,2733.12,1.0,,0,25099.2
L0002300,INV-2024-001111,INV,,20240307,202403,18,2,183,12,EG,EGP,47.4133,1,4800.0,0.0414,4800.0,198.72,4601.28,2160.0,2441.28,1.25,,0,218161.87
L0002531,INV-2024-001241,INV,,20240307,202403,29,3,351,7,EG,EGP,47.4133,2,1200.0,0.1841,2400.0,441.84,1958.16,720.0,1238.16,1.0,,0,92842.83
L0003012,INV-2024-001472,INV,,20240308,202403,61,6,727,18,AE,AED,3.6725,5,800.0,0.0354,4000.0,141.6,3858.4,2200.0,1658.4,1.0,,0,14169.97
L0003021,INV-2024-001476,INV,,20240308,202403,62,6,737,10,AE,AED,3.6725,1,3000.0,0.1521,3000.0,456.3,2543.7,900.0,1643.7,1.25,,0,9341.74
L0002314,INV-2024-001118,INV,,20240308,202403,19,2,170,12,EG,EGP,47.4133,1,4800.0,0.0293,4800.0,140.64,4659.36,2160.0,2499.36,1.25,,0,220915.63
L0002965,INV-2024-001457,INV,,20240308,202403,57,6,747,14,AE,AED,3.6725,1,9600.0,0.1342,9600.0,1288.32,8311.68,4800.0,3511.68,1.25,,0,30524.64
L0002504,INV-2024-001227,INV,,20240308,202403,28,2,134,1,EG,EGP,47.4133,1,2400.0,0.0801,2400.0,192.24,2207.76,1320.0,887.76,1.0,,0,104677.19
L0002426,INV-2024-001184,INV,,20240309,202403,25,2,165,15,EG,EGP,47.4133,2,1100.0,0.0093,2200.0,20.46,2179.54,1716.0,463.54,1.0,,0,103339.18
L0002844,INV-2024-001391,INV,,20240309,202403,51,5,697,12,SA,SAR,3.75,1,4800.0,0.0412,4800.0,197.76,4602.24,2160.0,2442.24,1.25,,0,17258.4
L0002486,INV-2024-001217,INV,,20240309,202403,27,2,141,1,EG,EGP,47.4133,1,2400.0,0.0169,2400.0,40.56,2359.44,1320.0,1039.44,1.0,,0,111868.84
L0002580,INV-2024-001262,INV,,20240309,202403,32,3,371,15,EG,EGP,47.4133,3,1100.0,0.2294,3300.0,757.02,2542.98,2574.0,-31.02,1.0,,0,120571.07
L0002846,INV-2024-001393,INV,,20240309,202403,51,5,487,1,SA,SAR,3.75,1,2400.0,0.0136,2400.0,32.64,2367.36,1320.0,1047.36,1.0,,0,8877.6
L0003087,INV-2024-001506,INV,,20240309,202403,66,7,806,1,AE,AED,3.6725,2,2400.0,0.2146,4800.0,1030.08,3769.92,2640.0,1129.92,1.0,,0,13845.03
L0002632,INV-2024-001288,INV,,20240310,202403,34,3,363,17,EG,EGP,47.4133,7,450.0,0.1854,3150.0,584.01,2565.99,2362.5,203.49,1.0,,0,121662.03
L0003033,INV-2024-001480,INV,,20240310,202403,63,6,749,12,AE,AED,3.6725,1,4800.0,0.0844,4800.0,405.12,4394.88,2160.0,2234.88,1.25,,0,16140.2
L0003150,INV-2024-001539,INV,,20240310,202403,70,7,803,7,AE,AED,3.6725,1,1200.0,0.0969,1200.0,116.28,1083.72,360.0,723.72,1.0,,0,3979.96
L0002775,INV-2024-001348,INV,,20240310,202403,47,5,537,1,SA,SAR,3.75,1,2400.0,0.1047,2400.0,251.28,2148.72,1320.0,828.72,1.0,,0,8057.7
L0002984,INV-2024-001462,INV,,20240311,202403,59,6,769,18,AE,USD,1.0,8,800.0,0.1133,6400.0,725.12,5674.88,3520.0,2154.88,1.0,,0,5674.88
L0002331,INV-2024-001127,INV,,20240311,202403,19,2,225,7,EG,EGP,47.4133,2,1200.0,0.0706,2400.0,169.44,2230.56,720.0,1510.56,1.0,,0,105758.21
L0002956,INV-2024-001454,INV,,20240311,202403,57,6,717,12,AE,AED,3.6725,3,4800.0,0.0834,14400.0,1200.96,13199.04,6480.0,6719.04,1.25,,0,48473.47
L0003109,INV-2024-001519,INV,,20240311,202403,68,7,815,15,AE,AED,3.6725,1,1100.0,0.2154,1100.0,236.94,863.06,858.0,5.06,1.0,,0,3169.59
L0003195,INV-2024-001563,INV,,20240312,202403,74,8,931,10,OM,OMR,0.3845,1,3000.0,0.0,3000.0,0.0,3000.0,900.0,2100.0,1.25,,0,1153.5
L0002706,INV-2024-001318,INV,,20240312,202403,40,4,418,5,SA,USD,1.0,7,1800.0,0.1342,12600.0,1690.92,10909.08,5040.0,5869.08,1.0,,0,10909.08
L0002287,INV-2024-001103,INV,,20240312,202403,17,1,19,1,EG,EGP,47.4133,1,2400.0,0.0772,2400.0,185.28,2214.72,1320.0,894.72,1.0,,0,105007.18
L0002283,INV-2024-001103,INV,,20240312,202403,17,1,19,1,EG,EGP,47.4133,1,2400.0,0.0946,2400.0,227.04,2172.96,1320.0,852.96,1.0,,0,103027.2
L0003174,INV-2024-001551,INV,,20240312,202403,73,8,970,17,OM,OMR,0.3845,1,449.99,0.002,449.99,0.91,449.08,337.5,111.58,1.0,,0,172.67
L0002707,INV-2024-001318,INV,,20240312,202403,40,4,418,6,SA,USD,1.0,4,7500.0,0.0913,30000.0,2739.0,27261.0,11400.0,15861.0,1.0,,0,27261.0
L0003000,INV-2024-001468,INV,,20240312,202403,59,6,720,10,AE,AED,3.6725,1,3000.0,0.1367,3000.0,410.1,2589.9,900.0,1689.9,1.25,,0,9511.41
L0002967,INV-2024-001458,INV,,20240312,202403,58,6,744,5,AE,AED,3.6725,5,1800.0,0.078,9000.0,702.0,8298.0,3600.0,4698.0,1.0,,0,30474.41
L0003003,INV-2024-001468,INV,,20240312,202403,59,6,720,1,AE,AED,3.6725,2,2400.0,0.1485,4800.0,712.8,4087.2,2640.0,1447.2,1.0,,0,15010.24
L0002386,INV-2024-001159,INV,,20240313,202403,23,2,130,7,EG,EGP,47.4133,1,1200.0,0.1287,1200.0,154.44,1045.56,360.0,685.56,1.0,,0,49573.45
L0002385,INV-2024-001159,INV,,20240313,202403,23,2,130,7,EG,EGP,47.4133,1,1200.0,0.0805,1200.0,96.6,1103.4,360.0,743.4,1.0,,0,52315.84
L0002217,INV-2024-001076,INV,,20240313,202403,14,1,46,3,EG,EGP,47.4133,1,3600.0,0.1022,3600.0,367.92,3232.08,1620.0,1612.08,1.0,,0,153243.58
L0002960,INV-2024-001456,INV,,20240313,202403,57,6,725,12,AE,AED,3.6725,1,4800.0,0.1198,4800.0,575.04,4224.96,2160.0,2064.96,1.25,,0,15516.17
L0002680,INV-2024-001310,INV,,20240314,202403,37,4,445,12,SA,SAR,3.75,1,4800.0,0.1257,4800.0,603.36,4196.64,2160.0,2036.64,1.25,,0,15737.4
L0002195,INV-2024-001068,INV,,20240314,202403,12,1,14,10,EG,EGP,47.4133,2,3000.0,0.0311,6000.0,186.6,5813.4,1800.0,4013.4,1.25,,0,275632.48
L0002828,INV-2024-001381,INV,,20240314,202403,50,5,665,18,SA,SAR,3.75,3,800.0,0.0591,2400.0,141.84,2258.16,1320.0,938.16,1.0,,0,8468.1
L0002855,INV-2024-001399,INV,,20240315,202403,52,5,468,1,SA,SAR,3.75,1,2400.0,0.0363,2400.0,87.12,2312.88,1320.0,992.88,1.0,,0,8673.3
L0002856,INV-2024-001399,INV,,20240315,202403,52,5,468,7,SA,SAR,3.75,1,1200.0,0.0779,1200.0,93.48,1106.52,360.0,746.52,1.0,,0,4149.45
L0002745,INV-2024-001334,INV,,20240315,202403,45,4,393,10,SA,SAR,3.75,1,3000.0,0.1182,3000.0,354.6,2645.4,900.0,1745.4,1.25,,0,9920.25
L0002419,INV-2024-001180,INV,,20240315,202403,24,2,175,8,EG,EGP,47.4133,1,1500.0,0.1037,1500.0,155.55,1344.45,1050.0,294.45,1.0,,0,63744.81
L0003106,INV-2024-001516,INV,,20240315,202403,67,7,811,7,AE,AED,3.6725,1,1200.0,0.1865,1200.0,223.8,976.2,360.0,616.2,1.0,,0,3585.09
L0002193,INV-2024-001067,INV,,20240316,202403,12,1,13,8,EG,EGP,47.4133,4,1500.0,0.0567,6000.0,340.2,5659.8,4200.0,1459.8,1.0,,0,268349.8
L0002636,INV-2024-001291,INV,,20240316,202403,35,3,368,10,EG,EGP,47.4133,3,3000.0,0.2109,9000.0,1898.1,7101.9,2700.0,4401.9,1.25,,0,336724.52
L0002203,INV-2024-001071,INV,,20240316,202403,13,1,27,19,EG,EGP,47.4133,2,5500.0,0.1784,11000.0,1962.4,9037.6,4950.0,4087.6,1.0,,0,428502.44
L0002140,INV-2024-001048,INV,,20240316,202403,10,1,68,1,EG,EGP,47.4133,7,2400.0,0.1229,16800.0,2064.72,14735.28,9240.0,5495.28,1.0,,0,698648.25
L0002205,INV-2024-001071,INV,,20240316,202403,13,1,27,10,EG,EGP,47.4133,3,3000.0,0.1575,9000.0,1417.5,7582.5,2700.0,4882.5,1.25,,0,359511.35
L0002535,INV-2024-001243,INV,,20240318,202403,29,3,375,17,EG,EGP,47.4133,3,450.0,0.1949,1350.0,263.12,1086.88,1012.5,74.38,1.0,,0,51532.79
L0002560,INV-2024-001255,INV,,20240318,202403,31,3,333,18,EG,EGP,47.4133,1,800.0,0.1862,800.0,148.96,651.04,440.0,211.04,1.0,,0,30867.95
L0002612,INV-2024-001275,INV,,20240318,202403,33,3,364,17,EG,EGP,47.4133,11,450.0,0.2166,4950.0,1072.17,3877.83,3712.5,165.33,1.0,,0,183860.67
L0002451,INV-2024-001199,INV,,20240318,202403,26,2,202,1,EG,EGP,47.4133,1,2400.0,0.1192,2400.0,286.08,2113.92,1320.0,793.92,1.0,,0,100227.92
L0002534,INV-2024-001243,INV,,20240318,202403,29,3,375,16,EG,EGP,47.4133,2,2200.0,0.2456,4400.0,1080.64,3319.36,3520.0,-200.64,1.0,,0,157381.81
L0030763,CN-2024-00016,CN,INV-2024-000618,20240318,202403,27,2,197,1,EG,EGP,47.4133,-1,2400.0,0.0394,-2400.0,-94.56,-2305.44,-1320.0,-985.44,1.0,21.0,0,-109308.52
L0002294,INV-2024-001107,INV,,20240319,202403,18,2,251,1,EG,EGP,47.4133,2,2400.0,0.0538,4800.0,258.24,4541.76,2640.0,1901.76,1.0,,0,215339.83
L0002850,INV-2024-001395,INV,,20240319,202403,51,5,523,18,SA,SAR,3.75,2,800.0,0.0387,1600.0,61.92,1538.08,880.0,658.08,1.0,,0,5767.8
L0002689,INV-2024-001313,INV,,20240320,202403,39,4,414,12,SA,SAR,3.75,1,4800.0,0.0443,4800.0,212.64,4587.36,2160.0,2427.36,1.25,,0,17202.6
L0002395,INV-2024-001165,INV,,20240320,202403,23,2,292,12,EG,EGP,47.4133,1,4800.0,0.1047,4800.0,502.56,4297.44,2160.0,2137.44,1.25,,0,203755.81
L0002375,INV-2024-001154,INV,,20240320,202403,22,2,260,7,EG,EGP,47.4133,1,1200.0,0.0207,1200.0,24.84,1175.16,360.0,815.16,1.0,,0,55718.21
L0002816,INV-2024-001374,INV,,20240321,202403,50,5,503,5,SA,SAR,3.75,1,1800.0,0.086,1800.0,154.8,1645.2,720.0,925.2,1.0,,0,6169.5
L0002582,INV-2024-001263,INV,,20240321,202403,32,3,344,15,EG,EGP,47.4133,5,1100.0,0.2102,5500.0,1156.1,4343.9,4290.0,53.9,1.0,,0,205958.63
L0002377,INV-2024-001155,INV,,20240321,202403,22,2,285,1,EG,EGP,47.4133,1,2400.0,0.0265,2400.0,63.6,2336.4,1320.0,1016.4,1.0,,0,110776.43
L0002340,INV-2024-001133,INV,,20240321,202403,20,2,256,1,EG,EGP,47.4133,1,2400.0,0.0987,2400.0,236.88,2163.12,1320.0,843.12,1.0,,0,102560.66
L0002210,INV-2024-001074,INV,,20240321,202403,14,1,17,20,EG,EGP,47.4133,3,1500.0,0.1416,4500.0,637.2,3862.8,2250.0,1612.8,1.0,,0,183148.1
L0002256,INV-2024-001093,INV,,20240321,202403,15,1,42,10,EG,EGP,47.4133,2,3000.0,0.1016,6000.0,609.6,5390.4,1800.0,3590.4,1.25,,0,255576.65
L0002466,INV-2024-001206,INV,,20240321,202403,27,2,149,10,EG,EGP,47.4133,1,3000.0,0.022,3000.0,66.0,2934.0,900.0,2034.0,1.25,,0,139110.62
L0003082,INV-2024-001502,INV,,20240322,202403,65,7,787,3,AE,AED,3.6725,1,3600.0,0.1876,3600.0,675.36,2924.64,1620.0,1304.64,1.0,,0,10740.74
L0002131,INV-2024-001045,INV,,20240322,202403,10,1,22,10,EG,EGP,47.4133,1,3000.0,0.1312,3000.0,393.6,2606.4,900.0,1706.4,1.25,,0,123578.03
L0002183,INV-2024-001065,INV,,20240322,202403,12,1,26,1,EG,EGP,47.4133,1,2400.0,0.0705,2400.0,169.2,2230.8,1320.0,910.8,1.0,,0,105769.59
L0002735,INV-2024-001331,INV,,20240322,202403,44,4,401,9,SA,SAR,3.75,4,6000.0,0.1443,24000.0,3463.2,20536.8,8400.0,12136.8,1.25,,0,77013.0
L0002545,INV-2024-001247,INV,,20240323,202403,30,3,345,1,EG,EGP,47.4133,2,2400.0,0.1345,4800.0,645.6,4154.4,2640.0,1514.4,1.0,,0,196973.81
L0002617,INV-2024-001278,INV,,20240323,202403,34,3,339,4,EG,EGP,47.4133,1,9000.0,0.1722,9000.0,1549.8,7450.2,4950.0,2500.2,1.0,,0,353238.57
L0002347,INV-2024-001136,INV,,20240323,202403,20,2,271,7,EG,EGP,47.4133,1,1200.0,0.0696,1200.0,83.52,1116.48,360.0,756.48,1.0,,0,52936.0
L0002482,INV-2024-001216,INV,,20240324,202403,27,2,155,10,EG,EGP,47.4133,1,3000.0,0.0401,3000.0,120.3,2879.7,900.0,1979.7,1.25,,0,136536.08
L0003096,INV-2024-001511,INV,,20240324,202403,66,7,811,14,AE,AED,3.6725,1,9600.0,0.1669,9600.0,1602.24,7997.76,4800.0,3197.76,1.25,,0,29371.77
L0002380,INV-2024-001156,INV,,20240324,202403,22,2,172,5,EG,EGP,47.4133,1,1800.0,0.0725,1800.0,130.5,1669.5,720.0,949.5,1.0,,0,79156.5
L0002651,INV-2024-001297,INV,,20240325,202403,35,3,336,7,EG,EGP,47.4133,1,1200.0,0.1838,1200.0,220.56,979.44,360.0,619.44,1.0,,0,46438.48
L0002649,INV-2024-001297,INV,,20240325,202403,35,3,336,1,EG,EGP,47.4133,1,2400.0,0.1614,2400.0,387.36,2012.64,1320.0,692.64,1.0,,0,95425.9
L0002652,INV-2024-001297,INV,,20240325,202403,35,3,336,17,EG,EGP,47.4133,1,450.0,0.2204,450.0,99.18,350.82,337.5,13.32,1.0,,0,16633.53
L0002847,INV-2024-001394,INV,,20240326,202403,51,5,629,1,SA,SAR,3.75,1,2400.0,0.0927,2400.0,222.48,2177.52,1320.0,857.52,1.0,,0,8165.7
L0002838,INV-2024-001387,INV,,20240326,202403,51,5,483,5,SA,SAR,3.75,2,1800.0,0.064,3600.0,230.4,3369.6,1440.0,1929.6,1.0,,0,12636.0
L0002749,INV-2024-001335,INV,,20240326,202403,45,4,419,12,SA,SAR,3.75,1,4800.0,0.099,4800.0,475.2,4324.8,2160.0,2164.8,1.25,,0,16218.0
L0002425,INV-2024-001183,INV,,20240326,202403,25,2,90,18,EG,EGP,47.4133,1,800.0,0.0447,800.0,35.76,764.24,440.0,324.24,1.0,,0,36235.14
L0003115,INV-2024-001521,INV,,20240326,202403,68,7,804,15,AE,AED,3.6725,1,1100.0,0.2089,1100.0,229.79,870.21,858.0,12.21,1.0,,0,3195.85
L0003220,INV-2024-001580,INV,,20240326,202403,76,8,875,10,OM,OMR,0.3845,1,3000.0,0.0783,3000.0,234.9,2765.1,900.0,1865.1,1.25,,0,1063.18
L0002512,INV-2024-001232,INV,,20240327,202403,28,2,173,10,EG,EGP,47.4133,1,3000.0,0.0701,3000.0,210.3,2789.7,900.0,1889.7,1.25,,0,132268.88
L0003123,INV-2024-001526,INV,,20240327,202403,69,7,787,1,AE,AED,3.6725,3,2400.0,0.1837,7200.0,1322.64,5877.36,3960.0,1917.36,1.0,,0,21584.6
L0002925,INV-2024-001439,INV,,20240327,202403,55,5,455,1,SA,SAR,3.75,1,2400.0,0.0244,2400.0,58.56,2341.44,1320.0,1021.44,1.0,,0,8780.4
L0002517,INV-2024-001236,INV,,20240327,202403,29,3,366,12,EG,EGP,47.4133,1,4800.0,0.2028,4800.0,973.44,3826.56,2160.0,1666.56,1.25,,0,181429.84
L0003214,INV-2024-001576,INV,,20240327,202403,75,8,841,10,OM,OMR,0.3845,1,3000.0,0.0977,3000.0,293.11,2706.89,900.0,1806.89,1.25,,0,1040.8
L0002493,INV-2024-001221,INV,,20240327,202403,28,2,228,7,EG,EGP,47.4133,1,1200.0,0.015,1200.0,18.0,1182.0,360.0,822.0,1.0,,0,56042.52
L0002478,INV-2024-001213,INV,,20240327,202403,27,2,148,1,EG,EGP,47.4133,1,2400.0,0.0037,2400.0,8.88,2391.12,1320.0,1071.12,1.0,,0,113370.89
L0002727,INV-2024-001329,INV,,20240327,202403,44,4,381,20,SA,SAR,3.75,10,1500.0,0.1734,15000.0,2601.0,12399.0,7500.0,4899.0,1.0,,0,46496.25
L0030789,CN-2024-00029,CN,INV-2024-001529,20240327,202403,69,7,801,15,AE,AED,3.6725,-5,1100.0,0.1682,-5500.0,-925.1,-4574.9,-4290.0,-284.9,1.0,18.0,0,-16801.32
L0002513,INV-2024-001232,INV,,20240327,202403,28,2,173,1,EG,EGP,47.4133,1,2400.0,0.0879,2400.0,210.96,2189.04,1320.0,869.04,1.0,,0,103789.61
L0002509,INV-2024-001230,INV,,20240328,202403,28,2,71,1,EG,EGP,47.4133,1,2400.0,0.056,2400.0,134.4,2265.6,1320.0,945.6,1.0,,0,107419.57
L0002694,INV-2024-001314,INV,,20240328,202403,39,4,441,1,SA,SAR,3.75,1,2400.0,0.0919,2400.0,220.56,2179.44,1320.0,859.44,1.0,,0,8172.9
L0002920,INV-2024-001436,INV,,20240328,202403,54,5,615,5,SA,SAR,3.75,4,1800.0,0.0562,7200.0,404.64,6795.36,2880.0,3915.36,1.0,,0,25482.6
L0002510,INV-2024-001230,INV,,20240328,202403,28,2,71,17,EG,EGP,47.4133,3,450.0,0.0532,1350.0,71.82,1278.18,1012.5,265.68,1.0,,0,60602.72
L0003134,INV-2024-001532,INV,,20240328,202403,69,7,813,17,AE,AED,3.6725,19,450.0,0.1459,8549.97,1247.44,7302.53,6412.5,890.03,1.0,,0,26818.55
L0003085,INV-2024-001504,INV,,20240328,202403,66,7,791,15,AE,AED,3.6725,4,1100.0,0.2184,4400.0,960.96,3439.04,3432.0,7.04,1.0,,0,12629.87
L0003043,INV-2024-001485,INV,,20240328,202403,63,6,758,9,AE,AED,3.6725,2,6000.0,0.086,12000.0,1032.0,10968.0,4200.0,6768.0,1.25,,0,40279.98
L0002922,INV-2024-001436,INV,,20240328,202403,54,5,615,17,SA,SAR,3.75,5,450.0,0.0813,2250.0,182.93,2067.07,1687.5,379.57,1.0,,0,7751.53
L0002941,INV-2024-001448,INV,,20240328,202403,56,6,739,10,AE,AED,3.6725,3,3000.0,0.1763,9000.0,1586.7,7413.3,2700.0,4713.3,1.25,,0,27225.34
L0002188,INV-2024-001066,INV,,20240328,202403,12,1,5,7,EG,EGP,47.4133,1,1200.0,0.0719,1200.0,86.28,1113.72,360.0,753.72,1.0,,0,52805.14
L0003101,INV-2024-001514,INV,,20240328,202403,67,7,817,8,AE,AED,3.6725,4,1500.0,0.1716,6000.0,1029.6,4970.4,4200.0,770.4,1.0,,0,18253.79
L0002414,INV-2024-001176,INV,,20240328,202403,24,2,196,1,EG,EGP,47.4133,1,2400.0,0.1093,2400.0,262.32,2137.68,1320.0,817.68,1.0,,0,101354.46
L0002359,INV-2024-001144,INV,,20240328,202403,21,2,304,1,EG,EGP,47.4133,1,2400.0,0.0336,2400.0,80.64,2319.36,1320.0,999.36,1.0,,0,109968.51
L0002273,INV-2024-001098,INV,,20240328,202403,16,1,12,1,EG,EGP,47.4133,1,2400.0,0.0815,2400.0,195.6,2204.4,1320.0,884.4,1.0,,0,104517.88
L0002823,INV-2024-001378,INV,,20240328,202403,50,5,495,3,SA,SAR,3.75,1,3600.0,0.0667,3600.0,240.12,3359.88,1620.0,1739.88,1.0,,0,12599.55
L0002270,INV-2024-001098,INV,,20240328,202403,16,1,12,20,EG,EGP,47.4133,2,1500.0,0.1,3000.0,300.0,2700.0,1500.0,1200.0,1.0,,0,128015.91
L0002457,INV-2024-001202,INV,,20240329,202403,27,2,96,15,EG,EGP,47.4133,4,1100.0,0.0753,4400.0,331.32,4068.68,3432.0,636.68,1.0,,1,192909.55
L0002435,INV-2024-001190,INV,,20240329,202403,25,2,201,7,EG,EGP,47.4133,1,1200.0,0.04,1200.0,48.0,1152.0,360.0,792.0,1.0,,1,54620.12
L0003064,INV-2024-001492,INV,,20240329,202403,64,6,774,10,AE,AED,3.6725,4,3000.0,0.1459,12000.0,1750.8,10249.2,3600.0,6649.2,1.25,,1,37640.19
L0003060,INV-2024-001491,INV,,20240329,202403,64,6,747,1,AE,AED,3.6725,2,2400.0,0.1434,4800.0,688.32,4111.68,2640.0,1471.68,1.0,,1,15100.14
L0002647,INV-2024-001296,INV,,20240329,202403,35,3,362,7,EG,EGP,47.4133,4,1200.0,0.2109,4800.0,1012.32,3787.68,1440.0,2347.68,1.0,,1,179586.41
L0002867,INV-2024-001405,INV,,20240329,202403,52,5,572,7,SA,SAR,3.75,1,1200.0,0.039,1200.0,46.8,1153.2,360.0,793.2,1.0,,1,4324.5
L0003210,INV-2024-001574,INV,,20240329,202403,75,8,829,15,OM,OMR,0.3845,3,1100.0,0.088,3300.0,290.4,3009.6,2574.0,435.6,1.0,,1,1157.19
L0002514,INV-2024-001233,INV,,20240329,202403,28,2,295,1,EG,EGP,47.4133,1,2400.0,0.0667,2400.0,160.08,2239.92,1320.0,919.92,1.0,,1,106202.0
L0003035,INV-2024-001481,INV,,20240329,202403,63,6,735,12,AE,AED,3.6725,1,4800.0,0.0998,4800.0,479.04,4320.96,2160.0,2160.96,1.25,,1,15868.73
L0003063,INV-2024-001492,INV,,20240329,202403,64,6,774,7,AE,AED,3.6725,1,1200.0,0.1118,1200.0,134.16,1065.84,360.0,705.84,1.0,,1,3914.3
L0003046,INV-2024-001486,INV,,20240329,202403,64,6,773,14,AE,AED,3.6725,2,9600.0,0.1305,19200.0,2505.6,16694.4,9600.0,7094.4,1.25,,1,61310.18
L0003089,INV-2024-001507,INV,,20240329,202403,66,7,813,15,AE,AED,3.6725,15,1100.0,0.2091,16500.0,3450.15,13049.85,12870.0,179.85,1.0,,1,47925.57
L0002818,INV-2024-001375,INV,,20240329,202403,50,5,507,10,SA,SAR,3.75,1,3000.0,0.1003,3000.0,300.9,2699.1,900.0,1799.1,1.25,,1,10121.62
L0003048,INV-2024-001487,INV,,20240329,202403,64,6,749,13,AE,AED,3.6725,1,12000.0,0.1134,12000.0,1360.8,10639.2,5040.0,5599.2,1.25,,1,39072.46
L0002882,INV-2024-001413,INV,,20240329,202403,53,5,565,1,SA,SAR,3.75,1,2400.0,0.1052,2400.0,252.48,2147.52,1320.0,827.52,1.0,,1,8053.2
L0002854,INV-2024-001398,INV,,20240330,202403,52,5,658,6,SA,SAR,3.75,1,7500.0,0.0861,7500.0,645.75,6854.25,2850.0,4004.25,1.0,,1,25703.44
L0003226,INV-2024-001585,INV,,20240330,202403,77,8,845,7,OM,OMR,0.3845,3,1200.0,0.0777,3600.0,279.71,3320.29,1080.0,2240.29,1.0,,1,1276.65
L0002469,INV-2024-001208,INV,,20240330,202403,27,2,257,20,EG,EGP,47.4133,1,1500.0,0.0346,1500.0,51.9,1448.1,750.0,698.1,1.0,,1,68659.2
L0002858,INV-2024-001400,INV,,20240330,202403,52,5,521,1,SA,SAR,3.75,2,2400.0,0.0987,4800.0,473.76,4326.24,2640.0,1686.24,1.0,,1,16223.4
L0002198,INV-2024-001069,INV,,20240330,202403,12,1,52,12,EG,EGP,47.4133,1,4800.0,0.1041,4800.0,499.68,4300.32,2160.0,2140.32,1.25,,1,203892.36
L0002434,INV-2024-001189,INV,,20240330,202403,25,2,255,1,EG,EGP,47.4133,1,2400.0,0.0885,2400.0,212.4,2187.6,1320.0,867.6,1.0,,1,103721.34
L0002701,INV-2024-001317,INV,,20240330,202403,40,4,432,18,SA,SAR,3.75,9,800.0,0.0966,7200.0,695.52,6504.48,3960.0,2544.48,1.0,,1,24391.8
L0002422,INV-2024-001182,INV,,20240330,202403,25,2,235,17,EG,EGP,47.4133,5,450.0,0.0621,2250.0,139.73,2110.27,1687.5,422.77,1.0,,1,100055.08
L0002936,INV-2024-001445,INV,,20240330,202403,55,5,569,1,SA,SAR,3.75,2,2400.0,0.0633,4800.0,303.84,4496.16,2640.0,1856.16,1.0,,1,16860.6
L0002695,INV-2024-001315,INV,,20240330,202403,40,4,434,13,SA,SAR,3.75,1,12000.0,0.1179,12000.0,1414.8,10585.2,5040.0,5545.2,1.25,,1,39694.5
L0002975,INV-2024-001460,INV,,20240330,202403,58,6,739,8,AE,USD,1.0,4,1500.0,0.1104,6000.0,662.4,5337.6,4200.0,1137.6,1.0,,1,5337.6
L0002605,INV-2024-001272,INV,,20240330,202403,33,3,339,17,EG,EGP,47.4133,1,450.0,0.179,450.0,80.55,369.45,337.5,31.95,1.0,,1,17516.84
L0003158,INV-2024-001544,INV,,20240330,202403,71,7,797,12,AE,AED,3.6725,1,4800.0,0.1594,4800.0,765.12,4034.88,2160.0,1874.88,1.25,,1,14818.1
L0003182,INV-2024-001556,INV,,20240331,202403,73,8,936,1,OM,OMR,0.3845,1,2400.0,0.0133,2400.0,31.91,2368.09,1320.0,1048.09,1.0,,1,910.53
L0002659,INV-2024-001301,INV,,20240331,202403,35,3,356,1,EG,EGP,47.4133,1,2400.0,0.1589,2400.0,381.36,2018.64,1320.0,698.64,1.0,,1,95710.38
L0003097,INV-2024-001512,INV,,20240331,202403,67,7,799,15,AE,AED,3.6725,13,1100.0,0.1632,14300.0,2333.76,11966.24,11154.0,812.24,1.0,,1,43946.02
L0002349,INV-2024-001138,INV,,20240331,202403,21,2,324,7,EG,EGP,47.4133,2,1200.0,0.0374,2400.0,89.76,2310.24,720.0,1590.24,1.0,,1,109536.1
L0002643,INV-2024-001294,INV,,20240331,202403,35,3,334,15,EG,EGP,47.4133,4,1100.0,0.1873,4400.0,824.12,3575.88,3432.0,143.88,1.0,,1,169544.27
L0002401,INV-2024-001168,INV,,20240331,202403,24,2,288,7,EG,EGP,47.4133,2,1200.0,0.146,2400.0,350.4,2049.6,720.0,1329.6,1.0,,1,97178.3
L0003148,INV-2024-001538,INV,,20240331,202403,70,7,785,18,AE,AED,3.6725,3,800.0,0.1372,2400.0,329.28,2070.72,1320.0,750.72,1.0,,1,7604.72
L0002481,INV-2024-001215,INV,,20240331,202403,27,2,272,1,EG,EGP,47.4133,1,2400.0,0.0048,2400.0,11.52,2388.48,1320.0,1068.48,1.0,,1,113245.72
L0002842,INV-2024-001390,INV,,20240331,202403,51,5,571,7,SA,SAR,3.75,2,1200.0,0.0473,2400.0,113.52,2286.48,720.0,1566.48,1.0,,1,8574.3
L0004217,INV-2024-002070,INV,,20240401,202404,69,7,786,10,AE,AED,3.6725,1,3000.0,0.1712,3000.0,513.6,2486.4,900.0,1586.4,1.25,,0,9131.3
L0003346,INV-2024-001631,INV,,20240401,202404,16,1,43,12,EG,EGP,47.9404,1,4800.0,0.0677,4800.0,324.96,4475.04,2160.0,2315.04,1.25,,0,214535.21
L0003671,INV-2024-001808,INV,,20240401,202404,33,3,373,12,EG,EGP,47.9404,1,4800.0,0.1684,4800.0,808.32,3991.68,2160.0,1831.68,1.25,,0,191362.74
L0004096,INV-2024-002016,INV,,20240401,202404,59,6,762,14,AE,AED,3.6725,2,9600.0,0.1132,19200.0,2173.44,17026.56,9600.0,7426.56,1.25,,0,62530.04
L0003741,INV-2024-001838,INV,,20240401,202404,40,4,384,7,SA,SAR,3.75,1,1200.0,0.0865,1200.0,103.8,1096.2,360.0,736.2,1.0,,0,4110.75
L0003792,INV-2024-001860,INV,,20240401,202404,46,5,473,1,SA,SAR,3.75,1,2400.0,0.0685,2400.0,164.4,2235.6,1320.0,915.6,1.0,,0,8383.5
L0004050,INV-2024-001997,INV,,20240401,202404,58,6,732,3,AE,AED,3.6725,1,3600.0,0.1306,3600.0,470.16,3129.84,1620.0,1509.84,1.0,,0,11494.34
L0003727,INV-2024-001832,INV,,20240402,202404,39,4,378,7,SA,SAR,3.75,9,1200.0,0.1283,10800.0,1385.64,9414.36,3240.0,6174.36,1.0,,0,35303.85
L0004083,INV-2024-002009,INV,,20240402,202404,59,6,722,15,AE,AED,3.6725,4,1100.0,0.1613,4400.0,709.72,3690.28,3432.0,258.28,1.0,,0,13552.55
L0003801,INV-2024-001864,INV,,20240403,202404,46,5,526,1,SA,SAR,3.75,1,2400.0,0.0682,2400.0,163.68,2236.32,1320.0,916.32,1.0,,0,8386.2
L0003861,INV-2024-001899,INV,,20240403,202404,49,5,654,10,SA,SAR,3.75,1,3000.0,0.0547,3000.0,164.1,2835.9,900.0,1935.9,1.25,,0,10634.62
L0003459,INV-2024-001697,INV,,20240403,202404,22,2,246,7,EG,EGP,47.9404,3,1200.0,0.0267,3600.0,96.12,3503.88,1080.0,2423.88,1.0,,0,167977.41
L0004208,INV-2024-002066,INV,,20240404,202404,68,7,793,1,AE,AED,3.6725,1,2400.0,0.2162,2400.0,518.88,1881.12,1320.0,561.12,1.0,,0,6908.41
L0003476,INV-2024-001708,INV,,20240404,202404,23,2,277,1,EG,EGP,47.9404,1,2400.0,0.0936,2400.0,224.64,2175.36,1320.0,855.36,1.0,,0,104287.63
L0003788,INV-2024-001857,INV,,20240404,202404,46,5,494,10,SA,SAR,3.75,1,3000.0,0.1107,3000.0,332.1,2667.9,900.0,1767.9,1.25,,0,10004.62
L0003477,INV-2024-001708,INV,,20240404,202404,23,2,277,1,EG,EGP,47.9404,1,2400.0,0.0789,2400.0,189.36,2210.64,1320.0,890.64,1.0,,0,105978.97
L0004302,INV-2024-002115,INV,,20240405,202404,75,8,969,7,OM,OMR,0.3845,1,1200.0,0.0248,1200.0,29.75,1170.25,360.0,810.25,1.0,,0,449.96
L0003983,INV-2024-001965,INV,,20240405,202404,54,5,570,7,SA,SAR,3.75,3,1200.0,0.0384,3600.0,138.24,3461.76,1080.0,2381.76,1.0,,0,12981.6
L0003435,INV-2024-001683,INV,,20240405,202404,21,2,113,1,EG,EGP,47.9404,1,2400.0,0.0111,2400.0,26.64,2373.36,1320.0,1053.36,1.0,,0,113779.83
L0004331,INV-2024-002134,INV,,20240405,202404,77,8,855,1,OM,OMR,0.3845,1,2400.0,0.0332,2400.0,79.69,2320.31,1320.0,1000.31,1.0,,0,892.16
L0003434,INV-2024-001683,INV,,20240405,202404,21,2,113,10,EG,EGP,47.9404,1,3000.0,0.0239,3000.0,71.7,2928.3,900.0,2028.3,1.25,,0,140383.87
L0004303,INV-2024-002115,INV,,20240405,202404,75,8,969,17,OM,OMR,0.3845,1,449.99,0.0819,449.99,36.86,413.13,337.5,75.63,1.0,,0,158.85
L0004330,INV-2024-002134,INV,,20240405,202404,77,8,855,7,OM,OMR,0.3845,1,1200.0,0.0309,1200.0,37.09,1162.91,360.0,802.91,1.0,,0,447.14
L0004131,INV-2024-002032,INV,,20240406,202404,64,6,706,5,AE,AED,3.6725,9,1800.0,0.0882,16200.0,1428.84,14771.16,6480.0,8291.16,1.0,,0,54247.09
L0004075,INV-2024-002006,INV,,20240406,202404,59,6,728,2,AE,AED,3.6725,1,14000.0,0.1751,14000.0,2451.4,11548.6,7000.0,4548.6,1.0,,0,42412.23
L0004287,INV-2024-002107,INV,,20240407,202404,74,8,939,1,OM,OMR,0.3845,1,2400.0,0.0391,2400.0,93.84,2306.16,1320.0,986.16,1.0,,0,886.72
L0004108,INV-2024-002022,INV,,20240407,202404,62,6,718,3,AE,AED,3.6725,7,3600.0,0.1373,25200.0,3459.96,21740.04,11340.0,10400.04,1.0,,0,79840.3
L0003819,INV-2024-001875,INV,,20240407,202404,47,5,534,17,SA,SAR,3.75,13,450.0,0.1106,5850.0,647.01,5202.99,4387.5,815.49,1.0,,0,19511.21
L0004018,INV-2024-001985,INV,,20240407,202404,55,5,648,5,SA,SAR,3.75,3,1800.0,0.0231,5400.0,124.74,5275.26,2160.0,3115.26,1.0,,0,19782.22
L0004019,INV-2024-001985,INV,,20240407,202404,55,5,648,7,SA,SAR,3.75,1,1200.0,0.0281,1200.0,33.72,1166.28,360.0,806.28,1.0,,0,4373.55
L0003872,INV-2024-001906,INV,,20240408,202404,50,5,468,7,SA,SAR,3.75,2,1200.0,0.0615,2400.0,147.6,2252.4,720.0,1532.4,1.0,,0,8446.5
L0004260,INV-2024-002090,INV,,20240408,202404,71,7,792,10,AE,AED,3.6725,1,3000.0,0.1652,3000.0,495.6,2504.4,900.0,1604.4,1.25,,0,9197.41
L0003362,INV-2024-001638,INV,,20240408,202404,17,1,31,12,EG,EGP,47.9404,1,4800.0,0.0963,4800.0,462.24,4337.76,2160.0,2177.76,1.25,,0,207953.95
L0004263,INV-2024-002091,INV,,20240409,202404,73,8,925,1,OM,OMR,0.3845,1,2400.0,0.0313,2400.0,75.11,2324.89,1320.0,1004.89,1.0,,0,893.92
L0003721,INV-2024-001828,INV,,20240409,202404,39,4,430,12,SA,SAR,3.75,1,4800.0,0.0928,4800.0,445.44,4354.56,2160.0,2194.56,1.25,,0,16329.6
L0003711,INV-2024-001825,INV,,20240409,202404,37,4,392,11,SA,SAR,3.75,1,18000.0,0.1378,18000.0,2480.4,15519.6,7200.0,8319.6,1.25,,0,58198.5
L0003887,INV-2024-001913,INV,,20240409,202404,50,5,676,1,SA,SAR,3.75,1,2400.0,0.0593,2400.0,142.32,2257.68,1320.0,937.68,1.0,,0,8466.3
L0003512,INV-2024-001728,INV,,20240409,202404,25,2,115,1,EG,EGP,47.9404,1,2400.0,0.039,2400.0,93.6,2306.4,1320.0,986.4,1.0,,0,110569.74
L0004199,INV-2024-002063,INV,,20240410,202404,67,7,796,1,AE,AED,3.6725,3,2400.0,0.2017,7200.0,1452.24,5747.76,3960.0,1787.76,1.0,,0,21108.65
L0003632,INV-2024-001791,INV,,20240410,202404,31,3,344,15,EG,EGP,47.9404,1,1100.0,0.1579,1100.0,173.69,926.31,858.0,68.31,1.0,,0,44407.67
L0003368,INV-2024-001641,INV,,20240410,202404,18,2,253,12,EG,EGP,47.9404,1,4800.0,0.0136,4800.0,65.28,4734.72,2160.0,2574.72,1.25,,0,226984.37
L0003631,INV-2024-001791,INV,,20240410,202404,31,3,344,10,EG,EGP,47.9404,1,3000.0,0.1595,3000.0,478.5,2521.5,900.0,1621.5,1.25,,0,120881.72
L0004110,INV-2024-002023,INV,,20240411,202404,62,6,711,10,AE,AED,3.6725,1,3000.0,0.1188,3000.0,356.4,2643.6,900.0,1743.6,1.25,,0,9708.62
L0003402,INV-2024-001663,INV,,20240411,202404,19,2,268,5,EG,EGP,47.9404,1,1800.0,0.019,1800.0,34.2,1765.8,720.0,1045.8,1.0,,0,84653.16
L0003301,INV-2024-001616,INV,,20240411,202404,13,1,56,9,EG,EGP,47.9404,2,6000.0,0.1172,12000.0,1406.4,10593.6,4200.0,6393.6,1.25,,0,507861.42
L0004149,INV-2024-002041,INV,,20240411,202404,65,7,796,7,AE,AED,3.6725,1,1200.0,0.1425,1200.0,171.0,1029.0,360.0,669.0,1.0,,0,3779.0
L0003498,INV-2024-001719,INV,,20240412,202404,24,2,184,18,EG,EGP,47.9404,5,800.0,0.0877,4000.0,350.8,3649.2,2200.0,1449.2,1.0,,0,174944.11
L0003269,INV-2024-001604,INV,,20240412,202404,11,1,1,12,EG,EGP,47.9404,1,4800.0,0.0913,4800.0,438.24,4361.76,2160.0,2201.76,1.25,,0,209104.52
L0003700,INV-2024-001822,INV,,20240412,202404,37,4,382,9,SA,SAR,3.75,1,6000.0,0.0957,6000.0,574.2,5425.8,2100.0,3325.8,1.25,,0,20346.75
L0003497,INV-2024-001719,INV,,20240412,202404,24,2,184,1,EG,EGP,47.9404,1,2400.0,0.0942,2400.0,226.08,2173.92,1320.0,853.92,1.0,,0,104218.59
L0004013,INV-2024-001981,INV,,20240413,202404,55,5,598,15,SA,SAR,3.75,3,1100.0,0.0288,3300.0,95.04,3204.96,2574.0,630.96,1.0,,0,12018.6
L0003915,INV-2024-001927,INV,,20240413,202404,51,5,609,8,SA,SAR,3.75,1,1500.0,0.0397,1500.0,59.55,1440.45,1050.0,390.45,1.0,,0,5401.69
L0004012,INV-2024-001981,INV,,20240413,202404,55,5,598,12,SA,SAR,3.75,1,4800.0,0.0329,4800.0,157.92,4642.08,2160.0,2482.08,1.25,,0,17407.8
L0003630,INV-2024-001790,INV,,20240413,202404,31,3,369,16,EG,EGP,47.9404,2,2200.0,0.1728,4400.0,760.32,3639.68,3520.0,119.68,1.0,,0,174487.72
L0003321,INV-2024-001624,INV,,20240414,202404,14,1,62,1,EG,EGP,47.9404,1,2400.0,0.1497,2400.0,359.28,2040.72,1320.0,720.72,1.0,,0,97832.93
L0004203,INV-2024-002065,INV,,20240414,202404,68,7,779,17,AE,AED,3.6725,7,450.0,0.2427,3149.99,764.5,2385.49,2362.5,22.99,1.0,,0,8760.7
L0003242,INV-2024-001594,INV,,20240414,202404,9,1,56,7,EG,EGP,47.9404,2,1200.0,0.0449,2400.0,107.76,2292.24,720.0,1572.24,1.0,,0,109890.9
L0004048,INV-2024-001996,INV,,20240415,202404,57,6,711,12,AE,AED,3.6725,1,4800.0,0.1209,4800.0,580.32,4219.68,2160.0,2059.68,1.25,,0,15496.77
L0003677,INV-2024-001812,INV,,20240415,202404,35,3,338,15,EG,EGP,47.9404,2,1100.0,0.2122,2200.0,466.84,1733.16,1716.0,17.16,1.0,,0,83088.38
L0003996,INV-2024-001973,INV,,20240415,202404,54,5,615,8,SA,SAR,3.75,2,1500.0,0.097,3000.0,291.0,2709.0,2100.0,609.0,1.0,,0,10158.75
L0004267,INV-2024-002093,INV,,20240415,202404,73,8,897,7,OM,OMR,0.3845,2,1200.0,0.0,2400.0,0.0,2400.0,720.0,1680.0,1.0,,0,922.8
L0003998,INV-2024-001974,INV,,20240415,202404,54,5,650,12,SA,SAR,3.75,1,4800.0,0.0466,4800.0,223.68,4576.32,2160.0,2416.32,1.25,,0,17161.2
L0004098,INV-2024-002017,INV,,20240415,202404,61,6,753,10,AE,AED,3.6725,6,3000.0,0.0652,18000.0,1173.6,16826.4,5400.0,11426.4,1.25,,0,61794.95
L0003999,INV-2024-001974,INV,,20240415,202404,54,5,650,3,SA,SAR,3.75,1,3600.0,0.0635,3600.0,228.6,3371.4,1620.0,1751.4,1.0,,0,12642.75
L0004001,INV-2024-001975,INV,,20240415,202404,54,5,568,15,SA,SAR,3.75,9,1100.0,0.0309,9900.0,305.91,9594.09,7722.0,1872.09,1.0,,0,35977.84
L0003912,INV-2024-001926,INV,,20240415,202404,51,5,572,10,SA,SAR,3.75,1,3000.0,0.071,3000.0,213.0,2787.0,900.0,1887.0,1.25,,0,10451.25
L0004047,INV-2024-001996,INV,,20240415,202404,57,6,711,1,AE,AED,3.6725,1,2400.0,0.1078,2400.0,258.72,2141.28,1320.0,821.28,1.0,,0,7863.85
L0004030,INV-2024-001990,INV,,20240416,202404,55,5,592,1,SA,SAR,3.75,1,2400.0,0.0302,2400.0,72.48,2327.52,1320.0,1007.52,1.0,,0,8728.2
L0003478,INV-2024-001709,INV,,20240416,202404,23,2,175,5,EG,EGP,47.9404,2,1800.0,0.0738,3600.0,265.68,3334.32,1440.0,1894.32,1.0,,0,159848.63
L0003356,INV-2024-001635,INV,,20240417,202404,16,1,18,8,EG,EGP,47.9404,1,1500.0,0.0728,1500.0,109.2,1390.8,1050.0,340.8,1.0,,0,66675.51
L0003462,INV-2024-001699,INV,,20240417,202404,22,2,185,1,EG,EGP,47.9404,1,2400.0,0.0325,2400.0,78.0,2322.0,1320.0,1002.0,1.0,,0,111317.61
L0004313,INV-2024-002123,INV,,20240417,202404,76,8,950,10,OM,OMR,0.3845,1,3000.0,0.1264,3000.0,379.19,2620.81,900.0,1720.81,1.25,,0,1007.7
L0003355,INV-2024-001635,INV,,20240417,202404,16,1,18,12,EG,EGP,47.9404,1,4800.0,0.0906,4800.0,434.88,4365.12,2160.0,2205.12,1.25,,0,209265.6
L0003609,INV-2024-001781,INV,,20240417,202404,30,3,372,1,EG,EGP,47.9404,1,2400.0,0.1414,2400.0,339.36,2060.64,1320.0,740.64,1.0,,0,98787.91
L0004274,INV-2024-002098,INV,,20240417,202404,73,8,878,1,OM,OMR,0.3845,1,2400.0,0.0,2400.0,0.0,2400.0,1320.0,1080.0,1.0,,0,922.8
L0003461,INV-2024-001699,INV,,20240417,202404,22,2,185,7,EG,EGP,47.9404,1,1200.0,0.0137,1200.0,16.44,1183.56,360.0,823.56,1.0,,0,56740.34
L0004324,INV-2024-002131,INV,,20240418,202404,77,8,867,1,OM,OMR,0.3845,1,2400.0,0.0406,2400.0,97.45,2302.55,1320.0,982.55,1.0,,0,885.33
L0003729,INV-2024-001833,INV,,20240418,202404,39,4,405,13,SA,SAR,3.75,1,12000.0,0.0851,12000.0,1021.2,10978.8,5040.0,5938.8,1.25,,0,41170.5
L0003864,INV-2024-001901,INV,,20240418,202404,49,5,458,3,SA,SAR,3.75,1,3600.0,0.0584,3600.0,210.24,3389.76,1620.0,1769.76,1.0,,0,12711.6
L0004104,INV-2024-002020,INV,,20240419,202404,61,6,734,14,AE,AED,3.6725,2,9600.0,0.076,19200.0,1459.2,17740.8,9600.0,8140.8,1.25,,0,65153.09
L0003960,INV-2024-001952,INV,,20240419,202404,53,5,670,7,SA,SAR,3.75,2,1200.0,0.0857,2400.0,205.68,2194.32,720.0,1474.32,1.0,,0,8228.7
L0004103,INV-2024-002020,INV,,20240419,202404,61,6,734,1,AE,AED,3.6725,1,2400.0,0.0641,2400.0,153.84,2246.16,1320.0,926.16,1.0,,0,8249.02
L0004202,INV-2024-002064,INV,,20240419,202404,68,7,799,16,AE,AED,3.6725,2,2200.0,0.198,4400.0,871.2,3528.8,3520.0,8.8,1.0,,0,12959.52
L0003248,INV-2024-001597,INV,,20240419,202404,10,1,17,14,EG,EGP,47.9404,2,9600.0,0.1159,19200.0,2225.28,16974.72,9600.0,7374.72,1.25,,0,813774.87
L0004106,INV-2024-002020,INV,,20240419,202404,61,6,734,12,AE,AED,3.6725,1,4800.0,0.0565,4800.0,271.2,4528.8,2160.0,2368.8,1.25,,0,16632.02
L0003249,INV-2024-001597,INV,,20240419,202404,10,1,17,12,EG,EGP,47.9404,1,4800.0,0.1289,4800.0,618.72,4181.28,2160.0,2021.28,1.25,,0,200452.24
L0004078,INV-2024-002007,INV,,20240419,202404,59,6,775,12,AE,AED,3.6725,1,4800.0,0.136,4800.0,652.8,4147.2,2160.0,1987.2,1.25,,0,15230.59
L0004170,INV-2024-002050,INV,,20240420,202404,66,7,803,8,AE,AED,3.6725,1,1500.0,0.1856,1500.0,278.4,1221.6,1050.0,171.6,1.0,,0,4486.33
L0003416,INV-2024-001672,INV,,20240420,202404,20,2,169,1,EG,EGP,47.9404,1,2400.0,0.0355,2400.0,85.2,2314.8,1320.0,994.8,1.0,,0,110972.44
L0003778,INV-2024-001853,INV,,20240420,202404,44,4,399,11,SA,SAR,3.75,1,18000.0,0.1318,18000.0,2372.4,15627.6,7200.0,8427.6,1.25,,0,58603.5
L0003706,INV-2024-001823,INV,,20240420,202404,37,4,433,7,SA,SAR,3.75,1,1200.0,0.1119,1200.0,134.28,1065.72,360.0,705.72,1.0,,0,3996.45
L0003256,INV-2024-001599,INV,,20240420,202404,10,1,43,12,EG,EGP,47.9404,1,4800.0,0.1258,4800.0,603.84,4196.16,2160.0,2036.16,1.25,,0,201165.59
L0003564,INV-2024-001761,INV,,20240420,202404,28,2,268,7,EG,EGP,47.9404,1,1200.0,0.0605,1200.0,72.6,1127.4,360.0,767.4,1.0,,0,54048.01
L0004022,INV-2024-001986,INV,,20240422,202404,55,5,518,1,SA,SAR,3.75,1,2400.0,0.0191,2400.0,45.84,2354.16,1320.0,1034.16,1.0,,0,8828.1
L0004192,INV-2024-002059,INV,,20240422,202404,67,7,783,17,AE,AED,3.6725,22,450.0,0.194,9899.97,1920.59,7979.38,7425.0,554.38,1.0,,0,29304.26
L0003386,INV-2024-001653,INV,,20240422,202404,18,2,216,1,EG,EGP,47.9404,1,2400.0,0.01,2400.0,24.0,2376.0,1320.0,1056.0,1.0,,0,113906.39
L0003655,INV-2024-001801,INV,,20240422,202404,33,3,356,18,EG,EGP,47.9404,1,800.0,0.1621,800.0,129.68,670.32,440.0,230.32,1.0,,0,32135.41
L0003644,INV-2024-001796,INV,,20240422,202404,32,3,361,8,EG,EGP,47.9404,4,1500.0,0.1999,6000.0,1199.4,4800.6,4200.0,600.6,1.0,,0,230142.68
L0003873,INV-2024-001907,INV,,20240422,202404,50,5,463,1,SA,SAR,3.75,1,2400.0,0.0633,2400.0,151.92,2248.08,1320.0,928.08,1.0,,0,8430.3
L0003934,INV-2024-001938,INV,,20240422,202404,52,5,648,3,SA,SAR,3.75,1,3600.0,0.0719,3600.0,258.84,3341.16,1620.0,1721.16,1.0,,0,12529.35
L0004235,INV-2024-002080,INV,,20240422,202404,70,7,801,1,AE,AED,3.6725,1,2400.0,0.1224,2400.0,293.76,2106.24,1320.0,786.24,1.0,,0,7735.17
L0003990,INV-2024-001969,INV,,20240423,202404,54,5,485,3,SA,SAR,3.75,1,3600.0,0.0849,3600.0,305.64,3294.36,1620.0,1674.36,1.0,,0,12353.85
L0004239,INV-2024-002081,INV,,20240423,202404,70,7,779,15,AE,AED,3.6725,8,1100.0,0.1473,8800.0,1296.24,7503.76,6864.0,639.76,1.0,,0,27557.56
L0004100,INV-2024-002018,INV,,20240423,202404,61,6,756,10,AE,AED,3.6725,1,3000.0,0.0569,3000.0,170.7,2829.3,900.0,1929.3,1.25,,0,10390.6
L0003550,INV-2024-001752,INV,,20240423,202404,28,2,126,15,EG,EGP,47.9404,1,1100.0,0.0399,1100.0,43.89,1056.11,858.0,198.11,1.0,,0,50630.34
L0004315,INV-2024-002124,INV,,20240423,202404,76,8,927,1,OM,OMR,0.3845,1,2400.0,0.0668,2400.0,160.31,2239.69,1320.0,919.69,1.0,,0,861.16
L0003940,INV-2024-001942,INV,,20240424,202404,52,5,558,5,SA,SAR,3.75,1,1800.0,0.0538,1800.0,96.84,1703.16,720.0,983.16,1.0,,0,6386.85
L0003642,INV-2024-001794,INV,,20240424,202404,32,3,349,17,EG,EGP,47.9404,10,450.0,0.2146,4500.0,965.7,3534.3,3375.0,159.3,1.0,,0,169435.76
L0004232,INV-2024-002077,INV,,20240425,202404,69,7,802,17,AE,AED,3.6725,18,450.0,0.1624,8099.98,1315.44,6784.54,6075.0,709.54,1.0,,0,24916.22
L0003311,INV-2024-001620,INV,,20240425,202404,13,1,14,20,EG,EGP,47.9404,2,1500.0,0.1592,3000.0,477.6,2522.4,1500.0,1022.4,1.0,,0,120924.86
L0004231,INV-2024-002076,INV,,20240425,202404,69,7,819,12,AE,AED,3.6725,6,4800.0,0.1687,28800.0,4858.56,23941.44,12960.0,10981.44,1.25,,0,87924.94
L0004154,INV-2024-002042,INV,,20240426,202404,65,7,807,15,AE,AED,3.6725,1,1100.0,0.1875,1100.0,206.25,893.75,858.0,35.75,1.0,,0,3282.3
L0003460,INV-2024-001698,INV,,20240426,202404,22,2,239,7,EG,EGP,47.9404,2,1200.0,0.0602,2400.0,144.48,2255.52,720.0,1535.52,1.0,,0,108130.53
L0003815,INV-2024-001872,INV,,20240426,202404,47,5,632,3,SA,SAR,3.75,1,3600.0,0.0751,3600.0,270.36,3329.64,1620.0,1709.64,1.0,,0,12486.15
L0004163,INV-2024-002045,INV,,20240426,202404,65,7,799,10,AE,AED,3.6725,1,3000.0,0.1552,3000.0,465.6,2534.4,900.0,1634.4,1.25,,0,9307.58
L0004251,INV-2024-002087,INV,,20240426,202404,71,7,783,16,AE,AED,3.6725,2,2200.0,0.1357,4400.0,597.08,3802.92,3520.0,282.92,1.0,,0,13966.22
L0003977,INV-2024-001962,INV,,20240426,202404,53,5,663,1,SA,SAR,3.75,1,2400.0,0.09,2400.0,216.0,2184.0,1320.0,864.0,1.0,,0,8190.0
L0003823,INV-2024-001878,INV,,20240426,202404,47,5,543,7,SA,SAR,3.75,5,1200.0,0.0761,6000.0,456.6,5543.4,1800.0,3743.4,1.0,,0,20787.75
L0003766,INV-2024-001848,INV,,20240426,202404,43,4,376,9,SA,SAR,3.75,2,6000.0,0.0954,12000.0,1144.8,10855.2,4200.0,6655.2,1.25,,0,40707.0
L0004028,INV-2024-001989,INV,,20240426,202404,55,5,454,16,SA,SAR,3.75,2,2200.0,0.0553,4400.0,243.32,4156.68,3520.0,636.68,1.0,,0,15587.55
L0003978,INV-2024-001962,INV,,20240426,202404,53,5,663,15,SA,SAR,3.75,2,1100.0,0.0918,2200.0,201.96,1998.04,1716.0,282.04,1.0,,0,7492.65
L0003506,INV-2024-001723,INV,,20240427,202404,24,2,80,17,EG,EGP,47.9404,1,450.0,0.0986,450.0,44.37,405.63,337.5,68.13,1.0,,0,19446.06
L0003907,INV-2024-001923,INV,,20240427,202404,51,5,459,1,SA,SAR,3.75,1,2400.0,0.0421,2400.0,101.04,2298.96,1320.0,978.96,1.0,,0,8621.1
L0004071,INV-2024-002004,INV,,20240427,202404,59,6,749,14,AE,AED,3.6725,1,9600.0,0.1586,9600.0,1522.56,8077.44,4800.0,3277.44,1.25,,0,29664.4
L0003553,INV-2024-001754,INV,,20240427,202404,28,2,71,17,EG,EGP,47.9404,6,450.0,0.0397,2700.0,107.19,2592.81,2025.0,567.81,1.0,,0,124300.35
L0003602,INV-2024-001779,INV,,20240427,202404,30,3,369,10,EG,EGP,47.9404,1,3000.0,0.1469,3000.0,440.7,2559.3,900.0,1659.3,1.25,,0,122693.87
L0003646,INV-2024-001797,INV,,20240427,202404,32,3,370,17,EG,EGP,47.9404,2,450.0,0.1972,900.0,177.48,722.52,675.0,47.52,1.0,,0,34637.9
L0003257,INV-2024-001600,INV,,20240427,202404,10,1,25,5,EG,EGP,47.9404,3,1800.0,0.1167,5400.0,630.18,4769.82,2160.0,2609.82,1.0,,0,228667.08
L0004064,INV-2024-002001,INV,,20240427,202404,59,6,772,8,AE,AED,3.6725,10,1500.0,0.161,15000.0,2415.0,12585.0,10500.0,2085.0,1.0,,0,46218.41
L0003392,INV-2024-001658,INV,,20240427,202404,19,2,316,7,EG,EGP,47.9404,1,1200.0,0.0002,1200.0,0.24,1199.76,360.0,839.76,1.0,,0,57516.97
L0004132,INV-2024-002033,INV,,20240427,202404,64,6,763,10,AE,AED,3.6725,2,3000.0,0.0944,6000.0,566.4,5433.6,1800.0,3633.6,1.25,,0,19954.9
L0004070,INV-2024-002004,INV,,20240427,202404,59,6,749,3,AE,AED,3.6725,7,3600.0,0.1468,25200.0,3699.36,21500.64,11340.0,10160.64,1.0,,0,78961.1
L0003442,INV-2024-001688,INV,,20240427,202404,21,2,148,3,EG,EGP,47.9404,1,3600.0,0.0483,3600.0,173.88,3426.12,1620.0,1806.12,1.0,,0,164249.56
L0003389,INV-2024-001656,INV,,20240427,202404,19,2,316,10,EG,EGP,47.9404,1,3000.0,0.0331,3000.0,99.3,2900.7,900.0,2000.7,1.25,,0,139060.72
L0003683,INV-2024-001816,INV,,20240427,202404,36,4,385,5,SA,SAR,3.75,3,1800.0,0.0687,5400.0,370.98,5029.02,2160.0,2869.02,1.0,,0,18858.82
L0003241,INV-2024-001593,INV,,20240427,202404,9,1,14,13,EG,EGP,47.9404,1,12000.0,0.085,12000.0,1020.0,10980.0,5040.0,5940.0,1.25,,0,526385.59
L0004229,INV-2024-002075,INV,,20240427,202404,69,7,778,15,AE,AED,3.6725,1,1100.0,0.1629,1100.0,179.19,920.81,858.0,62.81,1.0,,0,3381.67
L0003312,INV-2024-001621,INV,,20240427,202404,14,1,56,3,EG,EGP,47.9404,2,3600.0,0.1282,7200.0,923.04,6276.96,3240.0,3036.96,1.0,,0,300919.97
L0004310,INV-2024-002121,INV,,20240428,202404,76,8,964,15,OM,OMR,0.3845,1,1100.0,0.0733,1100.0,80.62,1019.38,858.0,161.38,1.0,,1,391.95
L0003937,INV-2024-001940,INV,,20240428,202404,52,5,486,7,SA,SAR,3.75,1,1200.0,0.0977,1200.0,117.24,1082.76,360.0,722.76,1.0,,1,4060.35
L0003613,INV-2024-001783,INV,,20240428,202404,30,3,364,7,EG,EGP,47.9404,1,1200.0,0.1586,1200.0,190.32,1009.68,360.0,649.68,1.0,,1,48404.46
L0003938,INV-2024-001940,INV,,20240428,202404,52,5,486,1,SA,SAR,3.75,1,2400.0,0.0515,2400.0,123.6,2276.4,1320.0,956.4,1.0,,1,8536.5
L0003261,INV-2024-001601,INV,,20240428,202404,10,1,58,18,EG,EGP,47.9404,6,800.0,0.1613,4800.0,774.24,4025.76,2640.0,1385.76,1.0,,1,192996.54
L0003266,INV-2024-001602,INV,,20240428,202404,10,1,45,7,EG,EGP,47.9404,3,1200.0,0.1757,3600.0,632.52,2967.48,1080.0,1887.48,1.0,,1,142262.18
L0003832,INV-2024-001884,INV,,20240428,202404,47,5,447,1,SA,SAR,3.75,1,2400.0,0.0738,2400.0,177.12,2222.88,1320.0,902.88,1.0,,1,8335.8
L0003910,INV-2024-001925,INV,,20240428,202404,51,5,612,1,SA,SAR,3.75,1,2400.0,0.0637,2400.0,152.88,2247.12,1320.0,927.12,1.0,,1,8426.7
L0003786,INV-2024-001856,INV,,20240428,202404,46,5,570,16,SA,SAR,3.75,1,2200.0,0.0745,2200.0,163.9,2036.1,1760.0,276.1,1.0,,1,7635.38
L0003576,INV-2024-001766,INV,,20240428,202404,28,2,213,12,EG,EGP,47.9404,1,4800.0,0.0909,4800.0,436.32,4363.68,2160.0,2203.68,1.25,,1,209196.56
L0004147,INV-2024-002039,INV,,20240428,202404,65,7,791,10,AE,AED,3.6725,1,3000.0,0.1807,3000.0,542.1,2457.9,900.0,1557.9,1.25,,1,9026.64
L0003852,INV-2024-001893,INV,,20240428,202404,48,5,535,7,SA,SAR,3.75,1,1200.0,0.0,1200.0,0.0,1200.0,360.0,840.0,1.0,,1,4500.0
L0003806,INV-2024-001867,INV,,20240428,202404,46,5,602,1,SA,SAR,3.75,1,2400.0,0.1155,2400.0,277.2,2122.8,1320.0,802.8,1.0,,1,7960.5
L0003238,INV-2024-001591,INV,,20240429,202404,9,1,10,3,EG,EGP,47.9404,1,3600.0,0.1299,3600.0,467.64,3132.36,1620.0,1512.36,1.0,,1,150166.59
L0004221,INV-2024-002072,INV,,20240429,202404,69,7,777,10,AE,AED,3.6725,3,3000.0,0.1457,9000.0,1311.3,7688.7,2700.0,4988.7,1.25,,1,28236.75
L0004004,INV-2024-001976,INV,,20240429,202404,54,5,603,1,SA,SAR,3.75,1,2400.0,0.1029,2400.0,246.96,2153.04,1320.0,833.04,1.0,,1,8073.9
L0003637,INV-2024-001793,INV,,20240429,202404,31,3,368,7,EG,EGP,47.9404,1,1200.0,0.2184,1200.0,262.08,937.92,360.0,577.92,1.0,,1,44964.26
L0003250,INV-2024-001598,INV,,20240429,202404,10,1,63,12,EG,EGP,47.9404,1,4800.0,0.1672,4800.0,802.56,3997.44,2160.0,1837.44,1.25,,1,191638.87
L0003537,INV-2024-001744,INV,,20240429,202404,27,2,183,8,EG,EGP,47.9404,2,1500.0,0.0763,3000.0,228.9,2771.1,2100.0,671.1,1.0,,1,132847.64
L0003745,INV-2024-001839,INV,,20240429,202404,41,4,438,8,SA,SAR,3.75,1,1500.0,0.1017,1500.0,152.55,1347.45,1050.0,297.45,1.0,,1,5052.94
L0003253,INV-2024-001598,INV,,20240429,202404,10,1,63,10,EG,EGP,47.9404,1,3000.0,0.1801,3000.0,540.3,2459.7,900.0,1559.7,1.25,,1,117919.0
L0003403,INV-2024-001664,INV,,20240429,202404,19,2,109,1,EG,EGP,47.9404,1,2400.0,0.0625,2400.0,150.0,2250.0,1320.0,930.0,1.0,,1,107865.9
L0004015,INV-2024-001982,INV,,20240429,202404,55,5,563,1,SA,SAR,3.75,1,2400.0,0.0415,2400.0,99.6,2300.4,1320.0,980.4,1.0,,1,8626.5
L0003570,INV-2024-001763,INV,,20240430,202404,28,2,231,10,EG,EGP,47.9404,1,3000.0,0.0214,3000.0,64.2,2935.8,900.0,2035.8,1.25,,1,140743.43
L0004227,INV-2024-002074,INV,,20240430,202404,69,7,787,16,AE,AED,3.6725,4,2200.0,0.2014,8800.0,1772.32,7027.68,7040.0,-12.32,1.0,,1,25809.15
L0004044,INV-2024-001995,INV,,20240430,202404,57,6,731,12,AE,AED,3.6725,1,4800.0,0.1576,4800.0,756.48,4043.52,2160.0,1883.52,1.25,,1,14849.83
L0003333,INV-2024-001628,INV,,20240430,202404,15,1,58,12,EG,EGP,47.9404,3,4800.0,0.1167,14400.0,1680.48,12719.52,6480.0,6239.52,1.25,,1,609778.88
L0003826,INV-2024-001880,INV,,20240430,202404,47,5,547,16,SA,SAR,3.75,1,2200.0,0.0906,2200.0,199.32,2000.68,1760.0,240.68,1.0,,1,7502.55
L0003274,INV-2024-001605,INV,,20240430,202404,11,1,8,18,EG,EGP,47.9404,1,800.0,0.073,800.0,58.4,741.6,440.0,301.6,1.0,,1,35552.6
L0003844,INV-2024-001889,INV,,20240430,202404,48,5,519,1,SA,SAR,3.75,1,2400.0,0.0,2400.0,0.0,2400.0,1320.0,1080.0,1.0,,1,9000.0
L0004312,INV-2024-002122,INV,,20240430,202404,76,8,900,8,OM,OMR,0.3845,3,1500.0,0.0717,4500.0,322.65,4177.35,3150.0,1027.35,1.0,,1,1606.19
L0004226,INV-2024-002074,INV,,20240430,202404,69,7,787,16,AE,AED,3.6725,3,2200.0,0.2232,6600.0,1473.12,5126.88,5280.0,-153.12,1.0,,1,18828.47
L0003586,INV-2024-001770,INV,,20240430,202404,29,3,364,8,EG,EGP,47.9404,6,1500.0,0.2421,9000.0,2178.9,6821.1,6300.0,521.1,1.0,,1,327006.26
L0004692,INV-2024-002314,INV,,20240501,202405,26,2,115,10,EG,EGP,47.8847,1,3000.0,0.102,3000.0,306.0,2694.0,900.0,1794.0,1.25,,0,129001.38
L0004467,INV-2024-002184,INV,,20240501,202405,16,1,31,16,EG,EGP,47.8847,4,2200.0,0.1094,8800.0,962.72,7837.28,7040.0,797.28,1.0,,0,375285.8
L0004644,INV-2024-002281,INV,,20240501,202405,24,2,285,18,EG,EGP,47.8847,2,800.0,0.1239,1600.0,198.24,1401.76,880.0,521.76,1.0,,0,67122.86
L0005186,INV-2024-002571,INV,,20240501,202405,57,6,748,15,AE,AED,3.6725,2,1100.0,0.1004,2200.0,220.88,1979.12,1716.0,263.12,1.0,,0,7268.32
L0004395,INV-2024-002161,INV,,20240501,202405,12,1,26,10,EG,EGP,47.8847,1,3000.0,0.0326,3000.0,97.8,2902.2,900.0,2002.2,1.25,,0,138970.98
L0004671,INV-2024-002299,INV,,20240501,202405,25,2,315,16,EG,EGP,47.8847,1,2200.0,0.0215,2200.0,47.3,2152.7,1760.0,392.7,1.0,,0,103081.39
L0004981,INV-2024-002445,INV,,20240503,202405,46,5,500,18,SA,SAR,3.75,1,800.0,0.0523,800.0,41.84,758.16,440.0,318.16,1.0,,0,2843.1
L0005440,INV-2024-002676,INV,,20240503,202405,73,8,909,7,OM,OMR,0.3845,1,1200.0,0.0217,1200.0,26.03,1173.97,360.0,813.97,1.0,,0,451.39
L0004898,INV-2024-002409,INV,,20240503,202405,40,4,378,8,SA,SAR,3.75,5,1500.0,0.0776,7500.0,582.0,6918.0,5250.0,1668.0,1.0,,0,25942.5
L0005082,INV-2024-002507,INV,,20240503,202405,51,5,474,7,SA,SAR,3.75,4,1200.0,0.0561,4800.0,269.28,4530.72,1440.0,3090.72,1.0,,0,16990.2
L0004987,INV-2024-002447,INV,,20240504,202405,46,5,644,17,SA,SAR,3.75,7,450.0,0.052,3150.0,163.8,2986.2,2362.5,623.7,1.0,,0,11198.25
L0004986,INV-2024-002447,INV,,20240504,202405,46,5,644,12,SA,SAR,3.75,1,4800.0,0.0634,4800.0,304.32,4495.68,2160.0,2335.68,1.25,,0,16858.8
L0005095,INV-2024-002516,INV,,20240505,202405,52,5,511,7,SA,SAR,3.75,1,1200.0,0.0556,1200.0,66.72,1133.28,360.0,773.28,1.0,,0,4249.8
L0004429,INV-2024-002171,INV,,20240505,202405,14,1,12,10,EG,EGP,47.8847,1,3000.0,0.1474,3000.0,442.2,2557.8,900.0,1657.8,1.25,,0,122479.49
L0005291,INV-2024-002610,INV,,20240505,202405,65,7,820,10,AE,AED,3.6725,1,3000.0,0.1748,3000.0,524.4,2475.6,900.0,1575.6,1.25,,0,9091.64
L0005292,INV-2024-002610,INV,,20240505,202405,65,7,820,17,AE,AED,3.6725,1,450.0,0.1429,450.0,64.31,385.69,337.5,48.19,1.0,,0,1416.46
L0005264,INV-2024-002599,INV,,20240505,202405,62,6,771,17,AE,AED,3.6725,28,450.0,0.0924,12599.96,1164.24,11435.72,9450.0,1985.72,1.0,,0,41997.7
L0005108,INV-2024-002524,INV,,20240505,202405,52,5,516,8,SA,SAR,3.75,9,1500.0,0.0542,13500.0,731.7,12768.3,9450.0,3318.3,1.0,,0,47881.12
L0005399,INV-2024-002657,INV,,20240505,202405,71,7,800,16,AE,AED,3.6725,4,2200.0,0.1534,8800.0,1349.92,7450.08,7040.0,410.08,1.0,,0,27360.42
L0005423,INV-2024-002667,INV,,20240506,202405,73,8,841,17,OM,OMR,0.3845,1,449.99,0.0075,449.99,3.38,446.61,337.5,109.11,1.0,,0,171.72
L0004346,INV-2024-002141,INV,,20240507,202405,9,1,17,7,EG,EGP,47.8847,1,1200.0,0.088,1200.0,105.6,1094.4,360.0,734.4,1.0,,0,52405.02
L0005476,INV-2024-002699,INV,,20240507,202405,75,8,876,10,OM,OMR,0.3845,2,3000.0,0.0768,6000.0,460.81,5539.19,1800.0,3739.19,1.25,,0,2129.82
L0004384,INV-2024-002157,INV,,20240507,202405,11,1,5,18,EG,EGP,47.8847,1,800.0,0.0912,800.0,72.96,727.04,440.0,287.04,1.0,,0,34814.09
L0005019,INV-2024-002467,INV,,20240507,202405,48,5,461,15,SA,SAR,3.75,2,1100.0,0.0167,2200.0,36.74,2163.26,1716.0,447.26,1.0,,0,8112.22
L0004482,INV-2024-002190,INV,,20240508,202405,17,1,32,10,EG,EGP,47.8847,1,3000.0,0.0977,3000.0,293.1,2706.9,900.0,1806.9,1.25,,0,129619.09
L0005181,INV-2024-002568,INV,,20240508,202405,57,6,713,12,AE,AED,3.6725,1,4800.0,0.112,4800.0,537.6,4262.4,2160.0,2102.4,1.25,,0,15653.66
L0004431,INV-2024-002173,INV,,20240508,202405,14,1,61,14,EG,EGP,47.8847,1,9600.0,0.1351,9600.0,1296.96,8303.04,4800.0,3503.04,1.25,,0,397588.58
L0004370,INV-2024-002152,INV,,20240508,202405,11,1,62,12,EG,EGP,47.8847,1,4800.0,0.079,4800.0,379.2,4420.8,2160.0,2260.8,1.25,,0,211688.68
L0004901,INV-2024-002411,INV,,20240508,202405,40,4,430,19,SA,SAR,3.75,7,5500.0,0.1633,38500.0,6287.05,32212.95,17325.0,14887.95,1.0,,0,120798.56
L0005495,INV-2024-002711,INV,,20240509,202405,76,8,949,16,OM,OMR,0.3845,2,2200.0,0.1312,4400.0,577.27,3822.73,3520.0,302.73,1.0,,0,1469.84
L0005222,INV-2024-002585,INV,,20240509,202405,59,6,708,12,AE,AED,3.6725,1,4800.0,0.1491,4800.0,715.68,4084.32,2160.0,1924.32,1.25,,0,14999.67
L0005046,INV-2024-002484,INV,,20240509,202405,50,5,458,20,SA,SAR,3.75,6,1500.0,0.1005,9000.0,904.5,8095.5,4500.0,3595.5,1.0,,0,30358.12
L0005430,INV-2024-002670,INV,,20240510,202405,73,8,838,17,OM,OMR,0.3845,6,449.99,0.0054,2699.92,14.59,2685.33,2025.0,660.33,1.0,,0,1032.51
L0005250,INV-2024-002592,INV,,20240510,202405,61,6,731,3,AE,AED,3.6725,1,3600.0,0.0931,3600.0,335.16,3264.84,1620.0,1644.84,1.0,,0,11990.12
L0004480,INV-2024-002189,INV,,20240510,202405,17,1,67,12,EG,EGP,47.8847,2,4800.0,0.1188,9600.0,1140.48,8459.52,4320.0,4139.52,1.25,,0,405081.58
L0004932,INV-2024-002422,INV,,20240510,202405,42,4,421,5,SA,SAR,3.75,5,1800.0,0.0908,9000.0,817.2,8182.8,3600.0,4582.8,1.0,,0,30685.5
L0004931,INV-2024-002422,INV,,20240510,202405,42,4,421,10,SA,SAR,3.75,1,3000.0,0.0643,3000.0,192.9,2807.1,900.0,1907.1,1.25,,0,10526.62
L0005172,INV-2024-002565,INV,,20240511,202405,56,6,766,18,AE,AED,3.6725,13,800.0,0.151,10400.0,1570.4,8829.6,5720.0,3109.6,1.0,,0,32426.71
L0005278,INV-2024-002604,INV,,20240511,202405,64,6,756,10,AE,AED,3.6725,1,3000.0,0.0928,3000.0,278.4,2721.6,900.0,1821.6,1.25,,0,9995.08
L0004819,INV-2024-002378,INV,,20240511,202405,35,3,366,1,EG,EGP,47.8847,1,2400.0,0.2014,2400.0,483.36,1916.64,1320.0,596.64,1.0,,0,91777.73
L0004880,INV-2024-002403,INV,,20240511,202405,39,4,441,12,SA,SAR,3.75,1,4800.0,0.0999,4800.0,479.52,4320.48,2160.0,2160.48,1.25,,0,16201.8
L0004796,INV-2024-002367,INV,,20240511,202405,34,3,359,7,EG,EGP,47.8847,8,1200.0,0.212,9600.0,2035.2,7564.8,2880.0,4684.8,1.0,,0,362238.18
L0004616,INV-2024-002262,INV,,20240511,202405,22,2,177,1,EG,EGP,47.8847,1,2400.0,0.0473,2400.0,113.52,2286.48,1320.0,966.48,1.0,,0,109487.41
L0005300,INV-2024-002613,INV,,20240512,202405,66,7,789,17,AE,AED,3.6725,6,450.0,0.154,2699.99,415.8,2284.19,2025.0,259.19,1.0,,0,8388.7
L0005411,INV-2024-002661,INV,,20240512,202405,71,7,816,17,AE,AED,3.6725,1,450.0,0.1612,450.0,72.54,377.46,337.5,39.96,1.0,,0,1386.22
L0005404,INV-2024-002659,INV,,20240512,202405,71,7,799,16,AE,AED,3.6725,7,2200.0,0.177,15400.0,2725.8,12674.2,12320.0,354.2,1.0,,0,46546.0
L0004585,INV-2024-002245,INV,,20240512,202405,21,2,209,15,EG,EGP,47.8847,2,1100.0,0.0333,2200.0,73.26,2126.74,1716.0,410.74,1.0,,0,101838.31
L0005100,INV-2024-002519,INV,,20240512,202405,52,5,452,3,SA,SAR,3.75,1,3600.0,0.0374,3600.0,134.64,3465.36,1620.0,1845.36,1.0,,0,12995.1
L0004355,INV-2024-002145,INV,,20240513,202405,10,1,1,1,EG,EGP,47.8847,1,2400.0,0.1641,2400.0,393.84,2006.16,1320.0,686.16,1.0,,0,96064.37
L0005323,INV-2024-002623,INV,,20240513,202405,66,7,782,16,AE,AED,3.6725,2,2200.0,0.219,4400.0,963.6,3436.4,3520.0,-83.6,1.0,,0,12620.18
L0005336,INV-2024-002628,INV,,20240513,202405,67,7,819,6,AE,AED,3.6725,1,7500.0,0.1822,7500.0,1366.5,6133.5,2850.0,3283.5,1.0,,0,22525.28
L0005321,INV-2024-002623,INV,,20240513,202405,66,7,782,1,AE,AED,3.6725,1,2400.0,0.1766,2400.0,423.84,1976.16,1320.0,656.16,1.0,,0,7257.45
L0004354,INV-2024-002145,INV,,20240513,202405,10,1,1,5,EG,EGP,47.8847,3,1800.0,0.1507,5400.0,813.78,4586.22,2160.0,2426.22,1.0,,0,219609.77
L0005472,INV-2024-002697,INV,,20240513,202405,75,8,914,15,OM,OMR,0.3845,2,1100.0,0.0352,2200.0,77.45,2122.55,1716.0,406.55,1.0,,0,816.12
L0005318,INV-2024-002621,INV,,20240513,202405,66,7,805,1,AE,AED,3.6725,3,2400.0,0.1886,7200.0,1357.92,5842.08,3960.0,1882.08,1.0,,0,21455.04
L0004572,INV-2024-002238,INV,,20240514,202405,21,2,174,17,EG,EGP,47.8847,2,450.0,0.0406,900.0,36.54,863.46,675.0,188.46,1.0,,0,41346.53
L0004536,INV-2024-002216,INV,,20240514,202405,19,2,104,16,EG,EGP,47.8847,2,2200.0,0.0155,4400.0,68.2,4331.8,3520.0,811.8,1.0,,0,207426.94
L0004935,INV-2024-002424,INV,,20240515,202405,43,4,407,7,SA,SAR,3.75,24,1200.0,0.0965,28800.0,2779.2,26020.8,8640.0,17380.8,1.0,,0,97578.0
L0004800,INV-2024-002370,INV,,20240515,202405,34,3,369,15,EG,EGP,47.8847,2,1100.0,0.1411,2200.0,310.42,1889.58,1716.0,173.58,1.0,,0,90481.97
L0004859,INV-2024-002395,INV,,20240515,202405,37,4,409,3,SA,SAR,3.75,2,3600.0,0.1407,7200.0,1013.04,6186.96,3240.0,2946.96,1.0,,0,23201.1
L0005083,INV-2024-002508,INV,,20240515,202405,51,5,605,7,SA,SAR,3.75,4,1200.0,0.0082,4800.0,39.36,4760.64,1440.0,3320.64,1.0,,0,17852.4
L0005001,INV-2024-002455,INV,,20240515,202405,47,5,648,1,SA,SAR,3.75,3,2400.0,0.0775,7200.0,558.0,6642.0,3960.0,2682.0,1.0,,0,24907.5
L0005463,INV-2024-002690,INV,,20240517,202405,74,8,906,7,OM,OMR,0.3845,1,1200.0,0.0802,1200.0,96.23,1103.77,360.0,743.77,1.0,,0,424.4
L0004634,INV-2024-002274,INV,,20240517,202405,23,2,215,15,EG,EGP,47.8847,1,1100.0,0.1109,1100.0,121.99,978.01,858.0,120.01,1.0,,0,46831.72
L0005358,INV-2024-002639,INV,,20240517,202405,68,7,804,17,AE,AED,3.6725,1,450.0,0.2024,450.0,91.08,358.92,337.5,21.42,1.0,,0,1318.13
L0004470,INV-2024-002185,INV,,20240517,202405,16,1,17,12,EG,EGP,47.8847,1,4800.0,0.0503,4800.0,241.44,4558.56,2160.0,2398.56,1.25,,0,218285.28
L0004869,INV-2024-002398,INV,,20240517,202405,37,4,388,3,SA,SAR,3.75,1,3600.0,0.1328,3600.0,478.08,3121.92,1620.0,1501.92,1.0,,0,11707.2
L0005288,INV-2024-002608,INV,,20240517,202405,64,6,730,12,AE,AED,3.6725,1,4800.0,0.0668,4800.0,320.64,4479.36,2160.0,2319.36,1.25,,0,16450.45
L0005002,INV-2024-002456,INV,,20240517,202405,47,5,626,1,SA,SAR,3.75,1,2400.0,0.0688,2400.0,165.12,2234.88,1320.0,914.88,1.0,,0,8380.8
L0004471,INV-2024-002185,INV,,20240517,202405,16,1,17,7,EG,EGP,47.8847,1,1200.0,0.0342,1200.0,41.04,1158.96,360.0,798.96,1.0,,0,55496.45
L0004531,INV-2024-002213,INV,,20240517,202405,19,2,238,10,EG,EGP,47.8847,1,3000.0,0.0463,3000.0,138.9,2861.1,900.0,1961.1,1.25,,0,137002.92
L0004946,INV-2024-002428,INV,,20240518,202405,44,4,410,18,SA,SAR,3.75,19,800.0,0.1578,15200.0,2398.56,12801.44,8360.0,4441.44,1.0,,0,48005.4
L0005237,INV-2024-002589,INV,,20240518,202405,61,6,771,10,AE,AED,3.6725,1,3000.0,0.0487,3000.0,146.1,2853.9,900.0,1953.9,1.25,,0,10480.95
L0004914,INV-2024-002415,INV,,20240518,202405,41,4,379,10,SA,SAR,3.75,1,3000.0,0.061,3000.0,183.0,2817.0,900.0,1917.0,1.25,,0,10563.75
L0004741,INV-2024-002344,INV,,20240518,202405,30,3,367,17,EG,EGP,47.8847,1,450.0,0.1793,450.0,80.68,369.32,337.5,31.82,1.0,,0,17684.54
L0004755,INV-2024-002349,INV,,20240518,202405,31,3,360,17,EG,EGP,47.8847,5,450.0,0.2066,2250.0,464.85,1785.15,1687.5,97.65,1.0,,0,85481.39
L0005414,INV-2024-002662,INV,,20240518,202405,73,8,945,1,OM,OMR,0.3845,1,2400.0,0.0271,2400.0,65.05,2334.95,1320.0,1014.95,1.0,,0,897.79
L0004947,INV-2024-002428,INV,,20240518,202405,44,4,410,10,SA,SAR,3.75,1,3000.0,0.1672,3000.0,501.6,2498.4,900.0,1598.4,1.25,,0,9369.0
L0004424,INV-2024-002170,INV,,20240518,202405,14,1,27,10,EG,EGP,47.8847,1,3000.0,0.1488,3000.0,446.4,2553.6,900.0,1653.6,1.25,,0,122278.37
L0005023,INV-2024-002469,INV,,20240519,202405,48,5,527,16,SA,SAR,3.75,1,2200.0,0.0056,2200.0,12.32,2187.68,1760.0,427.68,1.0,,0,8203.8
L0004661,INV-2024-002292,INV,,20240520,202405,25,2,290,15,EG,EGP,47.8847,3,1100.0,0.0605,3300.0,199.65,3100.35,2574.0,526.35,1.0,,0,148459.33
L0005176,INV-2024-002567,INV,,20240520,202405,57,6,759,10,AE,AED,3.6725,1,3000.0,0.1102,3000.0,330.6,2669.4,900.0,1769.4,1.25,,0,9803.37
L0005178,INV-2024-002567,INV,,20240520,202405,57,6,759,10,AE,AED,3.6725,5,3000.0,0.1182,15000.0,1773.0,13227.0,4500.0,8727.0,1.25,,0,48576.16
L0005036,INV-2024-002478,INV,,20240521,202405,49,5,449,1,SA,SAR,3.75,1,2400.0,0.0669,2400.0,160.56,2239.44,1320.0,919.44,1.0,,0,8397.9
L0005230,INV-2024-002587,INV,,20240521,202405,61,6,751,20,AE,AED,3.6725,12,1500.0,0.0615,18000.0,1107.0,16893.0,9000.0,7893.0,1.0,,0,62039.54
L0004894,INV-2024-002408,INV,,20240521,202405,40,4,405,7,SA,SAR,3.75,1,1200.0,0.113,1200.0,135.6,1064.4,360.0,704.4,1.0,,0,3991.5
L0005307,INV-2024-002616,INV,,20240521,202405,66,7,780,7,AE,AED,3.6725,1,1200.0,0.1944,1200.0,233.28,966.72,360.0,606.72,1.0,,0,3550.28
L0004891,INV-2024-002408,INV,,20240521,202405,40,4,405,12,SA,SAR,3.75,1,4800.0,0.114,4800.0,547.2,4252.8,2160.0,2092.8,1.25,,0,15948.0
L0004843,INV-2024-002389,INV,,20240523,202405,36,4,395,7,SA,SAR,3.75,1,1200.0,0.1131,1200.0,135.72,1064.28,360.0,704.28,1.0,,0,3991.05
L0004560,INV-2024-002231,INV,,20240523,202405,20,2,273,7,EG,EGP,47.8847,1,1200.0,0.0864,1200.0,103.68,1096.32,360.0,736.32,1.0,,0,52496.95
L0004403,INV-2024-002163,INV,,20240523,202405,13,1,49,18,EG,EGP,47.8847,4,800.0,0.163,3200.0,521.6,2678.4,1760.0,918.4,1.0,,0,128254.38
L0005283,INV-2024-002607,INV,,20240523,202405,64,6,733,4,AE,AED,3.6725,1,9000.0,0.0881,9000.0,792.9,8207.1,4950.0,3257.1,1.0,,0,30140.57
L0005009,INV-2024-002461,INV,,20240523,202405,47,5,526,3,SA,SAR,3.75,1,3600.0,0.0751,3600.0,270.36,3329.64,1620.0,1709.64,1.0,,0,12486.15
L0004404,INV-2024-002163,INV,,20240523,202405,13,1,49,12,EG,EGP,47.8847,1,4800.0,0.1876,4800.0,900.48,3899.52,2160.0,1739.52,1.25,,0,186727.35
L0004816,INV-2024-002377,INV,,20240524,202405,35,3,364,16,EG,EGP,47.8847,2,2200.0,0.1515,4400.0,666.6,3733.4,3520.0,213.4,1.0,,0,178772.74
L0004496,INV-2024-002193,INV,,20240524,202405,17,1,42,20,EG,EGP,47.8847,4,1500.0,0.0835,6000.0,501.0,5499.0,3000.0,2499.0,1.0,,0,263317.97
L0005486,INV-2024-002705,INV,,20240524,202405,76,8,931,17,OM,OMR,0.3845,4,449.99,0.1196,1799.95,215.27,1584.68,1350.0,234.68,1.0,,0,609.31
L0004495,INV-2024-002193,INV,,20240524,202405,17,1,42,7,EG,EGP,47.8847,8,1200.0,0.0918,9600.0,881.28,8718.72,2880.0,5838.72,1.0,,0,417493.29
L0005365,INV-2024-002642,INV,,20240525,202405,68,7,786,10,AE,AED,3.6725,1,3000.0,0.1748,3000.0,524.4,2475.6,900.0,1575.6,1.25,,0,9091.64
L0004511,INV-2024-002201,INV,,20240525,202405,18,2,135,17,EG,EGP,47.8847,4,450.0,0.0159,1800.0,28.62,1771.38,1350.0,421.38,1.0,,0,84822.02
L0005483,INV-2024-002704,INV,,20240525,202405,76,8,927,10,OM,OMR,0.3845,2,3000.0,0.107,6000.0,642.0,5358.0,1800.0,3558.0,1.25,,0,2060.15
L0005298,INV-2024-002612,INV,,20240526,202405,65,7,789,7,AE,AED,3.6725,1,1200.0,0.1735,1200.0,208.2,991.8,360.0,631.8,1.0,,0,3642.39
L0030776,CN-2024-00022,CN,INV-2024-000942,20240526,202405,67,7,803,7,AE,AED,3.6725,-1,1200.0,0.1872,-1200.0,-224.64,-975.36,-360.0,-615.36,1.0,91.0,0,-3582.01
L0004774,INV-2024-002359,INV,,20240526,202405,32,3,350,8,EG,EGP,47.8847,4,1500.0,0.2442,6000.0,1465.2,4534.8,4200.0,334.8,1.0,,0,217147.54
L0004957,INV-2024-002432,INV,,20240527,202405,45,4,440,12,SA,SAR,3.75,1,4800.0,0.124,4800.0,595.2,4204.8,2160.0,2044.8,1.25,,0,15768.0
L0004624,INV-2024-002267,INV,,20240527,202405,23,2,262,1,EG,EGP,47.8847,1,2400.0,0.0813,2400.0,195.12,2204.88,1320.0,884.88,1.0,,0,105580.02
L0004621,INV-2024-002265,INV,,20240527,202405,23,2,196,1,EG,EGP,47.8847,1,2400.0,0.0932,2400.0,223.68,2176.32,1320.0,856.32,1.0,,0,104212.43
L0004489,INV-2024-002192,INV,,20240527,202405,17,1,48,7,EG,EGP,47.8847,1,1200.0,0.0602,1200.0,72.24,1127.76,360.0,767.76,1.0,,0,54002.45
L0005214,INV-2024-002581,INV,,20240527,202405,59,6,766,1,AE,AED,3.6725,1,2400.0,0.1485,2400.0,356.4,2043.6,1320.0,723.6,1.0,,0,7505.12
L0004619,INV-2024-002263,INV,,20240527,202405,22,2,279,7,EG,EGP,47.8847,1,1200.0,0.046,1200.0,55.2,1144.8,360.0,784.8,1.0,,0,54818.4
L0004563,INV-2024-002233,INV,,20240527,202405,21,2,131,1,EG,EGP,47.8847,1,2400.0,0.033,2400.0,79.2,2320.8,1320.0,1000.8,1.0,,0,111130.81
L0004879,INV-2024-002402,INV,,20240527,202405,39,4,377,17,SA,SAR,3.75,15,450.0,0.1064,6750.0,718.2,6031.8,5062.5,969.3,1.0,,0,22619.25
L0004614,INV-2024-002261,INV,,20240527,202405,22,2,273,17,EG,EGP,47.8847,2,450.0,0.0302,900.0,27.18,872.82,675.0,197.82,1.0,,0,41794.73
L0004809,INV-2024-002373,INV,,20240527,202405,34,3,371,17,EG,EGP,47.8847,18,450.0,0.1737,8100.0,1406.97,6693.03,6075.0,618.03,1.0,,0,320493.81
L0004726,INV-2024-002336,INV,,20240527,202405,29,3,346,10,EG,EGP,47.8847,1,3000.0,0.2158,3000.0,647.4,2352.6,900.0,1452.6,1.25,,0,112653.55
L0005112,INV-2024-002527,INV,,20240527,202405,53,5,473,1,SA,SAR,3.75,1,2400.0,0.114,2400.0,273.6,2126.4,1320.0,806.4,1.0,,0,7974.0
L0004506,INV-2024-002198,INV,,20240527,202405,18,2,240,10,EG,EGP,47.8847,1,3000.0,0.061,3000.0,183.0,2817.0,900.0,1917.0,1.25,,0,134891.2
L0004459,INV-2024-002182,INV,,20240527,202405,15,1,11,20,EG,EGP,47.8847,6,1500.0,0.0875,9000.0,787.5,8212.5,4500.0,3712.5,1.0,,0,393253.1
L0005213,INV-2024-002581,INV,,20240527,202405,59,6,766,18,AE,AED,3.6725,2,800.0,0.1424,1600.0,227.84,1372.16,880.0,492.16,1.0,,0,5039.26
L0004552,INV-2024-002226,INV,,20240528,202405,20,2,112,12,EG,EGP,47.8847,1,4800.0,0.0553,4800.0,265.44,4534.56,2160.0,2374.56,1.25,,0,217136.05
L0005253,INV-2024-002594,INV,,20240528,202405,61,6,755,1,AE,AED,3.6725,3,2400.0,0.0602,7200.0,433.44,6766.56,3960.0,2806.56,1.0,,0,24850.19
L0004703,INV-2024-002321,INV,,20240528,202405,27,2,239,15,EG,EGP,47.8847,2,1100.0,0.013,2200.0,28.6,2171.4,1716.0,455.4,1.0,,0,103976.84
L0005062,INV-2024-002493,INV,,20240528,202405,50,5,553,3,SA,SAR,3.75,1,3600.0,0.0342,3600.0,123.12,3476.88,1620.0,1856.88,1.0,,0,13038.3
L0004633,INV-2024-002273,INV,,20240528,202405,23,2,263,7,EG,EGP,47.8847,1,1200.0,0.0689,1200.0,82.68,1117.32,360.0,757.32,1.0,,0,53502.53
L0004702,INV-2024-002321,INV,,20240528,202405,27,2,239,7,EG,EGP,47.8847,1,1200.0,0.0376,1200.0,45.12,1154.88,360.0,794.88,1.0,,0,55301.08
L0005327,INV-2024-002625,INV,,20240528,202405,66,7,820,1,AE,AED,3.6725,1,2400.0,0.1853,2400.0,444.72,1955.28,1320.0,635.28,1.0,,0,7180.77
L0004407,INV-2024-002164,INV,,20240528,202405,13,1,65,20,EG,EGP,47.8847,6,1500.0,0.1558,9000.0,1402.2,7597.8,4500.0,3097.8,1.0,,0,363818.37
L0004386,INV-2024-002158,INV,,20240528,202405,12,1,56,10,EG,EGP,47.8847,1,3000.0,0.0583,3000.0,174.9,2825.1,900.0,1925.1,1.25,,0,135279.07
L0005339,INV-2024-002629,INV,,20240528,202405,67,7,776,6,AE,AED,3.6725,1,7500.0,0.1968,7500.0,1476.0,6024.0,2850.0,3174.0,1.0,,0,22123.14
L0004387,INV-2024-002158,INV,,20240528,202405,12,1,56,12,EG,EGP,47.8847,1,4800.0,0.0712,4800.0,341.76,4458.24,2160.0,2298.24,1.25,,0,213481.48
L0005140,INV-2024-002544,INV,,20240529,202405,54,5,451,7,SA,SAR,3.75,1,1200.0,0.0648,1200.0,77.76,1122.24,360.0,762.24,1.0,,1,4208.4
L0004545,INV-2024-002222,INV,,20240529,202405,19,2,261,17,EG,EGP,47.8847,2,450.0,0.0442,900.0,39.78,860.22,675.0,185.22,1.0,,1,41191.39
L0005361,INV-2024-002640,INV,,20240529,202405,68,7,788,15,AE,AED,3.6725,15,1100.0,0.2286,16500.0,3771.9,12728.1,12870.0,-141.9,1.0,,1,46743.95
L0004722,INV-2024-002335,INV,,20240529,202405,28,2,125,18,EG,EGP,47.8847,1,800.0,0.0489,800.0,39.12,760.88,440.0,320.88,1.0,,1,36434.51
L0004478,INV-2024-002188,INV,,20240529,202405,16,1,56,1,EG,EGP,47.8847,1,2400.0,0.1245,2400.0,298.8,2101.2,1320.0,781.2,1.0,,1,100615.33
L0005032,INV-2024-002475,INV,,20240529,202405,48,5,561,5,SA,SAR,3.75,2,1800.0,0.0445,3600.0,160.2,3439.8,1440.0,1999.8,1.0,,1,12899.25
L0005281,INV-2024-002605,INV,,20240529,202405,64,6,727,12,AE,AED,3.6725,1,4800.0,0.0995,4800.0,477.6,4322.4,2160.0,2162.4,1.25,,1,15874.01
L0004451,INV-2024-002178,INV,,20240529,202405,14,1,30,15,EG,EGP,47.8847,4,1100.0,0.1704,4400.0,749.76,3650.24,3432.0,218.24,1.0,,1,174790.65
L0004528,INV-2024-002210,INV,,20240529,202405,19,2,212,1,EG,EGP,47.8847,1,2400.0,0.0372,2400.0,89.28,2310.72,1320.0,990.72,1.0,,1,110648.13
L0004570,INV-2024-002237,INV,,20240529,202405,21,2,304,7,EG,EGP,47.8847,1,1200.0,0.0454,1200.0,54.48,1145.52,360.0,785.52,1.0,,1,54852.88
L0005238,INV-2024-002590,INV,,20240529,202405,61,6,772,12,AE,AED,3.6725,1,4800.0,0.0625,4800.0,300.0,4500.0,2160.0,2340.0,1.25,,1,16526.25
L0005110,INV-2024-002526,INV,,20240530,202405,52,5,502,1,SA,SAR,3.75,1,2400.0,0.0687,2400.0,164.88,2235.12,1320.0,915.12,1.0,,1,8381.7
L0004442,INV-2024-002176,INV,,20240530,202405,14,1,37,12,EG,EGP,47.8847,1,4800.0,0.1715,4800.0,823.2,3976.8,2160.0,1816.8,1.25,,1,190427.87
L0005086,INV-2024-002510,INV,,20240530,202405,52,5,601,5,SA,SAR,3.75,6,1800.0,0.0781,10800.0,843.48,9956.52,4320.0,5636.52,1.0,,1,37336.95
L0005008,INV-2024-002460,INV,,20240530,202405,47,5,576,10,SA,SAR,3.75,1,3000.0,0.1086,3000.0,325.8,2674.2,900.0,1774.2,1.25,,1,10028.25
L0005025,INV-2024-002471,INV,,20240530,202405,48,5,458,7,SA,SAR,3.75,4,1200.0,0.0008,4800.0,3.84,4796.16,1440.0,3356.16,1.0,,1,17985.6
L0004344,INV-2024-002140,INV,,20240530,202405,9,1,38,12,EG,EGP,47.8847,1,4800.0,0.1393,4800.0,668.64,4131.36,2160.0,1971.36,1.25,,1,197828.93
L0004853,INV-2024-002393,INV,,20240530,202405,37,4,434,10,SA,SAR,3.75,1,3000.0,0.1371,3000.0,411.3,2588.7,900.0,1688.7,1.25,,1,9707.62
L0004952,INV-2024-002431,INV,,20240530,202405,45,4,421,10,SA,SAR,3.75,1,3000.0,0.1238,3000.0,371.4,2628.6,900.0,1728.6,1.25,,1,9857.25
L0005072,INV-2024-002500,INV,,20240530,202405,51,5,566,8,SA,SAR,3.75,1,1500.0,0.067,1500.0,100.5,1399.5,1050.0,349.5,1.0,,1,5248.12
L0005066,INV-2024-002496,INV,,20240530,202405,50,5,567,7,SA,SAR,3.75,1,1200.0,0.07,1200.0,84.0,1116.0,360.0,756.0,1.0,,1,4185.0
L0005219,INV-2024-002584,INV,,20240530,202405,59,6,720,5,AE,AED,3.6725,7,1800.0,0.1607,12600.0,2024.82,10575.18,5040.0,5535.18,1.0,,1,38837.35
L0004514,INV-2024-002202,INV,,20240530,202405,18,2,113,10,EG,EGP,47.8847,1,3000.0,0.02,3000.0,60.0,2940.0,900.0,2040.0,1.25,,1,140781.02
L0004966,INV-2024-002436,INV,,20240530,202405,45,4,431,1,SA,SAR,3.75,1,2400.0,0.1229,2400.0,294.96,2105.04,1320.0,785.04,1.0,,1,7893.9
L0004885,INV-2024-002405,INV,,20240530,202405,39,4,426,10,SA,SAR,3.75,2,3000.0,0.1112,6000.0,667.2,5332.8,1800.0,3532.8,1.25,,1,19998.0
L0004529,INV-2024-002211,INV,,20240530,202405,19,2,329,17,EG,EGP,47.8847,9,450.0,0.0538,4050.0,217.89,3832.11,3037.5,794.61,1.0,,1,183499.48
L0005204,INV-2024-002577,INV,,20240530,202405,58,6,725,20,AE,AED,3.6725,5,1500.0,0.1312,7500.0,984.0,6516.0,3750.0,2766.0,1.0,,1,23930.01
L0004445,INV-2024-002176,INV,,20240530,202405,14,1,37,12,EG,EGP,47.8847,1,4800.0,0.1347,4800.0,646.56,4153.44,2160.0,1993.44,1.25,,1,198886.23
L0004791,INV-2024-002365,INV,,20240531,202405,34,3,350,17,EG,EGP,47.8847,3,450.0,0.1769,1350.0,238.81,1111.19,1012.5,98.69,1.0,,1,53208.77
L0004781,INV-2024-002361,INV,,20240531,202405,32,3,371,15,EG,EGP,47.8847,1,1100.0,0.2126,1100.0,233.86,866.14,858.0,8.14,1.0,,1,41474.85
L0005289,INV-2024-002609,INV,,20240531,202405,65,7,786,3,AE,AED,3.6725,1,3600.0,0.2327,3600.0,837.72,2762.28,1620.0,1142.28,1.0,,1,10144.47
L0004963,INV-2024-002435,INV,,20240531,202405,45,4,391,18,SA,SAR,3.75,11,800.0,0.1523,8800.0,1340.24,7459.76,4840.0,2619.76,1.0,,1,27974.1
L0005160,INV-2024-002558,INV,,20240531,202405,55,5,547,1,SA,SAR,3.75,1,2400.0,0.0355,2400.0,85.2,2314.8,1320.0,994.8,1.0,,1,8680.5
L0005434,INV-2024-002673,INV,,20240531,202405,73,8,851,3,OM,OMR,0.3845,1,3600.0,0.0196,3600.0,70.56,3529.44,1620.0,1909.44,1.0,,1,1357.07
L0004656,INV-2024-002289,INV,,20240531,202405,24,2,266,15,EG,EGP,47.8847,2,1100.0,0.1313,2200.0,288.86,1911.14,1716.0,195.14,1.0,,1,91514.37
L0005258,INV-2024-002596,INV,,20240531,202405,61,6,743,7,AE,AED,3.6725,60,1200.0,0.0518,72000.0,3729.6,68270.4,21600.0,46670.4,1.0,,1,250723.04
L0004565,INV-2024-002234,INV,,20240531,202405,21,2,313,7,EG,EGP,47.8847,2,1200.0,0.054,2400.0,129.6,2270.4,720.0,1550.4,1.0,,1,108717.42
L0005885,INV-2024-002905,INV,,20240601,202406,29,3,364,12,EG,EGP,48.1167,1,4800.0,0.267,4800.0,1281.6,3518.4,2160.0,1358.4,1.25,,0,169293.8
L0006250,INV-2024-003079,INV,,20240601,202406,50,5,607,1,SA,SAR,3.75,1,2400.0,0.0542,2400.0,130.08,2269.92,1320.0,949.92,1.0,,0,8512.2
L0005574,INV-2024-002743,INV,,20240601,202406,13,1,5,3,EG,EGP,48.1167,2,3600.0,0.1802,7200.0,1297.44,5902.56,3240.0,2662.56,1.0,,0,284011.71
L0006518,INV-2024-003200,INV,,20240602,202406,63,6,768,13,AE,AED,3.6725,1,12000.0,0.0733,12000.0,879.6,11120.4,5040.0,6080.4,1.25,,0,40839.67
L0006444,INV-2024-003177,INV,,20240602,202406,61,6,754,18,AE,AED,3.6725,2,800.0,0.0778,1600.0,124.48,1475.52,880.0,595.52,1.0,,0,5418.85
L0030766,CN-2024-00018,CN,INV-2024-000664,20240602,202406,31,3,339,17,EG,EGP,48.1167,-11,450.0,0.1896,-4950.0,-938.52,-4011.48,-3712.5,-298.98,1.0,95.0,0,-193019.22
L0006783,INV-2024-003329,INV,,20240602,202406,76,8,875,10,OM,OMR,0.3845,1,3000.0,0.094,3000.0,282.0,2718.0,900.0,1818.0,1.25,,0,1045.07
L0005896,INV-2024-002911,INV,,20240602,202406,30,3,371,18,EG,EGP,48.1167,1,800.0,0.1659,800.0,132.72,667.28,440.0,227.28,1.0,,0,32107.31
L0006216,INV-2024-003060,INV,,20240602,202406,48,5,664,10,SA,SAR,3.75,1,3000.0,0.0185,3000.0,55.5,2944.5,900.0,2044.5,1.25,,0,11041.88
L0006445,INV-2024-003177,INV,,20240602,202406,61,6,754,18,AE,AED,3.6725,6,800.0,0.0773,4800.0,371.04,4428.96,2640.0,1788.96,1.0,,0,16265.36
L0005899,INV-2024-002911,INV,,20240602,202406,30,3,371,15,EG,EGP,48.1167,1,1100.0,0.156,1100.0,171.6,928.4,858.0,70.4,1.0,,0,44671.54
L0006443,INV-2024-003177,INV,,20240602,202406,61,6,754,15,AE,AED,3.6725,3,1100.0,0.0683,3300.0,225.39,3074.61,2574.0,500.61,1.0,,0,11291.51
L0005512,INV-2024-002719,INV,,20240603,202406,10,1,69,12,EG,EGP,48.1167,1,4800.0,0.1323,4800.0,635.04,4164.96,2160.0,2004.96,1.25,,0,200404.13
L0006740,INV-2024-003303,INV,,20240603,202406,74,8,865,16,OM,OMR,0.3845,2,2200.0,0.0639,4400.0,281.17,4118.83,3520.0,598.83,1.0,,0,1583.69
L0006365,INV-2024-003148,INV,,20240603,202406,55,5,645,12,SA,SAR,3.75,1,4800.0,0.0325,4800.0,156.0,4644.0,2160.0,2484.0,1.25,,0,17415.0
L0006110,INV-2024-003009,INV,,20240603,202406,43,4,434,7,SA,SAR,3.75,1,1200.0,0.1296,1200.0,155.52,1044.48,360.0,684.48,1.0,,0,3916.8
L0006354,INV-2024-003142,INV,,20240603,202406,55,5,476,16,SA,SAR,3.75,1,2200.0,0.0,2200.0,0.0,2200.0,1760.0,440.0,1.0,,0,8250.0
L0006095,INV-2024-003003,INV,,20240603,202406,42,4,395,10,SA,SAR,3.75,1,3000.0,0.0924,3000.0,277.2,2722.8,900.0,1822.8,1.25,,0,10210.5
L0006355,INV-2024-003142,INV,,20240603,202406,55,5,476,10,SA,SAR,3.75,1,3000.0,0.0539,3000.0,161.7,2838.3,900.0,1938.3,1.25,,0,10643.62
L0006003,INV-2024-002963,INV,,20240603,202406,35,3,337,16,EG,EGP,48.1167,3,2200.0,0.1989,6600.0,1312.74,5287.26,5280.0,7.26,1.0,,0,254405.5
L0005666,INV-2024-002780,INV,,20240603,202406,18,2,183,7,EG,EGP,48.1167,2,1200.0,0.0186,2400.0,44.64,2355.36,720.0,1635.36,1.0,,0,113332.15
L0005913,INV-2024-002919,INV,,20240603,202406,30,3,344,17,EG,EGP,48.1167,7,450.0,0.1163,3150.0,366.34,2783.66,2362.5,421.16,1.0,,0,133940.32
L0005914,INV-2024-002919,INV,,20240603,202406,30,3,344,10,EG,EGP,48.1167,1,3000.0,0.1601,3000.0,480.3,2519.7,900.0,1619.7,1.25,,0,121239.65
L0006111,INV-2024-003009,INV,,20240603,202406,43,4,434,5,SA,SAR,3.75,7,1800.0,0.1114,12600.0,1403.64,11196.36,5040.0,6156.36,1.0,,0,41986.35
L0006002,INV-2024-002963,INV,,20240603,202406,35,3,337,1,EG,EGP,48.1167,2,2400.0,0.1916,4800.0,919.68,3880.32,2640.0,1240.32,1.0,,0,186708.19
L0005581,INV-2024-002745,INV,,20240604,202406,14,1,54,10,EG,EGP,48.1167,4,3000.0,0.084,12000.0,1008.0,10992.0,3600.0,7392.0,1.25,,0,528898.77
L0006042,INV-2024-002982,INV,,20240604,202406,37,4,445,10,SA,SAR,3.75,1,3000.0,0.1205,3000.0,361.5,2638.5,900.0,1738.5,1.25,,0,9894.38
L0006791,INV-2024-003333,INV,,20240604,202406,76,8,917,16,OM,OMR,0.3845,1,2200.0,0.0941,2200.0,207.02,1992.98,1760.0,232.98,1.0,,0,766.3
L0006349,INV-2024-003138,INV,,20240604,202406,55,5,602,10,SA,SAR,3.75,1,3000.0,0.0141,3000.0,42.3,2957.7,900.0,2057.7,1.25,,0,11091.38
L0006741,INV-2024-003304,INV,,20240604,202406,74,8,872,17,OM,OMR,0.3845,1,449.99,0.0775,449.99,34.88,415.11,337.5,77.61,1.0,,0,159.61
L0006640,INV-2024-003249,INV,,20240604,202406,68,7,815,18,AE,AED,3.6725,2,800.0,0.1876,1600.0,300.16,1299.84,880.0,419.84,1.0,,0,4773.66
L0005957,INV-2024-002940,INV,,20240605,202406,32,3,367,15,EG,EGP,48.1167,10,1100.0,0.2243,11000.0,2467.3,8532.7,8580.0,-47.3,1.0,,0,410565.37
L0006315,INV-2024-003120,INV,,20240605,202406,54,5,564,8,SA,SAR,3.75,1,1500.0,0.0532,1500.0,79.8,1420.2,1050.0,370.2,1.0,,0,5325.75
L0005663,INV-2024-002778,INV,,20240605,202406,18,2,263,17,EG,EGP,48.1167,5,450.0,0.0285,2250.0,64.12,2185.88,1687.5,498.38,1.0,,0,105177.12
L0006161,INV-2024-003027,INV,,20240605,202406,46,5,551,15,SA,SAR,3.75,2,1100.0,0.0752,2200.0,165.44,2034.56,1716.0,318.56,1.0,,0,7629.6
L0006388,INV-2024-003155,INV,,20240605,202406,56,6,766,9,AE,AED,3.6725,2,6000.0,0.1261,12000.0,1513.2,10486.8,4200.0,6286.8,1.25,,0,38512.77
L0005552,INV-2024-002735,INV,,20240605,202406,12,1,53,7,EG,EGP,48.1167,1,1200.0,0.0602,1200.0,72.24,1127.76,360.0,767.76,1.0,,0,54264.09
L0030806,CN-2024-00041,CN,INV-2024-001907,20240606,202406,50,5,463,1,SA,SAR,3.75,-1,2400.0,0.0633,-2400.0,-151.92,-2248.08,-1320.0,-928.08,1.0,45.0,0,-8430.3
L0006364,INV-2024-003147,INV,,20240606,202406,55,5,535,3,SA,SAR,3.75,1,3600.0,0.0297,3600.0,106.92,3493.08,1620.0,1873.08,1.0,,0,13099.05
L0006474,INV-2024-003185,INV,,20240606,202406,61,6,719,10,AE,AED,3.6725,1,3000.0,0.0317,3000.0,95.1,2904.9,900.0,2004.9,1.25,,0,10668.25
L0005759,INV-2024-002829,INV,,20240606,202406,23,2,218,12,EG,EGP,48.1167,1,4800.0,0.0995,4800.0,477.6,4322.4,2160.0,2162.4,1.25,,0,207979.62
L0005614,INV-2024-002756,INV,,20240606,202406,16,1,35,5,EG,EGP,48.1167,6,1800.0,0.084,10800.0,907.2,9892.8,4320.0,5572.8,1.0,,0,476008.89
L0006052,INV-2024-002986,INV,,20240606,202406,39,4,382,1,SA,SAR,3.75,3,2400.0,0.0825,7200.0,594.0,6606.0,3960.0,2646.0,1.0,,0,24772.5
L0005999,INV-2024-002962,INV,,20240607,202406,35,3,352,12,EG,EGP,48.1167,1,4800.0,0.1825,4800.0,876.0,3924.0,2160.0,1764.0,1.25,,0,188809.93
L0006439,INV-2024-003176,INV,,20240607,202406,61,6,757,9,AE,AED,3.6725,2,6000.0,0.0736,12000.0,883.2,11116.8,4200.0,6916.8,1.25,,0,40826.45
L0006054,INV-2024-002987,INV,,20240607,202406,39,4,436,6,SA,SAR,3.75,2,7500.0,0.0922,15000.0,1383.0,13617.0,5700.0,7917.0,1.0,,0,51063.75
L0006440,INV-2024-003176,INV,,20240607,202406,61,6,757,6,AE,AED,3.6725,2,7500.0,0.0896,15000.0,1344.0,13656.0,5700.0,7956.0,1.0,,0,50151.66
L0006248,INV-2024-003078,INV,,20240607,202406,50,5,540,7,SA,SAR,3.75,3,1200.0,0.0847,3600.0,304.92,3295.08,1080.0,2215.08,1.0,,0,12356.55
L0006000,INV-2024-002962,INV,,20240607,202406,35,3,352,1,EG,EGP,48.1167,3,2400.0,0.2079,7200.0,1496.88,5703.12,3960.0,1743.12,1.0,,0,274415.31
L0005675,INV-2024-002784,INV,,20240607,202406,19,2,314,17,EG,EGP,48.1167,1,450.0,0.0169,450.0,7.6,442.4,337.5,104.9,1.0,,0,21286.59
L0006442,INV-2024-003176,INV,,20240607,202406,61,6,757,7,AE,AED,3.6725,4,1200.0,0.0672,4800.0,322.56,4477.44,1440.0,3037.44,1.0,,0,16443.4
L0006509,INV-2024-003196,INV,,20240608,202406,62,6,729,6,AE,AED,3.6725,2,7500.0,0.0757,15000.0,1135.5,13864.5,5700.0,8164.5,1.0,,0,50917.38
L0006071,INV-2024-002992,INV,,20240608,202406,40,4,398,10,SA,SAR,3.75,3,3000.0,0.1041,9000.0,936.9,8063.1,2700.0,5363.1,1.25,,0,30236.62
L0006618,INV-2024-003240,INV,,20240608,202406,67,7,790,1,AE,AED,3.6725,1,2400.0,0.1568,2400.0,376.32,2023.68,1320.0,703.68,1.0,,0,7431.96
L0005931,INV-2024-002928,INV,,20240608,202406,31,3,371,16,EG,EGP,48.1167,3,2200.0,0.2031,6600.0,1340.46,5259.54,5280.0,-20.46,1.0,,0,253071.71
L0006562,INV-2024-003213,INV,,20240608,202406,64,6,768,10,AE,AED,3.6725,2,3000.0,0.0993,6000.0,595.8,5404.2,1800.0,3604.2,1.25,,0,19846.92
L0006070,INV-2024-002992,INV,,20240608,202406,40,4,398,1,SA,SAR,3.75,1,2400.0,0.0941,2400.0,225.84,2174.16,1320.0,854.16,1.0,,0,8153.1
L0005960,INV-2024-002942,INV,,20240609,202406,33,3,350,7,EG,EGP,48.1167,9,1200.0,0.1707,10800.0,1843.56,8956.44,3240.0,5716.44,1.0,,0,430954.34
L0006254,INV-2024-003082,INV,,20240609,202406,51,5,550,8,SA,SAR,3.75,1,1500.0,0.0518,1500.0,77.7,1422.3,1050.0,372.3,1.0,,0,5333.62
L0005923,INV-2024-002924,INV,,20240609,202406,31,3,369,1,EG,EGP,48.1167,1,2400.0,0.1451,2400.0,348.24,2051.76,1320.0,731.76,1.0,,0,98723.92
L0006237,INV-2024-003073,INV,,20240609,202406,50,5,704,3,SA,SAR,3.75,1,3600.0,0.0511,3600.0,183.96,3416.04,1620.0,1796.04,1.0,,0,12810.15
L0006238,INV-2024-003073,INV,,20240609,202406,50,5,704,12,SA,SAR,3.75,1,4800.0,0.0571,4800.0,274.08,4525.92,2160.0,2365.92,1.25,,0,16972.2
L0005570,INV-2024-002741,INV,,20240609,202406,13,1,35,7,EG,EGP,48.1167,4,1200.0,0.1911,4800.0,917.28,3882.72,1440.0,2442.72,1.0,,0,186823.67
L0006309,INV-2024-003117,INV,,20240609,202406,54,5,467,5,SA,SAR,3.75,4,1800.0,0.0668,7200.0,480.96,6719.04,2880.0,3839.04,1.0,,0,25196.4
L0006603,INV-2024-003233,INV,,20240610,202406,67,7,799,15,AE,AED,3.6725,13,1100.0,0.1693,14300.0,2420.99,11879.01,11154.0,725.01,1.0,,0,43625.66
L0006499,INV-2024-003193,INV,,20240610,202406,62,6,729,1,AE,AED,3.6725,4,2400.0,0.1257,9600.0,1206.72,8393.28,5280.0,3113.28,1.0,,0,30824.32
L0005742,INV-2024-002821,INV,,20240610,202406,22,2,124,15,EG,EGP,48.1167,1,1100.0,0.0142,1100.0,15.62,1084.38,858.0,226.38,1.0,,0,52176.79
L0005809,INV-2024-002859,INV,,20240610,202406,26,2,187,17,EG,EGP,48.1167,1,450.0,0.1037,450.0,46.66,403.34,337.5,65.84,1.0,,0,19407.15
L0006207,INV-2024-003054,INV,,20240610,202406,48,5,695,1,SA,SAR,3.75,1,2400.0,0.0,2400.0,0.0,2400.0,1320.0,1080.0,1.0,,0,9000.0
L0006573,INV-2024-003218,INV,,20240611,202406,65,7,793,7,AE,AED,3.6725,3,1200.0,0.1861,3600.0,669.96,2930.04,1080.0,1850.04,1.0,,0,10760.57
L0006409,INV-2024-003163,INV,,20240611,202406,57,6,744,5,AE,AED,3.6725,16,1800.0,0.1138,28800.0,3277.44,25522.56,11520.0,14002.56,1.0,,0,93731.6
L0006764,INV-2024-003318,INV,,20240611,202406,75,8,847,8,OM,OMR,0.3845,1,1500.0,0.0588,1500.0,88.19,1411.81,1050.0,361.81,1.0,,0,542.84
L0006785,INV-2024-003330,INV,,20240611,202406,76,8,887,1,OM,OMR,0.3845,1,2400.0,0.1087,2400.0,260.88,2139.12,1320.0,819.12,1.0,,0,822.49
L0005600,INV-2024-002751,INV,,20240611,202406,15,1,48,1,EG,EGP,48.1167,1,2400.0,0.106,2400.0,254.4,2145.6,1320.0,825.6,1.0,,0,103239.19
L0006574,INV-2024-003218,INV,,20240611,202406,65,7,793,1,AE,AED,3.6725,1,2400.0,0.1425,2400.0,342.0,2058.0,1320.0,738.0,1.0,,0,7558.0
L0006032,INV-2024-002978,INV,,20240611,202406,37,4,408,10,SA,SAR,3.75,1,3000.0,0.1105,3000.0,331.5,2668.5,900.0,1768.5,1.25,,0,10006.88
L0005890,INV-2024-002907,INV,,20240611,202406,29,3,339,5,EG,EGP,48.1167,3,1800.0,0.2441,5400.0,1318.14,4081.86,2160.0,1921.86,1.0,,0,196405.63
L0006204,INV-2024-003052,INV,,20240611,202406,48,5,692,3,SA,SAR,3.75,1,3600.0,0.0028,3600.0,10.08,3589.92,1620.0,1969.92,1.0,,0,13462.2
L0006408,INV-2024-003162,INV,,20240612,202406,57,6,742,9,AE,AED,3.6725,1,6000.0,0.1246,6000.0,747.6,5252.4,2100.0,3152.4,1.25,,0,19289.44
L0005905,INV-2024-002914,INV,,20240612,202406,30,3,351,1,EG,EGP,48.1167,1,2400.0,0.1222,2400.0,293.28,2106.72,1320.0,786.72,1.0,,0,101368.41
L0006190,INV-2024-003042,INV,,20240612,202406,47,5,577,10,SA,SAR,3.75,2,3000.0,0.1093,6000.0,655.8,5344.2,1800.0,3544.2,1.25,,0,20040.75
L0005904,INV-2024-002914,INV,,20240612,202406,30,3,351,3,EG,EGP,48.1167,1,3600.0,0.1468,3600.0,528.48,3071.52,1620.0,1451.52,1.0,,0,147791.41
L0006189,INV-2024-003042,INV,,20240612,202406,47,5,577,7,SA,SAR,3.75,1,1200.0,0.1085,1200.0,130.2,1069.8,360.0,709.8,1.0,,0,4011.75
L0005667,INV-2024-002781,INV,,20240612,202406,19,2,156,20,EG,EGP,48.1167,3,1500.0,0.0529,4500.0,238.05,4261.95,2250.0,2011.95,1.0,,0,205070.97
L0006623,INV-2024-003242,INV,,20240612,202406,67,7,818,17,AE,AED,3.6725,1,450.0,0.1765,450.0,79.43,370.57,337.5,33.07,1.0,,0,1360.93
L0005794,INV-2024-002851,INV,,20240612,202406,24,2,90,12,EG,EGP,48.1167,1,4800.0,0.1001,4800.0,480.48,4319.52,2160.0,2159.52,1.25,,0,207841.05
L0006188,INV-2024-003041,INV,,20240612,202406,47,5,610,7,SA,SAR,3.75,5,1200.0,0.0738,6000.0,442.8,5557.2,1800.0,3757.2,1.0,,0,20839.5
L0006203,INV-2024-003051,INV,,20240613,202406,47,5,578,10,SA,SAR,3.75,1,3000.0,0.1234,3000.0,370.2,2629.8,900.0,1729.8,1.25,,0,9861.75
L0006410,INV-2024-003164,INV,,20240613,202406,57,6,761,12,AE,AED,3.6725,4,4800.0,0.1195,19200.0,2294.4,16905.6,8640.0,8265.6,1.25,,0,62085.82
L0006411,INV-2024-003164,INV,,20240613,202406,57,6,761,1,AE,AED,3.6725,1,2400.0,0.0936,2400.0,224.64,2175.36,1320.0,855.36,1.0,,0,7989.01
L0005774,INV-2024-002838,INV,,20240613,202406,24,2,130,17,EG,EGP,48.1167,2,450.0,0.1039,900.0,93.51,806.49,675.0,131.49,1.0,,0,38805.65
L0005799,INV-2024-002854,INV,,20240613,202406,25,2,227,15,EG,EGP,48.1167,3,1100.0,0.0441,3300.0,145.53,3154.47,2574.0,580.47,1.0,,0,151782.69
L0005823,INV-2024-002868,INV,,20240613,202406,26,2,97,3,EG,EGP,48.1167,1,3600.0,0.0782,3600.0,281.52,3318.48,1620.0,1698.48,1.0,,0,159674.31
L0005800,INV-2024-002854,INV,,20240613,202406,25,2,227,8,EG,EGP,48.1167,1,1500.0,0.05,1500.0,75.0,1425.0,1050.0,375.0,1.0,,0,68566.3
L0005954,INV-2024-002938,INV,,20240614,202406,32,3,340,3,EG,EGP,48.1167,2,3600.0,0.1998,7200.0,1438.56,5761.44,3240.0,2521.44,1.0,,0,277221.48
L0006416,INV-2024-003167,INV,,20240614,202406,58,6,721,6,AE,AED,3.6725,3,7500.0,0.1514,22500.0,3406.5,19093.5,8550.0,10543.5,1.0,,0,70120.88
L0006744,INV-2024-003306,INV,,20240615,202406,75,8,909,8,OM,OMR,0.3845,2,1500.0,0.0673,3000.0,201.9,2798.1,2100.0,698.1,1.0,,0,1075.87
L0006117,INV-2024-003010,INV,,20240615,202406,43,4,410,5,SA,SAR,3.75,1,1800.0,0.1048,1800.0,188.64,1611.36,720.0,891.36,1.0,,0,6042.6
L0006124,INV-2024-003014,INV,,20240615,202406,45,4,411,12,SA,SAR,3.75,1,4800.0,0.1324,4800.0,635.52,4164.48,2160.0,2004.48,1.25,,0,15616.8
L0006374,INV-2024-003150,INV,,20240615,202406,56,6,725,17,AE,AED,3.6725,1,450.0,0.1652,450.0,74.34,375.66,337.5,38.16,1.0,,0,1379.61
L0006317,INV-2024-003121,INV,,20240615,202406,54,5,550,18,SA,SAR,3.75,1,800.0,0.0672,800.0,53.76,746.24,440.0,306.24,1.0,,0,2798.4
L0006125,INV-2024-003014,INV,,20240615,202406,45,4,411,7,SA,SAR,3.75,2,1200.0,0.1226,2400.0,294.24,2105.76,720.0,1385.76,1.0,,0,7896.6
L0005887,INV-2024-002906,INV,,20240615,202406,29,3,361,17,EG,EGP,48.1167,19,450.0,0.2004,8550.0,1713.42,6836.58,6412.5,424.08,1.0,,0,328953.74
L0006115,INV-2024-003010,INV,,20240615,202406,43,4,410,10,SA,SAR,3.75,4,3000.0,0.1294,12000.0,1552.8,10447.2,3600.0,6847.2,1.25,,0,39177.0
L0006789,INV-2024-003332,INV,,20240616,202406,76,8,922,7,OM,OMR,0.3845,2,1200.0,0.0943,2400.0,226.32,2173.68,720.0,1453.68,1.0,,0,835.78
L0006610,INV-2024-003236,INV,,20240616,202406,67,7,776,1,AE,AED,3.6725,2,2400.0,0.1954,4800.0,937.92,3862.08,2640.0,1222.08,1.0,,0,14183.49
L0030764,CN-2024-00017,CN,INV-2024-000643,20240616,202406,28,2,186,1,EG,EGP,48.1167,-1,2400.0,0.0094,-2400.0,-22.56,-2377.44,-1320.0,-1057.44,1.0,116.0,0,-114394.57
L0005792,INV-2024-002850,INV,,20240616,202406,24,2,143,7,EG,EGP,48.1167,1,1200.0,0.1278,1200.0,153.36,1046.64,360.0,686.64,1.0,,0,50360.86
L0005956,INV-2024-002939,INV,,20240616,202406,32,3,371,13,EG,EGP,48.1167,1,12000.0,0.2266,12000.0,2719.2,9280.8,5040.0,4240.8,1.25,,0,446561.47
L0005741,INV-2024-002820,INV,,20240617,202406,22,2,286,16,EG,EGP,48.1167,1,2200.0,0.0319,2200.0,70.18,2129.82,1760.0,369.82,1.0,,0,102479.91
L0005594,INV-2024-002749,INV,,20240617,202406,14,1,43,12,EG,EGP,48.1167,1,4800.0,0.1433,4800.0,687.84,4112.16,2160.0,1952.16,1.25,,0,197863.57
L0006083,INV-2024-002997,INV,,20240617,202406,41,4,423,19,SA,SAR,3.75,1,5500.0,0.0581,5500.0,319.55,5180.45,2475.0,2705.45,1.0,,0,19426.69
L0005596,INV-2024-002749,INV,,20240617,202406,14,1,43,1,EG,EGP,48.1167,1,2400.0,0.1177,2400.0,282.48,2117.52,1320.0,797.52,1.0,,0,101888.07
L0006016,INV-2024-002970,INV,,20240617,202406,36,4,441,2,SA,SAR,3.75,2,14000.0,0.1005,28000.0,2814.0,25186.0,14000.0,11186.0,1.0,,0,94447.5
L0005736,INV-2024-002816,INV,,20240617,202406,22,2,77,10,EG,EGP,48.1167,1,3000.0,0.0502,3000.0,150.6,2849.4,900.0,1949.4,1.25,,0,137103.72
L0005687,INV-2024-002789,INV,,20240617,202406,19,2,153,7,EG,EGP,48.1167,1,1200.0,0.0466,1200.0,55.92,1144.08,360.0,784.08,1.0,,0,55049.35
L0006356,INV-2024-003143,INV,,20240617,202406,55,5,631,18,SA,SAR,3.75,1,800.0,0.0077,800.0,6.16,793.84,440.0,353.84,1.0,,0,2976.9
L0006745,INV-2024-003307,INV,,20240617,202406,75,8,845,1,OM,OMR,0.3845,1,2400.0,0.0918,2400.0,220.31,2179.69,1320.0,859.69,1.0,,0,838.09
L0005641,INV-2024-002766,INV,,20240617,202406,18,2,187,5,EG,EGP,48.1167,1,1800.0,0.0561,1800.0,100.98,1699.02,720.0,979.02,1.0,,0,81751.24
L0005503,INV-2024-002715,INV,,20240617,202406,9,1,2,3,EG,EGP,48.1167,1,3600.0,0.1111,3600.0,399.96,3200.04,1620.0,1580.04,1.0,,0,153975.36
L0006697,INV-2024-003276,INV,,20240618,202406,71,7,809,16,AE,AED,3.6725,4,2200.0,0.164,8800.0,1443.2,7356.8,7040.0,316.8,1.0,,0,27017.85
L0006486,INV-2024-003188,INV,,20240618,202406,61,6,757,10,AE,AED,3.6725,1,3000.0,0.0589,3000.0,176.7,2823.3,900.0,1923.3,1.25,,0,10368.57
L0005636,INV-2024-002763,INV,,20240618,202406,17,1,38,1,EG,EGP,48.1167,3,2400.0,0.0934,7200.0,672.48,6527.52,3960.0,2567.52,1.0,,0,314082.72
L0006023,INV-2024-002973,INV,,20240618,202406,36,4,395,10,SA,SAR,3.75,4,3000.0,0.1086,12000.0,1303.2,10696.8,3600.0,7096.8,1.25,,0,40113.0
L0006186,INV-2024-003040,INV,,20240618,202406,46,5,621,7,SA,SAR,3.75,1,1200.0,0.0363,1200.0,43.56,1156.44,360.0,796.44,1.0,,0,4336.65
L0006184,INV-2024-003040,INV,,20240618,202406,46,5,621,8,SA,SAR,3.75,1,1500.0,0.0865,1500.0,129.75,1370.25,1050.0,320.25,1.0,,0,5138.44
L0005806,INV-2024-002857,INV,,20240618,202406,25,2,162,7,EG,EGP,48.1167,1,1200.0,0.0449,1200.0,53.88,1146.12,360.0,786.12,1.0,,0,55147.51
L0006068,INV-2024-002991,INV,,20240618,202406,40,4,390,12,SA,SAR,3.75,1,4800.0,0.107,4800.0,513.6,4286.4,2160.0,2126.4,1.25,,0,16074.0
L0006402,INV-2024-003160,INV,,20240618,202406,57,6,757,17,AE,AED,3.6725,35,450.0,0.1222,15749.95,1924.64,13825.31,11812.5,2012.81,1.0,,0,50773.44
L0006489,INV-2024-003189,INV,,20240619,202406,62,6,773,1,AE,AED,3.6725,2,2400.0,0.0915,4800.0,439.2,4360.8,2640.0,1720.8,1.0,,0,16015.04
L0005626,INV-2024-002761,INV,,20240619,202406,17,1,69,4,EG,EGP,48.1167,1,9000.0,0.0869,9000.0,782.1,8217.9,4950.0,3267.9,1.0,,0,395418.23
L0006182,INV-2024-003039,INV,,20240619,202406,46,5,577,10,SA,SAR,3.75,1,3000.0,0.0747,3000.0,224.1,2775.9,900.0,1875.9,1.25,,0,10409.62
L0005728,INV-2024-002812,INV,,20240619,202406,22,2,199,7,EG,EGP,48.1167,1,1200.0,0.0102,1200.0,12.24,1187.76,360.0,827.76,1.0,,0,57151.09
L0006287,INV-2024-003103,INV,,20240619,202406,52,5,626,18,SA,SAR,3.75,2,800.0,0.0569,1600.0,91.04,1508.96,880.0,628.96,1.0,,0,5658.6
L0005788,INV-2024-002847,INV,,20240619,202406,24,2,273,1,EG,EGP,48.1167,2,2400.0,0.1419,4800.0,681.12,4118.88,2640.0,1478.88,1.0,,0,198186.91
L0005637,INV-2024-002764,INV,,20240619,202406,17,1,39,10,EG,EGP,48.1167,3,3000.0,0.1155,9000.0,1039.5,7960.5,2700.0,5260.5,1.25,,0,383032.99
L0006103,INV-2024-003006,INV,,20240619,202406,43,4,379,12,SA,SAR,3.75,1,4800.0,0.1093,4800.0,524.64,4275.36,2160.0,2115.36,1.25,,0,16032.6
L0006632,INV-2024-003246,INV,,20240619,202406,68,7,807,17,AE,AED,3.6725,8,450.0,0.1923,3599.99,692.28,2907.71,2700.0,207.71,1.0,,0,10678.57
L0006009,INV-2024-002966,INV,,20240620,202406,35,3,355,16,EG,EGP,48.1167,2,2200.0,0.2318,4400.0,1019.92,3380.08,3520.0,-139.92,1.0,,0,162638.3
L0006470,INV-2024-003184,INV,,20240620,202406,61,6,728,7,AE,AED,3.6725,1,1200.0,0.042,1200.0,50.4,1149.6,360.0,789.6,1.0,,0,4221.91
L0005901,INV-2024-002912,INV,,20240620,202406,30,3,353,7,EG,EGP,48.1167,2,1200.0,0.1744,2400.0,418.56,1981.44,720.0,1261.44,1.0,,0,95340.35
L0006608,INV-2024-003235,INV,,20240620,202406,67,7,812,8,AE,AED,3.6725,3,1500.0,0.2176,4500.0,979.2,3520.8,3150.0,370.8,1.0,,0,12930.14
L0006781,INV-2024-003328,INV,,20240620,202406,76,8,868,12,OM,OMR,0.3845,1,4800.0,0.0999,4800.0,479.53,4320.47,2160.0,2160.47,1.25,,0,1661.22
L0005591,INV-2024-002748,INV,,20240620,202406,14,1,18,19,EG,EGP,48.1167,1,5500.0,0.0974,5500.0,535.7,4964.3,2475.0,2489.3,1.0,,0,238865.73
L0006598,INV-2024-003230,INV,,20240620,202406,67,7,791,1,AE,AED,3.6725,2,2400.0,0.1851,4800.0,888.48,3911.52,2640.0,1271.52,1.0,,0,14365.06
L0005685,INV-2024-002788,INV,,20240620,202406,19,2,212,12,EG,EGP,48.1167,1,4800.0,0.0514,4800.0,246.72,4553.28,2160.0,2393.28,1.25,,0,219088.81
L0005689,INV-2024-002790,INV,,20240621,202406,19,2,74,5,EG,EGP,48.1167,2,1800.0,0.0047,3600.0,16.92,3583.08,1440.0,2143.08,1.0,,0,172405.99
L0006176,INV-2024-003035,INV,,20240621,202406,46,5,644,10,SA,SAR,3.75,3,3000.0,0.0492,9000.0,442.8,8557.2,2700.0,5857.2,1.25,,0,32089.5
L0005849,INV-2024-002885,INV,,20240621,202406,27,2,149,18,EG,EGP,48.1167,1,800.0,0.0299,800.0,23.92,776.08,440.0,336.08,1.0,,0,37342.41
L0005991,INV-2024-002959,INV,,20240621,202406,34,3,357,7,EG,EGP,48.1167,2,1200.0,0.1358,2400.0,325.92,2074.08,720.0,1354.08,1.0,,0,99797.89
L0005629,INV-2024-002762,INV,,20240621,202406,17,1,64,12,EG,EGP,48.1167,1,4800.0,0.0821,4800.0,394.08,4405.92,2160.0,2245.92,1.25,,0,211998.33
L0006329,INV-2024-003126,INV,,20240621,202406,54,5,573,1,SA,SAR,3.75,2,2400.0,0.052,4800.0,249.6,4550.4,2640.0,1910.4,1.0,,0,17064.0
L0006667,INV-2024-003263,INV,,20240621,202406,71,7,787,6,AE,AED,3.6725,1,7500.0,0.1827,7500.0,1370.25,6129.75,2850.0,3279.75,1.0,,0,22511.51
L0006723,INV-2024-003292,INV,,20240621,202406,73,8,823,1,OM,OMR,0.3845,1,2400.0,0.0,2400.0,0.0,2400.0,1320.0,1080.0,1.0,,0,922.8
L0006749,INV-2024-003310,INV,,20240621,202406,75,8,900,3,OM,OMR,0.3845,1,3600.0,0.081,3600.0,291.6,3308.4,1620.0,1688.4,1.0,,0,1272.08
L0006058,INV-2024-002989,INV,,20240622,202406,39,4,392,9,SA,SAR,3.75,2,6000.0,0.0756,12000.0,907.2,11092.8,4200.0,6892.8,1.25,,0,41598.0
L0030809,CN-2024-00042,CN,INV-2024-001968,20240622,202406,54,5,561,3,SA,SAR,3.75,-2,3600.0,0.0535,-7200.0,-385.2,-6814.8,-3240.0,-3574.8,1.0,70.0,0,-25555.5
L0006214,INV-2024-003059,INV,,20240622,202406,48,5,602,17,SA,SAR,3.75,2,450.0,0.0,900.0,0.0,900.0,675.0,225.0,1.0,,0,3375.0
L0005930,INV-2024-002927,INV,,20240623,202406,31,3,365,20,EG,EGP,48.1167,8,1500.0,0.1837,12000.0,2204.4,9795.6,6000.0,3795.6,1.0,,0,471331.95
L0006546,INV-2024-003209,INV,,20240623,202406,64,6,767,1,AE,AED,3.6725,4,2400.0,0.1128,9600.0,1082.88,8517.12,5280.0,3237.12,1.0,,0,31279.12
L0005604,INV-2024-002752,INV,,20240623,202406,15,1,32,12,EG,EGP,48.1167,1,4800.0,0.0967,4800.0,464.16,4335.84,2160.0,2175.84,1.25,,0,208626.31
L0005693,INV-2024-002792,INV,,20240624,202406,20,2,164,1,EG,EGP,48.1167,1,2400.0,0.0716,2400.0,171.84,2228.16,1320.0,908.16,1.0,,0,107211.71
L0006128,INV-2024-003015,INV,,20240624,202406,45,4,376,7,SA,USD,1.0,2,1200.0,0.1223,2400.0,293.52,2106.48,720.0,1386.48,1.0,,0,2106.48
L0005863,INV-2024-002893,INV,,20240624,202406,28,2,298,10,EG,EGP,48.1167,1,3000.0,0.0214,3000.0,64.2,2935.8,900.0,2035.8,1.25,,0,141261.01
L0005725,INV-2024-002811,INV,,20240624,202406,21,2,210,12,EG,EGP,48.1167,1,4800.0,0.0395,4800.0,189.6,4610.4,2160.0,2450.4,1.25,,0,221837.23
L0006138,INV-2024-003018,INV,,20240624,202406,45,4,413,12,SA,SAR,3.75,1,4800.0,0.1264,4800.0,606.72,4193.28,2160.0,2033.28,1.25,,0,15724.8
L0006129,INV-2024-003015,INV,,20240624,202406,45,4,376,1,SA,USD,1.0,1,2400.0,0.082,2400.0,196.8,2203.2,1320.0,883.2,1.0,,0,2203.2
L0006130,INV-2024-003015,INV,,20240624,202406,45,4,376,10,SA,USD,1.0,2,3000.0,0.1226,6000.0,735.6,5264.4,1800.0,3464.4,1.25,,0,5264.4
L0006625,INV-2024-003243,INV,,20240624,202406,68,7,816,15,AE,AED,3.6725,4,1100.0,0.1418,4400.0,623.92,3776.08,3432.0,344.08,1.0,,0,13867.65
L0030824,CN-2024-00050,CN,INV-2024-002436,20240624,202406,45,4,431,10,SA,SAR,3.75,-3,3000.0,0.1291,-9000.0,-1161.9,-7838.1,-2700.0,-5138.1,1.25,25.0,0,-29392.88
L0030820,CN-2024-00050,CN,INV-2024-002436,20240624,202406,45,4,431,13,SA,SAR,3.75,-1,12000.0,0.1187,-12000.0,-1424.4,-10575.6,-5040.0,-5535.6,1.25,25.0,0,-39658.5
L0005963,INV-2024-002943,INV,,20240624,202406,33,3,373,7,EG,EGP,48.1167,2,1200.0,0.1685,2400.0,404.4,1995.6,720.0,1275.6,1.0,,0,96021.69
L0006635,INV-2024-003247,INV,,20240625,202406,68,7,793,15,AE,AED,3.6725,3,1100.0,0.2027,3300.0,668.91,2631.09,2574.0,57.09,1.0,,0,9662.68
L0006143,INV-2024-003020,INV,,20240625,202406,45,4,407,6,SA,USD,1.0,2,7500.0,0.138,15000.0,2070.0,12930.0,5700.0,7230.0,1.0,,0,12930.0
L0006241,INV-2024-003075,INV,,20240625,202406,50,5,672,12,SA,SAR,3.75,1,4800.0,0.0611,4800.0,293.28,4506.72,2160.0,2346.72,1.25,,0,16900.2
L0006429,INV-2024-003172,INV,,20240625,202406,59,6,775,12,AE,AED,3.6725,2,4800.0,0.1962,9600.0,1883.52,7716.48,4320.0,3396.48,1.25,,0,28338.77
L0006612,INV-2024-003237,INV,,20240625,202406,67,7,814,1,AE,AED,3.6725,1,2400.0,0.1956,2400.0,469.44,1930.56,1320.0,610.56,1.0,,0,7089.98
L0005587,INV-2024-002747,INV,,20240626,202406,14,1,32,3,EG,EGP,48.1167,2,3600.0,0.1492,7200.0,1074.24,6125.76,3240.0,2885.76,1.0,,0,294751.36
L0005844,INV-2024-002883,INV,,20240626,202406,27,2,312,1,EG,EGP,48.1167,1,2400.0,0.0531,2400.0,127.44,2272.56,1320.0,952.56,1.0,,0,109348.09
L0005707,INV-2024-002802,INV,,20240626,202406,21,2,275,7,EG,EGP,48.1167,1,1200.0,0.0057,1200.0,6.84,1193.16,360.0,833.16,1.0,,0,57410.92
L0005655,INV-2024-002773,INV,,20240626,202406,18,2,329,10,EG,EGP,48.1167,1,3000.0,0.0191,3000.0,57.3,2942.7,900.0,2042.7,1.25,,0,141593.01
L0006726,INV-2024-003295,INV,,20240626,202406,74,8,837,7,OM,OMR,0.3845,2,1200.0,0.0892,2400.0,214.07,2185.93,720.0,1465.93,1.0,,0,840.49
L0005938,INV-2024-002931,INV,,20240627,202406,32,3,365,16,EG,EGP,48.1167,1,2200.0,0.1652,2200.0,363.44,1836.56,1760.0,76.56,1.0,,0,88369.21
L0006235,INV-2024-003071,INV,,20240627,202406,50,5,542,5,SA,SAR,3.75,4,1800.0,0.0642,7200.0,462.24,6737.76,2880.0,3857.76,1.0,,0,25266.6
L0006156,INV-2024-003025,INV,,20240627,202406,78,4,381,9,SA,SAR,3.75,4,6000.0,0.142,24000.0,3408.0,20592.0,8400.0,12192.0,1.25,,0,77220.0
L0006166,INV-2024-003029,INV,,20240627,202406,46,5,462,10,SA,SAR,3.75,1,3000.0,0.0712,3000.0,213.6,2786.4,900.0,1886.4,1.25,,0,10449.0
L0006073,INV-2024-002993,INV,,20240627,202406,40,4,379,1,SA,SAR,3.75,1,2400.0,0.1123,2400.0,269.52,2130.48,1320.0,810.48,1.0,,0,7989.3
L0006436,INV-2024-003175,INV,,20240627,202406,61,6,710,7,AE,AED,3.6725,1,1200.0,0.0979,1200.0,117.48,1082.52,360.0,722.52,1.0,,0,3975.55
L0005992,INV-2024-002960,INV,,20240627,202406,34,3,349,18,EG,EGP,48.1167,1,800.0,0.1859,800.0,148.72,651.28,440.0,211.28,1.0,,0,31337.44
L0005824,INV-2024-002869,INV,,20240627,202406,26,2,133,8,EG,EGP,48.1167,3,1500.0,0.1385,4500.0,623.25,3876.75,3150.0,726.75,1.0,,0,186536.42
L0006655,INV-2024-003257,INV,,20240627,202406,69,7,779,15,AE,AED,3.6725,5,1100.0,0.1895,5500.0,1042.25,4457.75,4290.0,167.75,1.0,,0,16371.09
L0006629,INV-2024-003245,INV,,20240627,202406,68,7,798,16,AE,AED,3.6725,2,2200.0,0.2038,4400.0,896.72,3503.28,3520.0,-16.72,1.0,,0,12865.8
L0006165,INV-2024-003029,INV,,20240627,202406,46,5,462,1,SA,SAR,3.75,1,2400.0,0.0948,2400.0,227.52,2172.48,1320.0,852.48,1.0,,0,8146.8
L0006264,INV-2024-003089,INV,,20240627,202406,52,5,567,7,SA,SAR,3.75,4,1200.0,0.0886,4800.0,425.28,4374.72,1440.0,2934.72,1.0,,0,16405.2
L0005703,INV-2024-002799,INV,,20240627,202406,20,2,282,5,EG,EGP,48.1167,1,1800.0,0.0983,1800.0,176.94,1623.06,720.0,903.06,1.0,,0,78096.29
L0005868,INV-2024-002897,INV,,20240627,202406,28,2,311,12,EG,EGP,48.1167,1,4800.0,0.0471,4800.0,226.08,4573.92,2160.0,2413.92,1.25,,0,220081.94
L0006725,INV-2024-003294,INV,,20240627,202406,74,8,848,5,OM,OMR,0.3845,1,1800.0,0.0215,1800.0,38.7,1761.3,720.0,1041.3,1.0,,0,677.22
L0005681,INV-2024-002787,INV,,20240628,202406,19,2,251,7,EG,EGP,48.1167,1,1200.0,0.0574,1200.0,68.88,1131.12,360.0,771.12,1.0,,1,54425.76
L0005609,INV-2024-002754,INV,,20240628,202406,16,1,59,10,EG,EGP,48.1167,3,3000.0,0.1084,9000.0,975.6,8024.4,2700.0,5324.4,1.25,,1,386107.65
L0005872,INV-2024-002900,INV,,20240628,202406,29,3,346,18,EG,EGP,48.1167,2,800.0,0.2321,1600.0,371.36,1228.64,880.0,348.64,1.0,,1,59118.1
L0006064,INV-2024-002990,INV,,20240628,202406,40,4,411,12,SA,SAR,3.75,1,4800.0,0.1321,4800.0,634.08,4165.92,2160.0,2005.92,1.25,,1,15622.2
L0005526,INV-2024-002724,INV,,20240628,202406,11,1,30,10,EG,EGP,48.1167,1,3000.0,0.0912,3000.0,273.6,2726.4,900.0,1826.4,1.25,,1,131185.37
L0005523,INV-2024-002723,INV,,20240628,202406,10,1,1,12,EG,EGP,48.1167,1,4800.0,0.2079,4800.0,997.92,3802.08,2160.0,1642.08,1.25,,1,182943.54
L0005860,INV-2024-002892,INV,,20240628,202406,28,2,297,12,EG,EGP,48.1167,1,4800.0,0.0651,4800.0,312.48,4487.52,2160.0,2327.52,1.25,,1,215924.65
L0005608,INV-2024-002754,INV,,20240628,202406,16,1,59,1,EG,EGP,48.1167,1,2400.0,0.1285,2400.0,308.4,2091.6,1320.0,771.6,1.0,,1,100640.89
L0005647,INV-2024-002769,INV,,20240628,202406,18,2,300,17,EG,EGP,48.1167,1,450.0,0.0497,450.0,22.36,427.64,337.5,90.14,1.0,,1,20576.39
L0005817,INV-2024-002863,INV,,20240628,202406,26,2,137,17,EG,EGP,48.1167,1,450.0,0.1412,450.0,63.54,386.46,337.5,48.96,1.0,,1,18595.18
L0005874,INV-2024-002901,INV,,20240628,202406,29,3,355,12,EG,EGP,48.1167,1,4800.0,0.2492,4800.0,1196.16,3603.84,2160.0,1443.84,1.25,,1,173404.89
L0006256,INV-2024-003084,INV,,20240628,202406,51,5,655,15,SA,SAR,3.75,3,1100.0,0.1146,3300.0,378.18,2921.82,2574.0,347.82,1.0,,1,10956.82
L0006570,INV-2024-003217,INV,,20240628,202406,65,7,815,8,AE,AED,3.6725,2,1500.0,0.1902,3000.0,570.6,2429.4,2100.0,329.4,1.0,,1,8921.97
L0005862,INV-2024-002892,INV,,20240628,202406,28,2,297,1,EG,EGP,48.1167,1,2400.0,0.0943,2400.0,226.32,2173.68,1320.0,853.68,1.0,,1,104590.31
L0005524,INV-2024-002723,INV,,20240628,202406,10,1,1,18,EG,EGP,48.1167,1,800.0,0.1708,800.0,136.64,663.36,440.0,223.36,1.0,,1,31918.69
L0005826,INV-2024-002870,INV,,20240628,202406,26,2,227,16,EG,EGP,48.1167,1,2200.0,0.1284,2200.0,282.48,1917.52,1760.0,157.52,1.0,,1,92264.73
L0005527,INV-2024-002724,INV,,20240628,202406,11,1,30,1,EG,EGP,48.1167,1,2400.0,0.1137,2400.0,272.88,2127.12,1320.0,807.12,1.0,,1,102349.99
L0006752,INV-2024-003311,INV,,20240628,202406,75,8,951,17,OM,OMR,0.3845,10,449.99,0.0595,4499.87,267.75,4232.12,3375.0,857.12,1.0,,1,1627.25
L0005683,INV-2024-002787,INV,,20240628,202406,19,2,251,17,EG,EGP,48.1167,1,450.0,0.0696,450.0,31.32,418.68,337.5,81.18,1.0,,1,20145.5
L0006086,INV-2024-002998,INV,,20240628,202406,41,4,416,20,SA,SAR,3.75,13,1500.0,0.0905,19500.0,1764.75,17735.25,9750.0,7985.25,1.0,,1,66507.19
L0005649,INV-2024-002769,INV,,20240628,202406,18,2,300,1,EG,EGP,48.1167,1,2400.0,0.0442,2400.0,106.08,2293.92,1320.0,973.92,1.0,,1,110375.86
L0005852,INV-2024-002887,INV,,20240628,202406,27,2,265,18,EG,EGP,48.1167,3,800.0,0.0277,2400.0,66.48,2333.52,1320.0,1013.52,1.0,,1,112281.28
L0005943,INV-2024-002933,INV,,20240628,202406,32,3,337,8,EG,EGP,48.1167,3,1500.0,0.2177,4500.0,979.65,3520.35,3150.0,370.35,1.0,,1,169387.62
L0006106,INV-2024-003007,INV,,20240629,202406,43,4,406,19,SA,SAR,3.75,2,5500.0,0.135,11000.0,1485.0,9515.0,4950.0,4565.0,1.0,,1,35681.25
L0006020,INV-2024-002972,INV,,20240629,202406,36,4,440,14,SA,SAR,3.75,2,9600.0,0.103,19200.0,1977.6,17222.4,9600.0,7622.4,1.25,,1,64584.0
L0006308,INV-2024-003116,INV,,20240629,202406,54,5,595,18,SA,SAR,3.75,8,800.0,0.0924,6400.0,591.36,5808.64,3520.0,2288.64,1.0,,1,21782.4
L0005856,INV-2024-002889,INV,,20240629,202406,28,2,181,16,EG,EGP,48.1167,2,2200.0,0.0771,4400.0,339.24,4060.76,3520.0,540.76,1.0,,1,195390.37
L0006057,INV-2024-002988,INV,,20240629,202406,39,4,379,1,SA,SAR,3.75,1,2400.0,0.1283,2400.0,307.92,2092.08,1320.0,772.08,1.0,,1,7845.3
L0006105,INV-2024-003007,INV,,20240629,202406,43,4,406,2,SA,SAR,3.75,2,14000.0,0.1613,28000.0,4516.4,23483.6,14000.0,9483.6,1.0,,1,88063.5
L0006230,INV-2024-003069,INV,,20240629,202406,49,5,585,1,SA,SAR,3.75,2,2400.0,0.113,4800.0,542.4,4257.6,2640.0,1617.6,1.0,,1,15966.0
L0006458,INV-2024-003181,INV,,20240629,202406,61,6,717,1,AE,AED,3.6725,1,2400.0,0.1031,2400.0,247.44,2152.56,1320.0,832.56,1.0,,1,7905.28
L0005542,INV-2024-002731,INV,,20240629,202406,12,1,8,10,EG,EGP,48.1167,2,3000.0,0.0535,6000.0,321.0,5679.0,1800.0,3879.0,1.25,,1,273254.74
L0005976,INV-2024-002949,INV,,20240629,202406,33,3,355,7,EG,EGP,48.1167,4,1200.0,0.213,4800.0,1022.4,3777.6,1440.0,2337.6,1.0,,1,181765.65
L0005836,INV-2024-002876,INV,,20240629,202406,27,2,136,7,EG,EGP,48.1167,2,1200.0,0.0498,2400.0,119.52,2280.48,720.0,1560.48,1.0,,1,109729.17
L0005996,INV-2024-002961,INV,,20240629,202406,34,3,345,5,EG,EGP,48.1167,1,1800.0,0.2008,1800.0,361.44,1438.56,720.0,718.56,1.0,,1,69218.76
L0005532,INV-2024-002727,INV,,20240630,202406,11,1,46,1,EG,EGP,48.1167,1,2400.0,0.1196,2400.0,287.04,2112.96,1320.0,792.96,1.0,,1,101668.66
L0005935,INV-2024-002930,INV,,20240630,202406,31,3,352,3,EG,EGP,48.1167,1,3600.0,0.169,3600.0,608.4,2991.6,1620.0,1371.6,1.0,,1,143945.92
L0006788,INV-2024-003331,INV,,20240630,202406,76,8,866,15,OM,OMR,0.3845,1,1100.0,0.1126,1100.0,123.85,976.15,858.0,118.15,1.0,,1,375.33
L0006702,INV-2024-003279,INV,,20240630,202406,79,7,779,3,AE,AED,3.6725,2,3600.0,0.1913,7200.0,1377.36,5822.64,3240.0,2582.64,1.0,,1,21383.65
L0006251,INV-2024-003080,INV,,20240630,202406,50,5,525,16,SA,SAR,3.75,3,2200.0,0.0724,6600.0,477.84,6122.16,5280.0,842.16,1.0,,1,22958.1
L0005989,INV-2024-002958,INV,,20240630,202406,34,3,362,10,EG,EGP,48.1167,1,3000.0,0.1696,3000.0,508.8,2491.2,900.0,1591.2,1.25,,1,119868.32
L0005638,INV-2024-002765,INV,,20240630,202406,18,2,185,17,EG,EGP,48.1167,1,450.0,0.0419,450.0,18.85,431.15,337.5,93.65,1.0,,1,20745.28
L0005520,INV-2024-002721,INV,,20240630,202406,10,1,46,12,EG,EGP,48.1167,1,4800.0,0.128,4800.0,614.4,4185.6,2160.0,2025.6,1.25,,1,201397.26
L0005811,INV-2024-002860,INV,,20240630,202406,26,2,229,7,EG,EGP,48.1167,1,1200.0,0.1387,1200.0,166.44,1033.56,360.0,673.56,1.0,,1,49731.5
L0006824,INV-2024-003348,INV,,20240701,202407,10,1,6,8,EG,EGP,48.4477,2,1500.0,0.1199,3000.0,359.7,2640.3,2100.0,540.3,1.0,,0,127916.46
L0006981,INV-2024-003409,INV,,20240702,202407,19,2,102,7,EG,EGP,48.4477,1,1200.0,0.0167,1200.0,20.04,1179.96,360.0,819.96,1.0,,0,57166.35
L0006911,INV-2024-003378,INV,,20240702,202407,14,1,23,18,EG,EGP,48.4477,15,800.0,0.1261,12000.0,1513.2,10486.8,6600.0,3886.8,1.0,,0,508061.34
L0006839,INV-2024-003354,INV,,20240702,202407,11,1,53,10,EG,EGP,48.4477,2,3000.0,0.0967,6000.0,580.2,5419.8,1800.0,3619.8,1.25,,0,262576.84
L0007554,INV-2024-003700,INV,,20240703,202407,55,5,646,3,SA,SAR,3.75,2,3600.0,0.0321,7200.0,231.12,6968.88,3240.0,3728.88,1.0,,0,26133.3
L0007210,INV-2024-003536,INV,,20240703,202407,32,3,350,15,EG,EGP,48.4477,3,1100.0,0.2272,3300.0,749.76,2550.24,2574.0,-23.76,1.0,,0,123553.26
L0006917,INV-2024-003380,INV,,20240703,202407,15,1,12,1,EG,EGP,48.4477,1,2400.0,0.148,2400.0,355.2,2044.8,1320.0,724.8,1.0,,0,99065.86
L0006966,INV-2024-003402,INV,,20240704,202407,18,2,260,1,EG,EGP,48.4477,1,2400.0,0.0368,2400.0,88.32,2311.68,1320.0,991.68,1.0,,0,111995.58
L0007066,INV-2024-003460,INV,,20240704,202407,24,2,88,8,EG,EGP,48.4477,1,1500.0,0.1096,1500.0,164.4,1335.6,1050.0,285.6,1.0,,0,64706.75
L0007263,INV-2024-003557,INV,,20240704,202407,33,3,349,7,EG,EGP,48.4477,1,1200.0,0.1926,1200.0,231.12,968.88,360.0,608.88,1.0,,0,46940.01
L0007075,INV-2024-003466,INV,,20240704,202407,25,2,299,1,EG,EGP,48.4477,1,2400.0,0.0451,2400.0,108.24,2291.76,1320.0,971.76,1.0,,0,111030.5
L0007658,INV-2024-003733,INV,,20240704,202407,80,6,708,3,AE,AED,3.6725,4,3600.0,0.1059,14400.0,1524.96,12875.04,6480.0,6395.04,1.0,,0,47283.58
L0007384,INV-2024-003607,INV,,20240704,202407,42,4,433,1,SA,SAR,3.75,2,2400.0,0.103,4800.0,494.4,4305.6,2640.0,1665.6,1.0,,0,16146.0
L0007264,INV-2024-003557,INV,,20240704,202407,33,3,349,1,EG,EGP,48.4477,1,2400.0,0.2046,2400.0,491.04,1908.96,1320.0,588.96,1.0,,0,92484.72
L0007508,INV-2024-003670,INV,,20240705,202407,52,5,499,10,SA,SAR,3.75,1,3000.0,0.0121,3000.0,36.3,2963.7,900.0,2063.7,1.25,,0,11113.88
L0007721,INV-2024-003759,INV,,20240705,202407,67,7,808,10,AE,AED,3.6725,1,3000.0,0.1671,3000.0,501.3,2498.7,900.0,1598.7,1.25,,0,9176.48
L0007491,INV-2024-003659,INV,,20240706,202407,51,5,540,7,SA,SAR,3.75,1,1200.0,0.0263,1200.0,31.56,1168.44,360.0,808.44,1.0,,0,4381.65
L0007190,INV-2024-003527,INV,,20240706,202407,30,3,344,17,EG,EGP,48.4477,4,450.0,0.1453,1800.0,261.54,1538.46,1350.0,188.46,1.0,,0,74534.83
L0006826,INV-2024-003349,INV,,20240706,202407,10,1,18,10,EG,EGP,48.4477,1,3000.0,0.1044,3000.0,313.2,2686.8,900.0,1786.8,1.25,,0,130169.28
L0007175,INV-2024-003519,INV,,20240706,202407,30,3,339,8,EG,EGP,48.4477,1,1500.0,0.1983,1500.0,297.45,1202.55,1050.0,152.55,1.0,,0,58260.78
L0007490,INV-2024-003659,INV,,20240706,202407,51,5,540,3,SA,SAR,3.75,1,3600.0,0.0745,3600.0,268.2,3331.8,1620.0,1711.8,1.0,,0,12494.25
L0006827,INV-2024-003349,INV,,20240706,202407,10,1,18,10,EG,EGP,48.4477,3,3000.0,0.1535,9000.0,1381.5,7618.5,2700.0,4918.5,1.25,,0,369098.8
L0006910,INV-2024-003377,INV,,20240706,202407,14,1,57,10,EG,EGP,48.4477,1,3000.0,0.1303,3000.0,390.9,2609.1,900.0,1709.1,1.25,,0,126404.89
L0006909,INV-2024-003377,INV,,20240706,202407,14,1,57,10,EG,EGP,48.4477,1,3000.0,0.1002,3000.0,300.6,2699.4,900.0,1799.4,1.25,,0,130779.72
L0007014,INV-2024-003429,INV,,20240707,202407,21,2,172,1,EG,EGP,48.4477,1,2400.0,0.0335,2400.0,80.4,2319.6,1320.0,999.6,1.0,,0,112379.28
L0006987,INV-2024-003411,INV,,20240707,202407,20,2,293,5,EG,EGP,48.4477,2,1800.0,0.0651,3600.0,234.36,3365.64,1440.0,1925.64,1.0,,0,163057.52
L0007125,INV-2024-003492,INV,,20240708,202407,27,2,260,17,EG,EGP,48.4477,3,450.0,0.0769,1350.0,103.82,1246.18,1012.5,233.68,1.0,,0,60374.78
L0007601,INV-2024-003716,INV,,20240708,202407,61,6,729,10,AE,AED,3.6725,1,3000.0,0.0805,3000.0,241.5,2758.5,900.0,1858.5,1.25,,0,10130.59
L0030819,CN-2024-00049,CN,INV-2024-002435,20240709,202407,45,4,391,6,SA,SAR,3.75,-4,7500.0,0.0941,-30000.0,-2823.0,-27177.0,-11400.0,-15777.0,1.0,39.0,0,-101913.75
L0007890,INV-2024-003842,INV,,20240709,202407,82,8,962,7,OM,OMR,0.3845,4,1200.0,0.0548,4800.0,263.04,4536.96,1440.0,3096.96,1.0,,0,1744.46
L0007607,INV-2024-003717,INV,,20240709,202407,61,6,730,12,AE,AED,3.6725,1,4800.0,0.0476,4800.0,228.48,4571.52,2160.0,2411.52,1.25,,0,16788.91
L0006881,INV-2024-003367,INV,,20240709,202407,14,1,62,20,EG,EGP,48.4477,6,1500.0,0.1512,9000.0,1360.8,7639.2,4500.0,3139.2,1.0,,0,370101.67
L0007729,INV-2024-003761,INV,,20240709,202407,67,7,776,17,AE,AED,3.6725,7,450.0,0.1899,3149.99,598.18,2551.81,2362.5,189.31,1.0,,0,9371.51
L0007295,INV-2024-003573,INV,,20240709,202407,35,3,341,15,EG,EGP,48.4477,5,1100.0,0.1824,5500.0,1003.2,4496.8,4290.0,206.8,1.0,,0,217859.62
L0007606,INV-2024-003717,INV,,20240709,202407,61,6,730,10,AE,AED,3.6725,1,3000.0,0.0724,3000.0,217.2,2782.8,900.0,1882.8,1.25,,0,10219.83
L0007037,INV-2024-003442,INV,,20240709,202407,23,2,125,10,EG,EGP,48.4477,1,3000.0,0.0923,3000.0,276.9,2723.1,900.0,1823.1,1.25,,0,131927.93
L0007828,INV-2024-003808,INV,,20240710,202407,73,8,866,10,OM,OMR,0.3845,1,3000.0,0.0091,3000.0,27.31,2972.69,900.0,2072.69,1.25,,0,1143.0
L0007511,INV-2024-003672,INV,,20240710,202407,52,5,447,10,SA,SAR,3.75,1,3000.0,0.0593,3000.0,177.9,2822.1,900.0,1922.1,1.25,,0,10582.88
L0007829,INV-2024-003808,INV,,20240710,202407,73,8,866,5,OM,OMR,0.3845,1,1800.0,0.0,1800.0,0.0,1800.0,720.0,1080.0,1.0,,0,692.1
L0007827,INV-2024-003808,INV,,20240710,202407,73,8,866,10,OM,OMR,0.3845,1,3000.0,0.0281,3000.0,84.29,2915.71,900.0,2015.71,1.25,,0,1121.09
L0007082,INV-2024-003469,INV,,20240710,202407,25,2,150,1,EG,EGP,48.4477,1,2400.0,0.0361,2400.0,86.64,2313.36,1320.0,993.36,1.0,,0,112076.97
L0006812,INV-2024-003344,INV,,20240710,202407,10,1,43,17,EG,EGP,48.4477,1,450.0,0.15,450.0,67.5,382.5,337.5,45.0,1.0,,0,18531.24
L0030786,CN-2024-00027,CN,INV-2024-001383,20240710,202407,51,5,481,1,SA,SAR,3.75,-1,2400.0,0.0409,-2400.0,-98.16,-2301.84,-1320.0,-981.84,1.0,107.0,0,-8631.9
L0007669,INV-2024-003737,INV,,20240711,202407,65,7,811,1,AE,AED,3.6725,1,2400.0,0.1688,2400.0,405.12,1994.88,1320.0,674.88,1.0,,0,7326.2
L0007206,INV-2024-003534,INV,,20240712,202407,32,3,344,18,EG,EGP,48.4477,7,800.0,0.2043,5600.0,1144.08,4455.92,3080.0,1375.92,1.0,,0,215879.08
L0007442,INV-2024-003630,INV,,20240712,202407,47,5,652,5,SA,SAR,3.75,2,1800.0,0.0823,3600.0,296.28,3303.72,1440.0,1863.72,1.0,,0,12388.95
L0006842,INV-2024-003355,INV,,20240712,202407,11,1,50,12,EG,EGP,48.4477,1,4800.0,0.0895,4800.0,429.6,4370.4,2160.0,2210.4,1.25,,0,211735.83
L0007867,INV-2024-003827,INV,,20240713,202407,74,8,824,1,OM,OMR,0.3845,2,2400.0,0.0202,4800.0,96.96,4703.04,2640.0,2063.04,1.0,,0,1808.32
L0007088,INV-2024-003473,INV,,20240713,202407,25,2,321,10,EG,EGP,48.4477,1,3000.0,0.0565,3000.0,169.5,2830.5,900.0,1930.5,1.25,,0,137131.21
L0007769,INV-2024-003780,INV,,20240713,202407,69,7,790,14,AE,AED,3.6725,1,9600.0,0.1817,9600.0,1744.32,7855.68,4800.0,3055.68,1.25,,0,28849.98
L0007846,INV-2024-003817,INV,,20240713,202407,74,8,889,1,OM,OMR,0.3845,1,2400.0,0.0747,2400.0,179.27,2220.73,1320.0,900.73,1.0,,0,853.87
L0007053,INV-2024-003451,INV,,20240713,202407,24,2,94,15,EG,EGP,48.4477,1,1100.0,0.0997,1100.0,109.67,990.33,858.0,132.33,1.0,,0,47979.21
L0007577,INV-2024-003709,INV,,20240714,202407,58,6,734,7,AE,AED,3.6725,1,1200.0,0.1336,1200.0,160.32,1039.68,360.0,679.68,1.0,,0,3818.22
L0007176,INV-2024-003520,INV,,20240714,202407,30,3,365,7,EG,EGP,48.4477,2,1200.0,0.1569,2400.0,376.56,2023.44,720.0,1303.44,1.0,,0,98031.01
L0006975,INV-2024-003406,INV,,20240714,202407,19,2,182,10,EG,EGP,48.4477,1,3000.0,0.0065,3000.0,19.5,2980.5,900.0,2080.5,1.25,,0,144398.37
L0007869,INV-2024-003829,INV,,20240714,202407,75,8,951,10,OM,OMR,0.3845,1,3000.0,0.0443,3000.0,132.9,2867.1,900.0,1967.1,1.25,,0,1102.4
L0006962,INV-2024-003400,INV,,20240715,202407,18,2,197,7,EG,EGP,48.4477,1,1200.0,0.0261,1200.0,31.32,1168.68,360.0,808.68,1.0,,0,56619.86
L0007456,INV-2024-003639,INV,,20240715,202407,48,5,573,15,SA,SAR,3.75,1,1100.0,0.0,1100.0,0.0,1100.0,858.0,242.0,1.0,,0,4125.0
L0007457,INV-2024-003639,INV,,20240715,202407,48,5,573,1,SA,SAR,3.75,1,2400.0,0.0,2400.0,0.0,2400.0,1320.0,1080.0,1.0,,0,9000.0
L0007691,INV-2024-003744,INV,,20240715,202407,66,7,800,17,AE,AED,3.6725,6,450.0,0.142,2699.99,383.4,2316.59,2025.0,291.59,1.0,,0,8507.69
L0007662,INV-2024-003734,INV,,20240716,202407,80,6,720,7,AE,AED,3.6725,1,1200.0,0.1127,1200.0,135.24,1064.76,360.0,704.76,1.0,,0,3910.33
L0007376,INV-2024-003604,INV,,20240716,202407,42,4,432,14,SA,SAR,3.75,1,9600.0,0.124,9600.0,1190.4,8409.6,4800.0,3609.6,1.25,,0,31536.0
L0007377,INV-2024-003604,INV,,20240716,202407,42,4,432,2,SA,SAR,3.75,2,14000.0,0.0907,28000.0,2539.6,25460.4,14000.0,11460.4,1.0,,0,95476.5
L0006820,INV-2024-003346,INV,,20240716,202407,10,1,57,18,EG,EGP,48.4477,7,800.0,0.1353,5600.0,757.68,4842.32,3080.0,1762.32,1.0,,0,234599.27
L0007412,INV-2024-003617,INV,,20240716,202407,45,4,405,14,SA,SAR,3.75,1,9600.0,0.1064,9600.0,1021.44,8578.56,4800.0,3778.56,1.25,,0,32169.6
L0007726,INV-2024-003760,INV,,20240716,202407,67,7,778,17,AE,AED,3.6725,2,450.0,0.1682,900.0,151.38,748.62,675.0,73.62,1.0,,0,2749.3
L0030773,CN-2024-00020,CN,INV-2024-000740,20240716,202407,43,4,392,1,SA,SAR,3.75,-11,2400.0,0.0989,-26400.0,-2610.96,-23789.04,-14520.0,-9269.04,1.0,142.0,0,-89208.9
L0007796,INV-2024-003792,INV,,20240717,202407,71,7,800,12,AE,AED,3.6725,1,4800.0,0.183,4800.0,878.4,3921.6,2160.0,1761.6,1.25,,0,14402.08
L0007755,INV-2024-003773,INV,,20240717,202407,68,7,781,4,AE,AED,3.6725,1,9000.0,0.2013,9000.0,1811.7,7188.3,4950.0,2238.3,1.0,,0,26399.03
L0030813,CN-2024-00046,CN,INV-2024-002374,20240717,202407,34,3,335,8,EG,EGP,48.4477,-2,1500.0,0.1698,-3000.0,-509.4,-2490.6,-2100.0,-390.6,1.0,65.0,0,-120663.84
L0006835,INV-2024-003353,INV,,20240718,202407,11,1,43,1,EG,EGP,48.4477,1,2400.0,0.1177,2400.0,282.48,2117.52,1320.0,797.52,1.0,,0,102588.97
L0007763,INV-2024-003777,INV,,20240718,202407,68,7,782,6,AE,AED,3.6725,2,7500.0,0.1725,15000.0,2587.5,12412.5,5700.0,6712.5,1.0,,0,45584.91
L0007851,INV-2024-003819,INV,,20240718,202407,74,8,851,15,OM,OMR,0.3845,1,1100.0,0.0641,1100.0,70.51,1029.49,858.0,171.49,1.0,,0,395.84
L0007276,INV-2024-003563,INV,,20240718,202407,34,3,349,7,EG,EGP,48.4477,3,1200.0,0.204,3600.0,734.4,2865.6,1080.0,1785.6,1.0,,0,138831.73
L0006838,INV-2024-003353,INV,,20240718,202407,11,1,43,12,EG,EGP,48.4477,1,4800.0,0.1026,4800.0,492.48,4307.52,2160.0,2147.52,1.25,,0,208689.44
L0006817,INV-2024-003345,INV,,20240718,202407,10,1,44,3,EG,EGP,48.4477,1,3600.0,0.1288,3600.0,463.68,3136.32,1620.0,1516.32,1.0,,0,151947.49
L0007516,INV-2024-003675,INV,,20240718,202407,53,5,527,7,SA,SAR,3.75,1,1200.0,0.0971,1200.0,116.52,1083.48,360.0,723.48,1.0,,0,4063.05
L0007532,INV-2024-003687,INV,,20240718,202407,54,5,699,8,SA,SAR,3.75,2,1500.0,0.0527,3000.0,158.1,2841.9,2100.0,741.9,1.0,,0,10657.12
L0007641,INV-2024-003728,INV,,20240718,202407,63,6,767,18,AE,AED,3.6725,1,800.0,0.0707,800.0,56.56,743.44,440.0,303.44,1.0,,0,2730.28
L0007282,INV-2024-003566,INV,,20240719,202407,34,3,372,17,EG,EGP,48.4477,9,450.0,0.165,4050.0,668.25,3381.75,3037.5,344.25,1.0,,0,163837.97
L0007085,INV-2024-003471,INV,,20240719,202407,25,2,88,17,EG,EGP,48.4477,2,450.0,0.0002,900.0,0.18,899.82,675.0,224.82,1.0,,0,43594.2
L0007546,INV-2024-003695,INV,,20240720,202407,55,5,522,1,SA,SAR,3.75,1,2400.0,0.0464,2400.0,111.36,2288.64,1320.0,968.64,1.0,,0,8582.4
L0007231,INV-2024-003543,INV,,20240720,202407,32,3,349,10,EG,EGP,48.4477,1,3000.0,0.2417,3000.0,725.1,2274.9,900.0,1374.9,1.25,,0,110213.67
L0007011,INV-2024-003427,INV,,20240720,202407,21,2,287,1,EG,EGP,48.4477,1,2400.0,0.0401,2400.0,96.24,2303.76,1320.0,983.76,1.0,,0,111611.87
L0007229,INV-2024-003543,INV,,20240720,202407,32,3,349,15,EG,EGP,48.4477,2,1100.0,0.2248,2200.0,494.56,1705.44,1716.0,-10.56,1.0,,0,82624.65
L0007048,INV-2024-003448,INV,,20240720,202407,23,2,105,8,EG,EGP,48.4477,2,1500.0,0.0693,3000.0,207.9,2792.1,2100.0,692.1,1.0,,0,135270.82
L0007877,INV-2024-003834,INV,,20240721,202407,75,8,923,12,OM,OMR,0.3845,1,4800.0,0.0328,4800.0,157.45,4642.55,2160.0,2482.55,1.25,,0,1785.06
L0007388,INV-2024-003608,INV,,20240721,202407,42,4,411,1,SA,SAR,3.75,1,2400.0,0.0674,2400.0,161.76,2238.24,1320.0,918.24,1.0,,0,8393.4
L0007300,INV-2024-003576,INV,,20240721,202407,35,3,348,15,EG,EGP,48.4477,1,1100.0,0.205,1100.0,225.5,874.5,858.0,16.5,1.0,,0,42367.51
L0006953,INV-2024-003393,INV,,20240721,202407,18,2,81,18,EG,EGP,48.4477,2,800.0,0.0787,1600.0,125.92,1474.08,880.0,594.08,1.0,,0,71415.79
L0007306,INV-2024-003579,INV,,20240721,202407,35,3,359,17,EG,EGP,48.4477,1,450.0,0.1645,450.0,74.03,375.97,337.5,38.47,1.0,,0,18215.12
L0006847,INV-2024-003356,INV,,20240721,202407,11,1,8,18,EG,EGP,48.4477,9,800.0,0.0731,7200.0,526.32,6673.68,3960.0,2713.68,1.0,,0,323324.45
L0007305,INV-2024-003579,INV,,20240721,202407,35,3,359,1,EG,EGP,48.4477,1,2400.0,0.1689,2400.0,405.36,1994.64,1320.0,674.64,1.0,,0,96635.72
L0007785,INV-2024-003788,INV,,20240721,202407,71,7,813,6,AE,AED,3.6725,2,7500.0,0.171,15000.0,2565.0,12435.0,5700.0,6735.0,1.0,,0,45667.54
L0007810,INV-2024-003798,INV,,20240722,202407,81,7,805,10,AE,AED,3.6725,1,3000.0,0.1792,3000.0,537.6,2462.4,900.0,1562.4,1.25,,0,9043.16
L0007825,INV-2024-003806,INV,,20240722,202407,73,8,855,20,OM,OMR,0.3845,1,1500.0,0.0388,1500.0,58.21,1441.79,750.0,691.79,1.0,,0,554.37
L0007619,INV-2024-003720,INV,,20240722,202407,61,6,725,8,AE,AED,3.6725,1,1500.0,0.083,1500.0,124.5,1375.5,1050.0,325.5,1.0,,0,5051.52
L0007617,INV-2024-003720,INV,,20240722,202407,61,6,725,8,AE,AED,3.6725,1,1500.0,0.0643,1500.0,96.45,1403.55,1050.0,353.55,1.0,,0,5154.54
L0007244,INV-2024-003550,INV,,20240722,202407,32,3,352,7,EG,EGP,48.4477,1,1200.0,0.2045,1200.0,245.4,954.6,360.0,594.6,1.0,,0,46248.17
L0007692,INV-2024-003745,INV,,20240723,202407,66,7,798,19,AE,AED,3.6725,3,5500.0,0.1947,16500.0,3212.55,13287.45,7425.0,5862.45,1.0,,0,48798.16
L0007742,INV-2024-003768,INV,,20240723,202407,67,7,780,16,AE,AED,3.6725,6,2200.0,0.126,13200.0,1663.2,11536.8,10560.0,976.8,1.0,,0,42368.9
L0007151,INV-2024-003508,INV,,20240723,202407,28,2,302,5,EG,EGP,48.4477,2,1800.0,0.0876,3600.0,315.36,3284.64,1440.0,1844.64,1.0,,0,159133.25
L0007535,INV-2024-003690,INV,,20240724,202407,54,5,576,16,SA,SAR,3.75,2,2200.0,0.074,4400.0,325.6,4074.4,3520.0,554.4,1.0,,0,15279.0
L0007718,INV-2024-003757,INV,,20240724,202407,67,7,792,12,AE,AED,3.6725,1,4800.0,0.1718,4800.0,824.64,3975.36,2160.0,1815.36,1.25,,0,14599.51
L0007091,INV-2024-003474,INV,,20240724,202407,26,2,125,1,EG,EGP,48.4477,1,2400.0,0.092,2400.0,220.8,2179.2,1320.0,859.2,1.0,,0,105577.23
L0007317,INV-2024-003582,INV,,20240724,202407,37,4,412,15,SA,SAR,3.75,6,1100.0,0.1036,6600.0,683.76,5916.24,5148.0,768.24,1.0,,0,22185.9
L0030826,CN-2024-00052,CN,INV-2024-002498,20240724,202407,51,5,582,12,SA,SAR,3.75,-1,4800.0,0.023,-4800.0,-110.4,-4689.6,-2160.0,-2529.6,1.25,80.0,0,-17586.0
L0007716,INV-2024-003757,INV,,20240724,202407,67,7,792,7,AE,AED,3.6725,1,1200.0,0.2053,1200.0,246.36,953.64,360.0,593.64,1.0,,0,3502.24
L0007186,INV-2024-003524,INV,,20240724,202407,30,3,338,20,EG,EGP,48.4477,5,1500.0,0.139,7500.0,1042.5,6457.5,3750.0,2707.5,1.0,,0,312851.02
L0007444,INV-2024-003632,INV,,20240725,202407,47,5,684,15,SA,SAR,3.75,8,1100.0,0.0725,8800.0,638.0,8162.0,6864.0,1298.0,1.0,,0,30607.5
L0007657,INV-2024-003732,INV,,20240726,202407,64,6,726,18,AE,AED,3.6725,2,800.0,0.1011,1600.0,161.76,1438.24,880.0,558.24,1.0,,0,5281.94
L0007092,INV-2024-003475,INV,,20240726,202407,26,2,77,8,EG,EGP,48.4477,3,1500.0,0.1193,4500.0,536.85,3963.15,3150.0,813.15,1.0,,0,192005.5
L0007366,INV-2024-003599,INV,,20240726,202407,41,4,425,1,SA,SAR,3.75,2,2400.0,0.0699,4800.0,335.52,4464.48,2640.0,1824.48,1.0,,0,16741.8
L0006938,INV-2024-003388,INV,,20240727,202407,17,1,52,12,EG,EGP,48.4477,1,4800.0,0.0708,4800.0,339.84,4460.16,2160.0,2300.16,1.25,,0,216084.49
L0007710,INV-2024-003754,INV,,20240727,202407,66,7,784,10,AE,AED,3.6725,3,3000.0,0.1909,9000.0,1718.1,7281.9,2700.0,4581.9,1.25,,0,26742.78
L0006937,INV-2024-003388,INV,,20240727,202407,17,1,52,7,EG,EGP,48.4477,2,1200.0,0.0974,2400.0,233.76,2166.24,720.0,1446.24,1.0,,0,104949.35
L0007005,INV-2024-003424,INV,,20240727,202407,21,2,119,1,EG,EGP,48.4477,1,2400.0,0.029,2400.0,69.6,2330.4,1320.0,1010.4,1.0,,0,112902.52
L0007731,INV-2024-003762,INV,,20240727,202407,67,7,782,16,AE,AED,3.6725,3,2200.0,0.1936,6600.0,1277.76,5322.24,5280.0,42.24,1.0,,0,19545.93
L0007609,INV-2024-003718,INV,,20240727,202407,61,6,765,7,AE,AED,3.6725,1,1200.0,0.0868,1200.0,104.16,1095.84,360.0,735.84,1.0,,0,4024.47
L0007355,INV-2024-003596,INV,,20240727,202407,41,4,427,1,SA,SAR,3.75,1,2400.0,0.0547,2400.0,131.28,2268.72,1320.0,948.72,1.0,,0,8507.7
L0007383,INV-2024-003606,INV,,20240727,202407,42,4,444,12,SA,SAR,3.75,1,4800.0,0.1082,4800.0,519.36,4280.64,2160.0,2120.64,1.25,,0,16052.4
L0007138,INV-2024-003501,INV,,20240727,202407,27,2,129,1,EG,EGP,48.4477,1,2400.0,0.034,2400.0,81.6,2318.4,1320.0,998.4,1.0,,0,112321.15
L0007857,INV-2024-003822,INV,,20240727,202407,74,8,837,17,OM,OMR,0.3845,1,449.99,0.029,449.99,13.06,436.93,337.5,99.43,1.0,,0,168.0
L0007858,INV-2024-003822,INV,,20240727,202407,74,8,837,20,OM,OMR,0.3845,1,1500.0,0.0176,1500.0,26.4,1473.6,750.0,723.6,1.0,,0,566.6
L0007087,INV-2024-003472,INV,,20240728,202407,25,2,271,1,EG,EGP,48.4477,1,2400.0,0.0245,2400.0,58.8,2341.2,1320.0,1021.2,1.0,,0,113425.76
L0007042,INV-2024-003444,INV,,20240728,202407,23,2,277,5,EG,EGP,48.4477,1,1800.0,0.0863,1800.0,155.34,1644.66,720.0,924.66,1.0,,0,79679.99
L0007624,INV-2024-003722,INV,,20240728,202407,62,6,756,8,AE,USD,1.0,11,1500.0,0.098,16500.0,1617.0,14883.0,11550.0,3333.0,1.0,,0,14883.0
L0007285,INV-2024-003569,INV,,20240728,202407,34,3,360,17,EG,EGP,48.4477,5,450.0,0.186,2250.0,418.5,1831.5,1687.5,144.0,1.0,,0,88731.94
L0007517,INV-2024-003676,INV,,20240728,202407,53,5,646,8,SA,SAR,3.75,10,1500.0,0.0865,15000.0,1297.5,13702.5,10500.0,3202.5,1.0,,0,51384.38
L0007234,INV-2024-003545,INV,,20240728,202407,32,3,365,17,EG,EGP,48.4477,2,450.0,0.228,900.0,205.2,694.8,675.0,19.8,1.0,,0,33661.45
L0007562,INV-2024-003703,INV,,20240728,202407,57,6,719,10,AE,AED,3.6725,7,3000.0,0.1058,21000.0,2221.8,18778.2,6300.0,12478.2,1.25,,0,68962.94
L0007110,INV-2024-003483,INV,,20240728,202407,26,2,173,1,EG,EGP,48.4477,1,2400.0,0.1283,2400.0,307.92,2092.08,1320.0,772.08,1.0,,0,101356.46
L0007035,INV-2024-003441,INV,,20240728,202407,22,2,298,7,EG,EGP,48.4477,1,1200.0,0.0479,1200.0,57.48,1142.52,360.0,782.52,1.0,,0,55352.47
L0007270,INV-2024-003560,INV,,20240729,202407,33,3,346,8,EG,EGP,48.4477,3,1500.0,0.2237,4500.0,1006.65,3493.35,3150.0,343.35,1.0,,1,169244.77
L0007687,INV-2024-003743,INV,,20240729,202407,65,7,786,3,AE,AED,3.6725,1,3600.0,0.1844,3600.0,663.84,2936.16,1620.0,1316.16,1.0,,1,10783.05
L0007443,INV-2024-003631,INV,,20240729,202407,47,5,680,5,SA,SAR,3.75,2,1800.0,0.0809,3600.0,291.24,3308.76,1440.0,1868.76,1.0,,1,12407.85
L0006886,INV-2024-003369,INV,,20240729,202407,14,1,43,20,EG,EGP,48.4477,3,1500.0,0.1303,4500.0,586.35,3913.65,2250.0,1663.65,1.0,,1,189607.34
L0007592,INV-2024-003713,INV,,20240729,202407,59,6,767,8,AE,AED,3.6725,3,1500.0,0.1808,4500.0,813.6,3686.4,3150.0,536.4,1.0,,1,13538.3
L0006871,INV-2024-003363,INV,,20240729,202407,13,1,8,10,EG,EGP,48.4477,1,3000.0,0.186,3000.0,558.0,2442.0,900.0,1542.0,1.25,,1,118309.28
L0007107,INV-2024-003481,INV,,20240729,202407,26,2,280,1,EG,EGP,48.4477,1,2400.0,0.1433,2400.0,343.92,2056.08,1320.0,736.08,1.0,,1,99612.35
L0007556,INV-2024-003701,INV,,20240729,202407,56,6,711,12,AE,AED,3.6725,5,4800.0,0.1999,24000.0,4797.6,19202.4,10800.0,8402.4,1.25,,1,70520.81
L0007227,INV-2024-003542,INV,,20240729,202407,32,3,362,1,EG,EGP,48.4477,1,2400.0,0.2495,2400.0,598.8,1801.2,1320.0,481.2,1.0,,1,87264.0
L0007109,INV-2024-003482,INV,,20240729,202407,26,2,197,1,EG,EGP,48.4477,1,2400.0,0.1232,2400.0,295.68,2104.32,1320.0,784.32,1.0,,1,101949.46
L0007685,INV-2024-003743,INV,,20240729,202407,65,7,786,7,AE,AED,3.6725,4,1200.0,0.1468,4800.0,704.64,4095.36,1440.0,2655.36,1.0,,1,15040.21
L0006887,INV-2024-003369,INV,,20240729,202407,14,1,43,10,EG,EGP,48.4477,7,3000.0,0.1662,21000.0,3490.2,17509.8,6300.0,11209.8,1.25,,1,848309.54
L0006885,INV-2024-003369,INV,,20240729,202407,14,1,43,10,EG,EGP,48.4477,1,3000.0,0.1248,3000.0,374.4,2625.6,900.0,1725.6,1.25,,1,127204.28
L0007626,INV-2024-003723,INV,,20240729,202407,62,6,773,7,AE,AED,3.6725,13,1200.0,0.1178,15600.0,1837.68,13762.32,4680.0,9082.32,1.0,,1,50542.12
L0007686,INV-2024-003743,INV,,20240729,202407,65,7,786,15,AE,AED,3.6725,2,1100.0,0.1914,2200.0,421.08,1778.92,1716.0,62.92,1.0,,1,6533.08
L0007539,INV-2024-003692,INV,,20240729,202407,54,5,602,7,SA,SAR,3.75,1,1200.0,0.0612,1200.0,73.44,1126.56,360.0,766.56,1.0,,1,4224.6
L0007106,INV-2024-003481,INV,,20240729,202407,26,2,280,10,EG,EGP,48.4477,1,3000.0,0.1216,3000.0,364.8,2635.2,900.0,1735.2,1.25,,1,127669.38
L0007564,INV-2024-003705,INV,,20240729,202407,57,6,750,1,AE,AED,3.6725,2,2400.0,0.1318,4800.0,632.64,4167.36,2640.0,1527.36,1.0,,1,15304.63
L0007566,INV-2024-003705,INV,,20240729,202407,57,6,750,12,AE,AED,3.6725,1,4800.0,0.1383,4800.0,663.84,4136.16,2160.0,1976.16,1.25,,1,15190.05
L0007587,INV-2024-003712,INV,,20240730,202407,59,6,730,12,AE,AED,3.6725,1,4800.0,0.1594,4800.0,765.12,4034.88,2160.0,1874.88,1.25,,1,14818.1
L0007557,INV-2024-003702,INV,,20240730,202407,56,6,758,12,AE,AED,3.6725,1,4800.0,0.169,4800.0,811.2,3988.8,2160.0,1828.8,1.25,,1,14648.87
L0007453,INV-2024-003637,INV,,20240730,202407,47,5,526,8,SA,SAR,3.75,3,1500.0,0.115,4500.0,517.5,3982.5,3150.0,832.5,1.0,,1,14934.38
L0007259,INV-2024-003556,INV,,20240730,202407,32,3,360,15,EG,EGP,48.4477,1,1100.0,0.2234,1100.0,245.74,854.26,858.0,-3.74,1.0,,1,41386.93
L0007120,INV-2024-003489,INV,,20240730,202407,26,2,276,1,EG,EGP,48.4477,1,2400.0,0.1114,2400.0,267.36,2132.64,1320.0,812.64,1.0,,1,103321.5
L0007119,INV-2024-003489,INV,,20240730,202407,26,2,276,1,EG,EGP,48.4477,1,2400.0,0.1567,2400.0,376.08,2023.92,1320.0,703.92,1.0,,1,98054.27
L0007354,INV-2024-003595,INV,,20240730,202407,40,4,430,12,SA,SAR,3.75,2,4800.0,0.1119,9600.0,1074.24,8525.76,4320.0,4205.76,1.25,,1,31971.6
L0007252,INV-2024-003553,INV,,20240730,202407,32,3,362,15,EG,EGP,48.4477,2,1100.0,0.2454,2200.0,539.88,1660.12,1716.0,-55.88,1.0,,1,80429.0
L0007481,INV-2024-003654,INV,,20240730,202407,50,5,534,7,SA,SAR,3.75,1,1200.0,0.089,1200.0,106.8,1093.2,360.0,733.2,1.0,,1,4099.5
L0007756,INV-2024-003774,INV,,20240730,202407,68,7,797,15,AE,AED,3.6725,27,1100.0,0.2354,29700.0,6991.38,22708.62,23166.0,-457.38,1.0,,1,83397.41
L0007254,INV-2024-003554,INV,,20240731,202407,32,3,345,1,EG,EGP,48.4477,1,2400.0,0.2355,2400.0,565.2,1834.8,1320.0,514.8,1.0,,1,88891.84
L0007333,INV-2024-003587,INV,,20240731,202407,39,4,442,10,SA,SAR,3.75,1,3000.0,0.1399,3000.0,419.7,2580.3,900.0,1680.3,1.25,,1,9676.12
L0007519,INV-2024-003678,INV,,20240731,202407,53,5,666,10,SA,SAR,3.75,2,3000.0,0.1132,6000.0,679.2,5320.8,1800.0,3520.8,1.25,,1,19953.0
L0007047,INV-2024-003447,INV,,20240731,202407,23,2,287,15,EG,EGP,48.4477,4,1100.0,0.1156,4400.0,508.64,3891.36,3432.0,459.36,1.0,,1,188527.44
L0007613,INV-2024-003719,INV,,20240731,202407,61,6,742,12,AE,AED,3.6725,1,4800.0,0.0704,4800.0,337.92,4462.08,2160.0,2302.08,1.25,,1,16386.99
L0007340,INV-2024-003591,INV,,20240731,202407,40,4,385,12,SA,SAR,3.75,1,4800.0,0.1337,4800.0,641.76,4158.24,2160.0,1998.24,1.25,,1,15593.4
L0007570,INV-2024-003706,INV,,20240731,202407,57,6,724,3,AE,AED,3.6725,13,3600.0,0.145,46800.0,6786.0,40014.0,21060.0,18954.0,1.0,,1,146951.42
L0007159,INV-2024-003512,INV,,20240731,202407,29,3,344,17,EG,EGP,48.4477,2,450.0,0.2372,900.0,213.48,686.52,675.0,11.52,1.0,,1,33260.31
L0007160,INV-2024-003512,INV,,20240731,202407,29,3,344,12,EG,EGP,48.4477,1,4800.0,0.2275,4800.0,1092.0,3708.0,2160.0,1548.0,1.25,,1,179644.07
L0008532,INV-2024-004175,INV,,20240801,202408,55,5,557,1,SA,SAR,3.75,1,2400.0,0.0134,2400.0,32.16,2367.84,1320.0,1047.84,1.0,,0,8879.4
L0008386,INV-2024-004094,INV,,20240801,202408,43,4,381,9,SA,SAR,3.75,2,6000.0,0.1162,12000.0,1394.4,10605.6,4200.0,6405.6,1.25,,0,39771.0
L0008293,INV-2024-004060,INV,,20240801,202408,35,3,335,7,EG,EGP,47.8216,2,1200.0,0.1884,2400.0,452.16,1947.84,720.0,1227.84,1.0,,0,93148.83
L0008307,INV-2024-004064,INV,,20240801,202408,36,4,408,9,SA,USD,1.0,1,6000.0,0.0832,6000.0,499.2,5500.8,2100.0,3400.8,1.25,,0,5500.8
L0008787,INV-2024-004274,INV,,20240801,202408,81,7,800,10,AE,AED,3.6725,1,3000.0,0.1769,3000.0,530.7,2469.3,900.0,1569.3,1.25,,0,9068.5
L0007982,INV-2024-003880,INV,,20240801,202408,17,1,12,3,EG,EGP,47.8216,1,3600.0,0.1184,3600.0,426.24,3173.76,1620.0,1553.76,1.0,,0,151774.28
L0008057,INV-2024-003924,INV,,20240801,202408,21,2,176,7,EG,EGP,47.8216,1,1200.0,0.0152,1200.0,18.24,1181.76,360.0,821.76,1.0,,0,56513.65
L0008780,INV-2024-004271,INV,,20240802,202408,81,7,794,17,AE,AED,3.6725,16,450.0,0.1671,7199.98,1203.12,5996.86,5400.0,596.86,1.0,,0,22023.48
L0007950,INV-2024-003866,INV,,20240802,202408,13,1,47,18,EG,EGP,47.8216,5,800.0,0.1432,4000.0,572.8,3427.2,2200.0,1227.2,1.0,,0,163894.19
L0008334,INV-2024-004074,INV,,20240802,202408,39,4,410,9,SA,SAR,3.75,2,6000.0,0.1018,12000.0,1221.6,10778.4,4200.0,6578.4,1.25,,0,40419.0
L0008065,INV-2024-003928,INV,,20240803,202408,21,2,208,12,EG,EGP,47.8216,1,4800.0,0.0263,4800.0,126.24,4673.76,2160.0,2513.76,1.25,,0,223506.68
L0008805,INV-2024-004284,INV,,20240803,202408,73,8,947,1,OM,OMR,0.3845,1,2400.0,0.0165,2400.0,39.61,2360.39,1320.0,1040.39,1.0,,0,907.57
L0008375,INV-2024-004091,INV,,20240804,202408,43,4,422,12,SA,SAR,3.75,1,4800.0,0.0749,4800.0,359.52,4440.48,2160.0,2280.48,1.25,,0,16651.8
L0008376,INV-2024-004091,INV,,20240804,202408,43,4,422,7,SA,SAR,3.75,1,1200.0,0.1087,1200.0,130.44,1069.56,360.0,709.56,1.0,,0,4010.85
L0008283,INV-2024-004054,INV,,20240804,202408,34,3,368,1,EG,EGP,47.8216,1,2400.0,0.1733,2400.0,415.92,1984.08,1320.0,664.08,1.0,,0,94881.88
L0007995,INV-2024-003885,INV,,20240805,202408,18,2,147,1,EG,EGP,47.8216,1,2400.0,0.0167,2400.0,40.08,2359.92,1320.0,1039.92,1.0,,0,112855.15
L0008415,INV-2024-004104,INV,,20240805,202408,78,4,423,6,SA,SAR,3.75,1,7500.0,0.1244,7500.0,933.0,6567.0,2850.0,3717.0,1.0,,0,24626.25
L0008412,INV-2024-004104,INV,,20240805,202408,78,4,423,1,SA,SAR,3.75,1,2400.0,0.1514,2400.0,363.36,2036.64,1320.0,716.64,1.0,,0,7637.4
L0008041,INV-2024-003914,INV,,20240805,202408,20,2,208,15,EG,EGP,47.8216,2,1100.0,0.0576,2200.0,126.72,2073.28,1716.0,357.28,1.0,,0,99147.57
L0007911,INV-2024-003851,INV,,20240806,202408,10,1,34,7,EG,EGP,47.8216,1,1200.0,0.1649,1200.0,197.88,1002.12,360.0,642.12,1.0,,0,47922.98
L0008275,INV-2024-004049,INV,,20240806,202408,34,3,332,1,EG,EGP,47.8216,3,2400.0,0.1776,7200.0,1278.72,5921.28,3960.0,1961.28,1.0,,0,283165.08
L0008612,INV-2024-004202,INV,,20240806,202408,61,6,761,10,AE,AED,3.6725,1,3000.0,0.0953,3000.0,285.9,2714.1,900.0,1814.1,1.25,,0,9967.53
L0008711,INV-2024-004239,INV,,20240806,202408,68,7,788,6,AE,AED,3.6725,1,7500.0,0.2286,7500.0,1714.5,5785.5,2850.0,2935.5,1.0,,0,21247.25
L0008611,INV-2024-004202,INV,,20240806,202408,61,6,761,14,AE,AED,3.6725,1,9600.0,0.0825,9600.0,792.0,8808.0,4800.0,4008.0,1.25,,0,32347.38
L0007931,INV-2024-003858,INV,,20240807,202408,11,1,38,12,EG,EGP,47.8216,1,4800.0,0.0793,4800.0,380.64,4419.36,2160.0,2259.36,1.25,,0,211340.87
L0007968,INV-2024-003874,INV,,20240807,202408,15,1,16,3,EG,EGP,47.8216,1,3600.0,0.1469,3600.0,528.84,3071.16,1620.0,1451.16,1.0,,0,146867.79
L0008030,INV-2024-003907,INV,,20240807,202408,19,2,136,1,EG,EGP,47.8216,1,2400.0,0.0057,2400.0,13.68,2386.32,1320.0,1066.32,1.0,,0,114117.64
L0008826,INV-2024-004296,INV,,20240808,202408,75,8,906,5,OM,OMR,0.3845,2,1800.0,0.0983,3600.0,353.89,3246.11,1440.0,1806.11,1.0,,0,1248.13
L0008553,INV-2024-004183,INV,,20240808,202408,56,6,736,18,AE,AED,3.6725,1,800.0,0.1704,800.0,136.32,663.68,440.0,223.68,1.0,,0,2437.36
L0008751,INV-2024-004258,INV,,20240808,202408,71,7,811,10,AE,AED,3.6725,1,3000.0,0.181,3000.0,543.0,2457.0,900.0,1557.0,1.25,,0,9023.33
L0008451,INV-2024-004127,INV,,20240808,202408,48,5,568,16,SA,SAR,3.75,3,2200.0,0.0,6600.0,0.0,6600.0,5280.0,1320.0,1.0,,0,24750.0
L0008844,INV-2024-004307,INV,,20240809,202408,76,8,913,1,OM,OMR,0.3845,1,2400.0,0.1013,2400.0,243.12,2156.88,1320.0,836.88,1.0,,0,829.32
L0008845,INV-2024-004307,INV,,20240809,202408,76,8,913,1,OM,OMR,0.3845,1,2400.0,0.1119,2400.0,268.56,2131.44,1320.0,811.44,1.0,,0,819.54
L0008494,INV-2024-004153,INV,,20240810,202408,52,5,505,5,SA,SAR,3.75,3,1800.0,0.047,5400.0,253.8,5146.2,2160.0,2986.2,1.0,,0,19298.25
L0007922,INV-2024-003855,INV,,20240810,202408,10,1,13,12,EG,EGP,47.8216,1,4800.0,0.1237,4800.0,593.76,4206.24,2160.0,2046.24,1.25,,0,201149.13
L0008085,INV-2024-003942,INV,,20240810,202408,23,2,305,8,EG,EGP,47.8216,1,1500.0,0.0926,1500.0,138.9,1361.1,1050.0,311.1,1.0,,0,65089.98
L0008180,INV-2024-003998,INV,,20240810,202408,28,2,287,17,EG,EGP,47.8216,1,450.0,0.0279,450.0,12.55,437.45,337.5,99.95,1.0,,0,20919.32
L0008182,INV-2024-003998,INV,,20240810,202408,28,2,287,20,EG,EGP,47.8216,1,1500.0,0.0284,1500.0,42.6,1457.4,750.0,707.4,1.0,,0,69695.2
L0008357,INV-2024-004083,INV,,20240811,202408,41,4,393,12,SA,SAR,3.75,1,4800.0,0.052,4800.0,249.6,4550.4,2160.0,2390.4,1.25,,0,17064.0
L0008358,INV-2024-004083,INV,,20240811,202408,41,4,393,1,SA,SAR,3.75,1,2400.0,0.037,2400.0,88.8,2311.2,1320.0,991.2,1.0,,0,8667.0
L0008822,INV-2024-004294,INV,,20240811,202408,74,8,915,5,OM,OMR,0.3845,1,1800.0,0.0076,1800.0,13.68,1786.32,720.0,1066.32,1.0,,0,686.84
L0008103,INV-2024-003954,INV,,20240811,202408,23,2,72,7,EG,EGP,47.8216,2,1200.0,0.1011,2400.0,242.64,2157.36,720.0,1437.36,1.0,,0,103168.41
L0008440,INV-2024-004119,INV,,20240811,202408,47,5,524,1,SA,SAR,3.75,1,2400.0,0.0514,2400.0,123.36,2276.64,1320.0,956.64,1.0,,0,8537.4
L0007901,INV-2024-003846,INV,,20240811,202408,9,1,52,8,EG,EGP,47.8216,2,1500.0,0.105,3000.0,315.0,2685.0,2100.0,585.0,1.0,,0,128401.0
L0008439,INV-2024-004119,INV,,20240811,202408,47,5,524,7,SA,SAR,3.75,1,1200.0,0.09,1200.0,108.0,1092.0,360.0,732.0,1.0,,0,4095.0
L0008438,INV-2024-004119,INV,,20240811,202408,47,5,524,8,SA,SAR,3.75,1,1500.0,0.0859,1500.0,128.85,1371.15,1050.0,321.15,1.0,,0,5141.81
L0008096,INV-2024-003950,INV,,20240812,202408,23,2,237,7,EG,EGP,47.8216,3,1200.0,0.1225,3600.0,441.0,3159.0,1080.0,2079.0,1.0,,0,151068.43
L0008146,INV-2024-003979,INV,,20240812,202408,25,2,301,7,EG,EGP,47.8216,1,1200.0,0.0257,1200.0,30.84,1169.16,360.0,809.16,1.0,,0,55911.1
L0008374,INV-2024-004090,INV,,20240812,202408,43,4,421,1,SA,SAR,3.75,1,2400.0,0.106,2400.0,254.4,2145.6,1320.0,825.6,1.0,,0,8046.0
L0008677,INV-2024-004225,INV,,20240812,202408,67,7,802,7,AE,AED,3.6725,2,1200.0,0.2097,2400.0,503.28,1896.72,720.0,1176.72,1.0,,0,6965.7
L0008676,INV-2024-004225,INV,,20240812,202408,67,7,802,12,AE,AED,3.6725,1,4800.0,0.166,4800.0,796.8,4003.2,2160.0,1843.2,1.25,,0,14701.75
L0008336,INV-2024-004075,INV,,20240814,202408,39,4,430,5,SA,SAR,3.75,17,1800.0,0.0791,30600.0,2420.46,28179.54,12240.0,15939.54,1.0,,0,105673.28
L0008119,INV-2024-003962,INV,,20240814,202408,24,2,160,3,EG,EGP,47.8216,1,3600.0,0.1025,3600.0,369.0,3231.0,1620.0,1611.0,1.0,,0,154511.59
L0008621,INV-2024-004205,INV,,20240814,202408,62,6,718,12,AE,AED,3.6725,1,4800.0,0.1181,4800.0,566.88,4233.12,2160.0,2073.12,1.25,,0,15546.13
L0008026,INV-2024-003904,INV,,20240814,202408,19,2,233,7,EG,EGP,47.8216,1,1200.0,0.0614,1200.0,73.68,1126.32,360.0,766.32,1.0,,0,53862.42
L0008315,INV-2024-004067,INV,,20240815,202408,37,4,428,3,SA,SAR,3.75,2,3600.0,0.1248,7200.0,898.56,6301.44,3240.0,3061.44,1.0,,0,23630.4
L0008739,INV-2024-004252,INV,,20240815,202408,71,7,808,20,AE,AED,3.6725,3,1500.0,0.1403,4500.0,631.35,3868.65,2250.0,1618.65,1.0,,0,14207.62
L0008755,INV-2024-004260,INV,,20240815,202408,71,7,817,6,AE,AED,3.6725,1,7500.0,0.1485,7500.0,1113.75,6386.25,2850.0,3536.25,1.0,,0,23453.5
L0008563,INV-2024-004187,INV,,20240816,202408,57,6,721,4,AE,AED,3.6725,1,9000.0,0.0903,9000.0,812.7,8187.3,4950.0,3237.3,1.0,,0,30067.86
L0008624,INV-2024-004206,INV,,20240816,202408,63,6,710,12,AE,AED,3.6725,1,4800.0,0.0798,4800.0,383.04,4416.96,2160.0,2256.96,1.25,,0,16221.29
L0007962,INV-2024-003871,INV,,20240817,202408,14,1,26,4,EG,EGP,47.8216,1,9000.0,0.1279,9000.0,1151.1,7848.9,4950.0,2898.9,1.0,,0,375346.96
L0008136,INV-2024-003972,INV,,20240817,202408,25,2,319,7,EG,EGP,47.8216,1,1200.0,0.019,1200.0,22.8,1177.2,360.0,817.2,1.0,,0,56295.59
L0008639,INV-2024-004211,INV,,20240817,202408,64,6,726,15,AE,AED,3.6725,3,1100.0,0.0773,3300.0,255.09,3044.91,2574.0,470.91,1.0,,0,11182.43
L0008128,INV-2024-003967,INV,,20240817,202408,24,2,222,8,EG,EGP,47.8216,3,1500.0,0.097,4500.0,436.5,4063.5,3150.0,913.5,1.0,,0,194323.07
L0008572,INV-2024-004190,INV,,20240817,202408,58,6,744,1,AE,AED,3.6725,1,2400.0,0.1177,2400.0,282.48,2117.52,1320.0,797.52,1.0,,0,7776.59
L0008432,INV-2024-004115,INV,,20240818,202408,47,5,463,10,SA,SAR,3.75,2,3000.0,0.0839,6000.0,503.4,5496.6,1800.0,3696.6,1.25,,0,20612.25
L0008032,INV-2024-003908,INV,,20240818,202408,19,2,228,1,EG,EGP,47.8216,1,2400.0,0.0144,2400.0,34.56,2365.44,1320.0,1045.44,1.0,,0,113119.13
L0008803,INV-2024-004282,INV,,20240819,202408,73,8,957,8,OM,OMR,0.3845,2,1500.0,0.0177,3000.0,53.11,2946.89,2100.0,846.89,1.0,,0,1133.08
L0007965,INV-2024-003872,INV,,20240819,202408,14,1,24,19,EG,EGP,47.8216,1,5500.0,0.1296,5500.0,712.8,4787.2,2475.0,2312.2,1.0,,0,228931.56
L0008240,INV-2024-004032,INV,,20240820,202408,32,3,331,17,EG,EGP,47.8216,27,450.0,0.2164,12150.0,2629.26,9520.74,9112.5,408.24,1.0,,0,455297.02
L0008322,INV-2024-004070,INV,,20240820,202408,39,4,376,20,SA,SAR,3.75,4,1500.0,0.0977,6000.0,586.2,5413.8,3000.0,2413.8,1.0,,0,20301.75
L0008127,INV-2024-003966,INV,,20240820,202408,24,2,254,1,EG,EGP,47.8216,1,2400.0,0.1065,2400.0,255.6,2144.4,1320.0,824.4,1.0,,0,102548.64
L0008475,INV-2024-004142,INV,,20240820,202408,51,5,469,1,SA,SAR,3.75,1,2400.0,0.0356,2400.0,85.44,2314.56,1320.0,994.56,1.0,,0,8679.6
L0008309,INV-2024-004065,INV,,20240820,202408,36,4,392,10,SA,SAR,3.75,1,3000.0,0.0722,3000.0,216.6,2783.4,900.0,1883.4,1.25,,0,10437.75
L0008724,INV-2024-004245,INV,,20240821,202408,69,7,776,5,AE,AED,3.6725,5,1800.0,0.1896,9000.0,1706.4,7293.6,3600.0,3693.6,1.0,,0,26785.75
L0008555,INV-2024-004184,INV,,20240821,202408,56,6,737,12,AE,AED,3.6725,1,4800.0,0.1406,4800.0,674.88,4125.12,2160.0,1965.12,1.25,,0,15149.5
L0008123,INV-2024-003965,INV,,20240822,202408,24,2,181,7,EG,EGP,47.8216,1,1200.0,0.1489,1200.0,178.68,1021.32,360.0,661.32,1.0,,0,48841.16
L0008855,INV-2024-004313,INV,,20240822,202408,82,8,842,7,OM,OMR,0.3845,3,1200.0,0.0288,3600.0,103.67,3496.33,1080.0,2416.33,1.0,,0,1344.34
L0008409,INV-2024-004102,INV,,20240822,202408,78,4,429,18,SA,SAR,3.75,12,800.0,0.0832,9600.0,798.72,8801.28,5280.0,3521.28,1.0,,0,33004.8
L0008178,INV-2024-003997,INV,,20240822,202408,28,2,241,8,EG,EGP,47.8216,1,1500.0,0.0831,1500.0,124.65,1375.35,1050.0,325.35,1.0,,0,65771.44
L0008453,INV-2024-004129,INV,,20240823,202408,49,5,513,3,SA,SAR,3.75,1,3600.0,0.0629,3600.0,226.44,3373.56,1620.0,1753.56,1.0,,0,12650.85
L0008540,INV-2024-004179,INV,,20240823,202408,55,5,633,10,SA,SAR,3.75,1,3000.0,0.0565,3000.0,169.5,2830.5,900.0,1930.5,1.25,,0,10614.38
L0008022,INV-2024-003902,INV,,20240823,202408,19,2,298,1,EG,EGP,47.8216,1,2400.0,0.0467,2400.0,112.08,2287.92,1320.0,967.92,1.0,,0,109412.0
L0008452,INV-2024-004128,INV,,20240823,202408,49,5,691,6,SA,SAR,3.75,1,7500.0,0.0917,7500.0,687.75,6812.25,2850.0,3962.25,1.0,,0,25545.94
L0008836,INV-2024-004302,INV,,20240823,202408,75,8,940,1,OM,OMR,0.3845,1,2400.0,0.0727,2400.0,174.49,2225.51,1320.0,905.51,1.0,,0,855.71
L0008017,INV-2024-003900,INV,,20240823,202408,19,2,247,17,EG,EGP,47.8216,5,450.0,0.0264,2250.0,59.4,2190.6,1687.5,503.1,1.0,,0,104758.0
L0008539,INV-2024-004179,INV,,20240823,202408,55,5,633,1,SA,SAR,3.75,1,2400.0,0.0,2400.0,0.0,2400.0,1320.0,1080.0,1.0,,0,9000.0
L0008707,INV-2024-004237,INV,,20240824,202408,67,7,776,6,AE,AED,3.6725,2,7500.0,0.1802,15000.0,2703.0,12297.0,5700.0,6597.0,1.0,,0,45160.73
L0008673,INV-2024-004223,INV,,20240824,202408,66,7,784,10,AE,AED,3.6725,1,3000.0,0.1759,3000.0,527.7,2472.3,900.0,1572.3,1.25,,0,9079.52
L0008188,INV-2024-004003,INV,,20240824,202408,28,2,251,1,EG,EGP,47.8216,1,2400.0,0.0546,2400.0,131.04,2268.96,1320.0,948.96,1.0,,0,108505.3
L0008441,INV-2024-004120,INV,,20240824,202408,47,5,549,7,SA,SAR,3.75,2,1200.0,0.1124,2400.0,269.76,2130.24,720.0,1410.24,1.0,,0,7988.4
L0030855,CN-2024-00072,CN,INV-2024-003119,20240824,202408,54,5,554,10,SA,SAR,3.75,-1,3000.0,0.0799,-3000.0,-239.7,-2760.3,-900.0,-1860.3,1.25,80.0,0,-10351.12
L0008511,INV-2024-004162,INV,,20240824,202408,53,5,467,7,SA,SAR,3.75,4,1200.0,0.0926,4800.0,444.48,4355.52,1440.0,2915.52,1.0,,0,16333.2
L0007915,INV-2024-003852,INV,,20240825,202408,10,1,48,10,EG,EGP,47.8216,1,3000.0,0.1684,3000.0,505.2,2494.8,900.0,1594.8,1.25,,0,119305.33
L0008811,INV-2024-004288,INV,,20240825,202408,73,8,939,8,OM,OMR,0.3845,5,1500.0,0.0,7500.0,0.0,7500.0,5250.0,2250.0,1.0,,0,2883.75
L0008749,INV-2024-004257,INV,,20240825,202408,71,7,816,1,AE,AED,3.6725,2,2400.0,0.189,4800.0,907.2,3892.8,2640.0,1252.8,1.0,,0,14296.31
L0007914,INV-2024-003852,INV,,20240825,202408,10,1,48,15,EG,EGP,47.8216,3,1100.0,0.161,3300.0,531.3,2768.7,2574.0,194.7,1.0,,0,132403.66
L0007916,INV-2024-003852,INV,,20240825,202408,10,1,48,7,EG,EGP,47.8216,1,1200.0,0.114,1200.0,136.8,1063.2,360.0,703.2,1.0,,0,50843.93
L0007905,INV-2024-003847,INV,,20240826,202408,9,1,69,10,EG,EGP,47.8216,2,3000.0,0.1228,6000.0,736.8,5263.2,1800.0,3463.2,1.25,,0,251694.65
L0030845,CN-2024-00066,CN,INV-2024-002878,20240826,202408,27,2,308,16,EG,EGP,47.8216,-1,2200.0,0.0663,-2200.0,-145.86,-2054.14,-1760.0,-294.14,1.0,59.0,0,-98232.26
L0007893,INV-2024-003844,INV,,20240826,202408,9,1,42,5,EG,EGP,47.8216,1,1800.0,0.0489,1800.0,88.02,1711.98,720.0,991.98,1.0,,0,81869.62
L0007892,INV-2024-003844,INV,,20240826,202408,9,1,42,7,EG,EGP,47.8216,1,1200.0,0.095,1200.0,114.0,1086.0,360.0,726.0,1.0,,0,51934.26
L0008559,INV-2024-004185,INV,,20240827,202408,56,6,709,2,AE,AED,3.6725,2,14000.0,0.1623,28000.0,4544.4,23455.6,14000.0,9455.6,1.0,,0,86140.69
L0008668,INV-2024-004221,INV,,20240827,202408,66,7,808,7,AE,AED,3.6725,4,1200.0,0.1676,4800.0,804.48,3995.52,1440.0,2555.52,1.0,,0,14673.55
L0008416,INV-2024-004105,INV,,20240827,202408,46,5,661,1,SA,SAR,3.75,2,2400.0,0.0791,4800.0,379.68,4420.32,2640.0,1780.32,1.0,,0,16576.2
L0008420,INV-2024-004107,INV,,20240827,202408,46,5,498,17,SA,SAR,3.75,1,450.0,0.0348,450.0,15.66,434.34,337.5,96.84,1.0,,0,1628.78
L0008169,INV-2024-003992,INV,,20240827,202408,27,2,144,17,EG,EGP,47.8216,1,450.0,0.0265,450.0,11.92,438.08,337.5,100.58,1.0,,0,20949.45
L0008168,INV-2024-003992,INV,,20240827,202408,27,2,144,12,EG,EGP,47.8216,1,4800.0,0.0128,4800.0,61.44,4738.56,2160.0,2578.56,1.25,,0,226605.52
L0008521,INV-2024-004168,INV,,20240827,202408,54,5,661,12,SA,SAR,3.75,1,4800.0,0.0771,4800.0,370.08,4429.92,2160.0,2269.92,1.25,,0,16612.2
L0008242,INV-2024-004033,INV,,20240827,202408,32,3,357,12,EG,EGP,47.8216,1,4800.0,0.225,4800.0,1080.0,3720.0,2160.0,1560.0,1.25,,0,177896.35
L0008243,INV-2024-004033,INV,,20240827,202408,32,3,357,10,EG,EGP,47.8216,1,3000.0,0.2512,3000.0,753.6,2246.4,900.0,1346.4,1.25,,0,107426.44
L0008522,INV-2024-004168,INV,,20240827,202408,54,5,661,1,SA,SAR,3.75,2,2400.0,0.1019,4800.0,489.12,4310.88,2640.0,1670.88,1.0,,0,16165.8
L0007974,INV-2024-003877,INV,,20240827,202408,16,1,28,3,EG,EGP,47.8216,2,3600.0,0.1162,7200.0,836.64,6363.36,3240.0,3123.36,1.0,,0,304306.06
L0008273,INV-2024-004048,INV,,20240827,202408,34,3,337,17,EG,EGP,47.8216,1,450.0,0.1537,450.0,69.16,380.84,337.5,43.34,1.0,,0,18212.14
L0008252,INV-2024-004038,INV,,20240827,202408,32,3,367,17,EG,EGP,47.8216,1,450.0,0.2325,450.0,104.62,345.38,337.5,7.88,1.0,,0,16516.39
L0008274,INV-2024-004048,INV,,20240827,202408,34,3,337,17,EG,EGP,47.8216,2,450.0,0.1635,900.0,147.15,752.85,675.0,77.85,1.0,,0,36002.49
L0007933,INV-2024-003859,INV,,20240827,202408,11,1,10,20,EG,EGP,47.8216,2,1500.0,0.0935,3000.0,280.5,2719.5,1500.0,1219.5,1.0,,0,130050.84
L0007979,INV-2024-003879,INV,,20240828,202408,17,1,53,3,EG,EGP,47.8216,1,3600.0,0.0726,3600.0,261.36,3338.64,1620.0,1718.64,1.0,,0,159659.11
L0008369,INV-2024-004088,INV,,20240828,202408,42,4,386,1,SA,SAR,3.75,1,2400.0,0.1133,2400.0,271.92,2128.08,1320.0,808.08,1.0,,0,7980.3
L0008734,INV-2024-004249,INV,,20240828,202408,71,7,807,6,AE,AED,3.6725,2,7500.0,0.161,15000.0,2415.0,12585.0,5700.0,6885.0,1.0,,0,46218.41
L0008607,INV-2024-004200,INV,,20240828,202408,61,6,765,12,AE,AED,3.6725,2,4800.0,0.0966,9600.0,927.36,8672.64,4320.0,4352.64,1.25,,0,31850.27
L0008779,INV-2024-004270,INV,,20240828,202408,81,7,777,17,AE,AED,3.6725,2,450.0,0.185,900.0,166.5,733.5,675.0,58.5,1.0,,0,2693.77
L0008528,INV-2024-004172,INV,,20240828,202408,55,5,461,8,SA,SAR,3.75,2,1500.0,0.0422,3000.0,126.6,2873.4,2100.0,773.4,1.0,,0,10775.25
L0008193,INV-2024-004006,INV,,20240828,202408,29,3,345,15,EG,EGP,47.8216,2,1100.0,0.2514,2200.0,553.08,1646.92,1716.0,-69.08,1.0,,0,78758.35
L0008852,INV-2024-004311,INV,,20240828,202408,76,8,925,1,OM,OMR,0.3845,1,2400.0,0.1137,2400.0,272.87,2127.13,1320.0,807.13,1.0,,0,817.88
L0008129,INV-2024-003968,INV,,20240828,202408,25,2,182,8,EG,EGP,47.8216,1,1500.0,0.0146,1500.0,21.9,1478.1,1050.0,428.1,1.0,,0,70685.11
L0008606,INV-2024-004200,INV,,20240828,202408,61,6,765,7,AE,AED,3.6725,1,1200.0,0.0399,1200.0,47.88,1152.12,360.0,792.12,1.0,,0,4231.16
L0008360,INV-2024-004084,INV,,20240828,202408,41,4,412,19,SA,SAR,3.75,1,5500.0,0.0757,5500.0,416.35,5083.65,2475.0,2608.65,1.0,,0,19063.69
L0008603,INV-2024-004200,INV,,20240828,202408,61,6,765,7,AE,AED,3.6725,4,1200.0,0.0573,4800.0,275.04,4524.96,1440.0,3084.96,1.0,,0,16617.92
L0008835,INV-2024-004301,INV,,20240828,202408,75,8,880,15,OM,OMR,0.3845,2,1100.0,0.0685,2200.0,150.69,2049.31,1716.0,333.31,1.0,,0,787.96
L0008588,INV-2024-004194,INV,,20240829,202408,58,6,735,10,AE,AED,3.6725,1,3000.0,0.1371,3000.0,411.3,2588.7,900.0,1688.7,1.25,,1,9507.0
L0008819,INV-2024-004292,INV,,20240829,202408,74,8,896,17,OM,OMR,0.3845,3,449.99,0.063,1349.96,85.04,1264.92,1012.5,252.42,1.0,,1,486.36
L0008609,INV-2024-004201,INV,,20240829,202408,61,6,755,18,AE,AED,3.6725,3,800.0,0.0808,2400.0,193.92,2206.08,1320.0,886.08,1.0,,1,8101.83
L0008715,INV-2024-004240,INV,,20240829,202408,68,7,786,17,AE,AED,3.6725,1,450.0,0.2412,450.0,108.54,341.46,337.5,3.96,1.0,,1,1254.01
L0007942,INV-2024-003862,INV,,20240829,202408,11,1,42,18,EG,EGP,47.8216,1,800.0,0.1171,800.0,93.68,706.32,440.0,266.32,1.0,,1,33777.35
L0008610,INV-2024-004201,INV,,20240829,202408,61,6,755,12,AE,AED,3.6725,2,4800.0,0.1173,9600.0,1126.08,8473.92,4320.0,4153.92,1.25,,1,31120.47
L0008842,INV-2024-004305,INV,,20240829,202408,75,8,925,3,OM,OMR,0.3845,1,3600.0,0.0695,3600.0,250.2,3349.8,1620.0,1729.8,1.0,,1,1288.0
L0008261,INV-2024-004043,INV,,20240829,202408,33,3,359,17,EG,EGP,47.8216,1,450.0,0.2227,450.0,100.21,349.79,337.5,12.29,1.0,,1,16727.28
L0008001,INV-2024-003890,INV,,20240829,202408,18,2,190,3,EG,EGP,47.8216,1,3600.0,0.0568,3600.0,204.48,3395.52,1620.0,1775.52,1.0,,1,162379.2
L0008741,INV-2024-004253,INV,,20240829,202408,71,7,787,7,AE,AED,3.6725,1,1200.0,0.1681,1200.0,201.72,998.28,360.0,638.28,1.0,,1,3666.18
L0008303,INV-2024-004063,INV,,20240829,202408,35,3,334,20,EG,EGP,47.8216,2,1500.0,0.2118,3000.0,635.4,2364.6,1500.0,864.6,1.0,,1,113078.96
L0008587,INV-2024-004194,INV,,20240829,202408,58,6,735,10,AE,AED,3.6725,1,3000.0,0.1019,3000.0,305.7,2694.3,900.0,1794.3,1.25,,1,9894.82
L0008053,INV-2024-003922,INV,,20240829,202408,21,2,198,1,EG,EGP,47.8216,1,2400.0,0.0879,2400.0,210.96,2189.04,1320.0,869.04,1.0,,1,104683.4
L0008302,INV-2024-004063,INV,,20240829,202408,35,3,334,18,EG,EGP,47.8216,6,800.0,0.1804,4800.0,865.92,3934.08,2640.0,1294.08,1.0,,1,188134.0
L0008002,INV-2024-003890,INV,,20240829,202408,18,2,190,1,EG,EGP,47.8216,1,2400.0,0.0807,2400.0,193.68,2206.32,1320.0,886.32,1.0,,1,105509.75
L0008695,INV-2024-004232,INV,,20240829,202408,67,7,814,7,AE,AED,3.6725,1,1200.0,0.1674,1200.0,200.88,999.12,360.0,639.12,1.0,,1,3669.27
L0008502,INV-2024-004158,INV,,20240830,202408,52,5,654,7,SA,SAR,3.75,1,1200.0,0.0639,1200.0,76.68,1123.32,360.0,763.32,1.0,,1,4212.45
L0008716,INV-2024-004241,INV,,20240830,202408,68,7,788,3,AE,AED,3.6725,3,3600.0,0.2535,10800.0,2737.8,8062.2,4860.0,3202.2,1.0,,1,29608.43
L0008591,INV-2024-004195,INV,,20240830,202408,59,6,751,6,AE,AED,3.6725,5,7500.0,0.1647,37500.0,6176.25,31323.75,14250.0,17073.75,1.0,,1,115036.47
L0008799,INV-2024-004280,INV,,20240830,202408,73,8,915,20,OM,OMR,0.3845,1,1500.0,0.0513,1500.0,76.96,1423.04,750.0,673.04,1.0,,1,547.16
L0030857,CN-2024-00073,CN,INV-2024-003127,20240830,202408,54,5,472,1,SA,SAR,3.75,-1,2400.0,0.0362,-2400.0,-86.88,-2313.12,-1320.0,-993.12,1.0,65.0,1,-8674.2
L0008150,INV-2024-003982,INV,,20240830,202408,26,2,127,12,EG,EGP,47.8216,1,4800.0,0.1375,4800.0,660.0,4140.0,2160.0,1980.0,1.25,,1,197981.42
L0008331,INV-2024-004073,INV,,20240830,202408,39,4,391,17,SA,SAR,3.75,8,450.0,0.0821,3600.0,295.56,3304.44,2700.0,604.44,1.0,,1,12391.65
L0008631,INV-2024-004208,INV,,20240830,202408,63,6,752,10,AE,AED,3.6725,1,3000.0,0.108,3000.0,324.0,2676.0,900.0,1776.0,1.25,,1,9827.61
L0008161,INV-2024-003987,INV,,20240830,202408,27,2,309,1,EG,EGP,47.8216,1,2400.0,0.0195,2400.0,46.8,2353.2,1320.0,1033.2,1.0,,1,112533.79
L0007970,INV-2024-003875,INV,,20240830,202408,15,1,39,10,EG,EGP,47.8216,2,3000.0,0.1194,6000.0,716.4,5283.6,1800.0,3483.6,1.25,,1,252670.21
L0008679,INV-2024-004226,INV,,20240830,202408,67,7,795,17,AE,AED,3.6725,4,450.0,0.178,1799.99,320.4,1479.59,1350.0,129.59,1.0,,1,5433.81
L0008602,INV-2024-004199,INV,,20240830,202408,61,6,746,10,AE,AED,3.6725,1,3000.0,0.0789,3000.0,236.7,2763.3,900.0,1863.3,1.25,,1,10148.22
L0008536,INV-2024-004177,INV,,20240830,202408,55,5,453,12,SA,SAR,3.75,1,4800.0,0.0623,4800.0,299.04,4500.96,2160.0,2340.96,1.25,,1,16878.6
L0008773,INV-2024-004267,INV,,20240831,202408,79,7,810,5,AE,AED,3.6725,2,1800.0,0.221,3600.0,795.6,2804.4,1440.0,1364.4,1.0,,1,10299.16
L0008185,INV-2024-004001,INV,,20240831,202408,28,2,89,8,EG,EGP,47.8216,1,1500.0,0.0537,1500.0,80.55,1419.45,1050.0,369.45,1.0,,1,67880.37
L0008059,INV-2024-003925,INV,,20240831,202408,21,2,294,1,EG,EGP,47.8216,1,2400.0,0.0739,2400.0,177.36,2222.64,1320.0,902.64,1.0,,1,106290.2
L0008141,INV-2024-003976,INV,,20240831,202408,25,2,104,15,EG,EGP,47.8216,3,1100.0,0.0834,3300.0,275.22,3024.78,2574.0,450.78,1.0,,1,144649.82
L0008043,INV-2024-003915,INV,,20240831,202408,20,2,157,17,EG,EGP,47.8216,1,450.0,0.0677,450.0,30.47,419.53,337.5,82.03,1.0,,1,20062.83
L0008665,INV-2024-004220,INV,,20240831,202408,66,7,793,15,AE,AED,3.6725,2,1100.0,0.1694,2200.0,372.68,1827.32,1716.0,111.32,1.0,,1,6710.83
L0008202,INV-2024-004011,INV,,20240831,202408,30,3,351,17,EG,EGP,47.8216,6,450.0,0.1681,2700.0,453.87,2246.13,2025.0,221.13,1.0,,1,107413.53
L0008038,INV-2024-003912,INV,,20240831,202408,20,2,213,20,EG,EGP,47.8216,1,1500.0,0.0733,1500.0,109.95,1390.05,750.0,640.05,1.0,,1,66474.42
L0008664,INV-2024-004220,INV,,20240831,202408,66,7,793,5,AE,AED,3.6725,1,1800.0,0.2077,1800.0,373.86,1426.14,720.0,706.14,1.0,,1,5237.5
L0008477,INV-2024-004143,INV,,20240831,202408,51,5,471,5,SA,SAR,3.75,4,1800.0,0.0445,7200.0,320.4,6879.6,2880.0,3999.6,1.0,,1,25798.5
L0008490,INV-2024-004150,INV,,20240831,202408,51,5,543,7,SA,SAR,3.75,2,1200.0,0.0965,2400.0,231.6,2168.4,720.0,1448.4,1.0,,1,8131.5
L0009347,INV-2024-004545,INV,,20240901,202409,34,3,343,1,EG,EGP,48.2369,1,2400.0,0.167,2400.0,400.8,1999.2,1320.0,679.2,1.0,,0,96435.21
L0009346,INV-2024-004545,INV,,20240901,202409,34,3,343,18,EG,EGP,48.2369,6,800.0,0.1951,4800.0,936.48,3863.52,2640.0,1223.52,1.0,,0,186364.23
L0009824,INV-2024-004765,INV,,20240901,202409,66,7,801,8,AE,AED,3.6725,2,1500.0,0.1585,3000.0,475.5,2524.5,2100.0,424.5,1.0,,0,9271.23
L0009004,INV-2024-004370,INV,,20240901,202409,15,1,70,12,EG,EGP,48.2369,1,4800.0,0.1153,4800.0,553.44,4246.56,2160.0,2086.56,1.25,,0,204840.89
L0009266,INV-2024-004510,INV,,20240902,202409,30,3,364,7,EG,EGP,48.2369,5,1200.0,0.1612,6000.0,967.2,5032.8,1800.0,3232.8,1.0,,0,242766.67
L0009279,INV-2024-004515,INV,,20240902,202409,31,3,338,15,EG,EGP,48.2369,6,1100.0,0.191,6600.0,1260.6,5339.4,5148.0,191.4,1.0,,0,257556.1
L0009372,INV-2024-004559,INV,,20240902,202409,36,4,444,13,SA,SAR,3.75,1,12000.0,0.0953,12000.0,1143.6,10856.4,5040.0,5816.4,1.25,,0,40711.5
L0009929,INV-2024-004811,INV,,20240902,202409,71,7,800,7,AE,AED,3.6725,6,1200.0,0.1423,7200.0,1024.56,6175.44,2160.0,4015.44,1.0,,0,22679.3
L0009373,INV-2024-004559,INV,,20240902,202409,36,4,444,9,SA,SAR,3.75,3,6000.0,0.0565,18000.0,1017.0,16983.0,6300.0,10683.0,1.25,,0,63686.25
L0008934,INV-2024-004342,INV,,20240902,202409,11,1,32,10,EG,EGP,48.2369,1,3000.0,0.1271,3000.0,381.3,2618.7,900.0,1718.7,1.25,,0,126317.97
L0008971,INV-2024-004358,INV,,20240902,202409,14,1,67,7,EG,EGP,48.2369,1,1200.0,0.1109,1200.0,133.08,1066.92,360.0,706.92,1.0,,0,51464.91
L0010040,INV-2024-004868,INV,,20240902,202409,75,8,883,5,OM,OMR,0.3845,1,1800.0,0.0515,1800.0,92.69,1707.31,720.0,987.31,1.0,,0,656.46
L0009238,INV-2024-004497,INV,,20240902,202409,28,2,310,7,EG,EGP,48.2369,1,1200.0,0.0319,1200.0,38.28,1161.72,360.0,801.72,1.0,,0,56037.77
L0009400,INV-2024-004569,INV,,20240903,202409,39,4,422,1,SA,SAR,3.75,11,2400.0,0.1003,26400.0,2647.92,23752.08,14520.0,9232.08,1.0,,0,89070.3
L0010056,INV-2024-004878,INV,,20240903,202409,76,8,957,1,OM,OMR,0.3845,1,2400.0,0.0995,2400.0,238.8,2161.2,1320.0,841.2,1.0,,0,830.98
L0008949,INV-2024-004348,INV,,20240903,202409,12,1,43,3,EG,EGP,48.2369,2,3600.0,0.1088,7200.0,783.36,6416.64,3240.0,3176.64,1.0,,0,309518.82
L0010055,INV-2024-004878,INV,,20240903,202409,76,8,957,1,OM,OMR,0.3845,1,2400.0,0.1378,2400.0,330.72,2069.28,1320.0,749.28,1.0,,0,795.64
L0008983,INV-2024-004363,INV,,20240904,202409,15,1,35,7,EG,EGP,48.2369,1,1200.0,0.1133,1200.0,135.96,1064.04,360.0,704.04,1.0,,0,51325.99
L0009498,INV-2024-004609,INV,,20240904,202409,46,5,629,8,SA,SAR,3.75,3,1500.0,0.0868,4500.0,390.6,4109.4,3150.0,959.4,1.0,,0,15410.25
L0009497,INV-2024-004609,INV,,20240904,202409,46,5,629,15,SA,SAR,3.75,1,1100.0,0.1025,1100.0,112.75,987.25,858.0,129.25,1.0,,0,3702.19
L0009773,INV-2024-004744,INV,,20240904,202409,62,6,753,10,AE,AED,3.6725,3,3000.0,0.1091,9000.0,981.9,8018.1,2700.0,5318.1,1.25,,0,29446.47
L0009878,INV-2024-004788,INV,,20240905,202409,68,7,808,15,AE,AED,3.6725,14,1100.0,0.1899,15400.0,2924.46,12475.54,12012.0,463.54,1.0,,0,45816.42
L0009876,INV-2024-004787,INV,,20240905,202409,68,7,809,10,AE,AED,3.6725,1,3000.0,0.228,3000.0,684.0,2316.0,900.0,1416.0,1.25,,0,8505.51
L0009778,INV-2024-004747,INV,,20240905,202409,63,6,771,12,AE,USD,1.0,1,4800.0,0.0631,4800.0,302.88,4497.12,2160.0,2337.12,1.25,,0,4497.12
L0009361,INV-2024-004552,INV,,20240905,202409,35,3,366,15,EG,EGP,48.2369,1,1100.0,0.1897,1100.0,208.67,891.33,858.0,33.33,1.0,,0,42995.0
L0008955,INV-2024-004350,INV,,20240905,202409,12,1,37,1,EG,EGP,48.2369,1,2400.0,0.0543,2400.0,130.32,2269.68,1320.0,949.68,1.0,,0,109482.33
L0009922,INV-2024-004808,INV,,20240906,202409,71,7,779,7,AE,AED,3.6725,8,1200.0,0.1443,9600.0,1385.28,8214.72,2880.0,5334.72,1.0,,0,30168.56
L0009459,INV-2024-004592,INV,,20240906,202409,43,4,430,9,SA,SAR,3.75,1,6000.0,0.1342,6000.0,805.2,5194.8,2100.0,3094.8,1.25,,0,19480.5
L0009416,INV-2024-004575,INV,,20240906,202409,40,4,385,10,SA,SAR,3.75,1,3000.0,0.1268,3000.0,380.4,2619.6,900.0,1719.6,1.25,,0,9823.5
L0009306,INV-2024-004527,INV,,20240906,202409,33,3,360,18,EG,EGP,48.2369,1,800.0,0.1779,800.0,142.32,657.68,440.0,217.68,1.0,,0,31724.44
L0008865,INV-2024-004317,INV,,20240907,202409,9,1,62,18,EG,EGP,48.2369,3,800.0,0.0952,2400.0,228.48,2171.52,1320.0,851.52,1.0,,0,104747.39
L0008994,INV-2024-004366,INV,,20240907,202409,15,1,38,5,EG,EGP,48.2369,3,1800.0,0.1186,5400.0,640.44,4759.56,2160.0,2599.56,1.0,,0,229586.42
L0010009,INV-2024-004852,INV,,20240908,202409,74,8,892,17,OM,OMR,0.3845,2,449.99,0.0344,899.97,30.95,869.02,675.0,194.02,1.0,,0,334.14
L0009307,INV-2024-004528,INV,,20240908,202409,33,3,347,7,EG,EGP,48.2369,1,1200.0,0.1446,1200.0,173.52,1026.48,360.0,666.48,1.0,,0,49514.21
L0009022,INV-2024-004376,INV,,20240908,202409,17,1,25,12,EG,EGP,48.2369,1,4800.0,0.0702,4800.0,336.96,4463.04,2160.0,2303.04,1.25,,0,215283.21
L0009079,INV-2024-004406,INV,,20240908,202409,20,2,92,1,EG,EGP,48.2369,1,2400.0,0.0402,2400.0,96.48,2303.52,1320.0,983.52,1.0,,0,111114.66
L0008966,INV-2024-004354,INV,,20240908,202409,13,1,57,12,EG,EGP,48.2369,1,4800.0,0.1848,4800.0,887.04,3912.96,2160.0,1752.96,1.25,,0,188749.06
L0009460,INV-2024-004593,INV,,20240908,202409,43,4,440,1,SA,SAR,3.75,1,2400.0,0.0913,2400.0,219.12,2180.88,1320.0,860.88,1.0,,0,8178.3
L0009520,INV-2024-004623,INV,,20240909,202409,47,5,538,20,SA,SAR,3.75,1,1500.0,0.078,1500.0,117.0,1383.0,750.0,633.0,1.0,,0,5186.25
L0008886,INV-2024-004325,INV,,20240909,202409,10,1,28,12,EG,EGP,48.2369,1,4800.0,0.1321,4800.0,634.08,4165.92,2160.0,2005.92,1.25,,0,200951.07
L0008979,INV-2024-004361,INV,,20240909,202409,14,1,6,7,EG,EGP,48.2369,1,1200.0,0.1285,1200.0,154.2,1045.8,360.0,685.8,1.0,,0,50446.15
L0009098,INV-2024-004416,INV,,20240909,202409,21,2,121,7,EG,EGP,48.2369,1,1200.0,0.0036,1200.0,4.32,1195.68,360.0,835.68,1.0,,0,57675.9
L0008946,INV-2024-004347,INV,,20240909,202409,12,1,54,10,EG,EGP,48.2369,1,3000.0,0.0891,3000.0,267.3,2732.7,900.0,1832.7,1.25,,0,131816.98
L0009650,INV-2024-004694,INV,,20240909,202409,54,5,682,8,SA,SAR,3.75,3,1500.0,0.0846,4500.0,380.7,4119.3,3150.0,969.3,1.0,,0,15447.38
L0008944,INV-2024-004347,INV,,20240909,202409,12,1,54,12,EG,EGP,48.2369,1,4800.0,0.0984,4800.0,472.32,4327.68,2160.0,2167.68,1.25,,0,208753.87
L0009639,INV-2024-004689,INV,,20240909,202409,53,5,557,8,SA,SAR,3.75,4,1500.0,0.101,6000.0,606.0,5394.0,4200.0,1194.0,1.0,,0,20227.5
L0009977,INV-2024-004831,INV,,20240909,202409,81,7,811,1,AE,AED,3.6725,3,2400.0,0.124,7200.0,892.8,6307.2,3960.0,2347.2,1.0,,0,23163.19
L0009800,INV-2024-004754,INV,,20240910,202409,64,6,764,9,AE,AED,3.6725,5,6000.0,0.1008,30000.0,3024.0,26976.0,10500.0,16476.0,1.25,,0,99069.36
L0008860,INV-2024-004315,INV,,20240910,202409,9,1,57,17,EG,EGP,48.2369,2,450.0,0.1059,900.0,95.31,804.69,675.0,129.69,1.0,,0,38815.74
L0009197,INV-2024-004474,INV,,20240910,202409,26,2,151,7,EG,EGP,48.2369,1,1200.0,0.0913,1200.0,109.56,1090.44,360.0,730.44,1.0,,0,52599.45
L0030840,CN-2024-00062,CN,INV-2024-002823,20240910,202409,22,2,133,17,EG,EGP,48.2369,-4,450.0,0.0373,-1800.0,-67.14,-1732.86,-1350.0,-382.86,1.0,93.0,0,-83587.78
L0009405,INV-2024-004571,INV,,20240910,202409,39,4,410,12,SA,SAR,3.75,1,4800.0,0.0788,4800.0,378.24,4421.76,2160.0,2261.76,1.25,,0,16581.6
L0009737,INV-2024-004732,INV,,20240910,202409,59,6,727,3,AE,AED,3.6725,2,3600.0,0.1567,7200.0,1128.24,6071.76,3240.0,2831.76,1.0,,0,22298.54
L0008916,INV-2024-004335,INV,,20240910,202409,11,1,41,1,EG,EGP,48.2369,4,2400.0,0.0843,9600.0,809.28,8790.72,5280.0,3510.72,1.0,,0,424037.08
L0008917,INV-2024-004335,INV,,20240910,202409,11,1,41,6,EG,EGP,48.2369,3,7500.0,0.082,22500.0,1845.0,20655.0,8550.0,12105.0,1.0,,0,996333.17
L0008968,INV-2024-004356,INV,,20240910,202409,14,1,43,10,EG,EGP,48.2369,6,3000.0,0.1539,18000.0,2770.2,15229.8,5400.0,9829.8,1.25,,0,734638.34
L0009411,INV-2024-004574,INV,,20240910,202409,39,4,378,1,SA,SAR,3.75,4,2400.0,0.0947,9600.0,909.12,8690.88,5280.0,3410.88,1.0,,0,32590.8
L0009571,INV-2024-004648,INV,,20240911,202409,50,5,586,5,SA,SAR,3.75,4,1800.0,0.0334,7200.0,240.48,6959.52,2880.0,4079.52,1.0,,0,26098.2
L0009569,INV-2024-004648,INV,,20240911,202409,50,5,586,1,SA,SAR,3.75,1,2400.0,0.0916,2400.0,219.84,2180.16,1320.0,860.16,1.0,,0,8175.6
L0008902,INV-2024-004330,INV,,20240912,202409,10,1,8,1,EG,EGP,48.2369,1,2400.0,0.1631,2400.0,391.44,2008.56,1320.0,688.56,1.0,,0,96886.71
L0009380,INV-2024-004563,INV,,20240912,202409,37,4,410,12,SA,SAR,3.75,1,4800.0,0.1148,4800.0,551.04,4248.96,2160.0,2088.96,1.25,,0,15933.6
L0010012,INV-2024-004854,INV,,20240912,202409,74,8,959,12,OM,OMR,0.3845,1,4800.0,0.037,4800.0,177.61,4622.39,2160.0,2462.39,1.25,,0,1777.31
L0009740,INV-2024-004733,INV,,20240912,202409,59,6,771,12,AE,AED,3.6725,1,4800.0,0.1608,4800.0,771.84,4028.16,2160.0,1868.16,1.25,,0,14793.42
L0009792,INV-2024-004752,INV,,20240913,202409,64,6,757,10,AE,AED,3.6725,1,3000.0,0.1187,3000.0,356.1,2643.9,900.0,1743.9,1.25,,0,9709.72
L0030879,CN-2024-00087,CN,INV-2024-003766,20240913,202409,67,7,812,12,AE,AED,3.6725,-1,4800.0,0.1852,-4800.0,-888.96,-3911.04,-2160.0,-1751.04,1.25,64.0,0,-14363.29
L0009048,INV-2024-004388,INV,,20240913,202409,18,2,96,7,EG,EGP,48.2369,1,1200.0,0.0514,1200.0,61.68,1138.32,360.0,778.32,1.0,,0,54909.03
L0009961,INV-2024-004825,INV,,20240913,202409,79,7,819,1,AE,AED,3.6725,1,2400.0,0.1649,2400.0,395.76,2004.24,1320.0,684.24,1.0,,0,7360.57
L0009146,INV-2024-004442,INV,,20240913,202409,23,2,106,1,EG,EGP,48.2369,1,2400.0,0.0953,2400.0,228.72,2171.28,1320.0,851.28,1.0,,0,104735.82
L0009592,INV-2024-004662,INV,,20240914,202409,51,5,598,1,SA,SAR,3.75,1,2400.0,0.0858,2400.0,205.92,2194.08,1320.0,874.08,1.0,,0,8227.8
L0010026,INV-2024-004860,INV,,20240914,202409,74,8,908,17,OM,OMR,0.3845,1,449.99,0.0216,449.99,9.73,440.26,337.5,102.76,1.0,,0,169.28
L0009199,INV-2024-004475,INV,,20240914,202409,27,2,162,8,EG,EGP,48.2369,1,1500.0,0.0134,1500.0,20.1,1479.9,1050.0,429.9,1.0,,0,71385.79
L0009268,INV-2024-004511,INV,,20240914,202409,30,3,361,7,EG,EGP,48.2369,1,1200.0,0.1878,1200.0,225.36,974.64,360.0,614.64,1.0,,0,47013.61
L0010025,INV-2024-004860,INV,,20240914,202409,74,8,908,8,OM,OMR,0.3845,2,1500.0,0.0461,3000.0,138.31,2861.69,2100.0,761.69,1.0,,0,1100.32
L0009445,INV-2024-004586,INV,,20240914,202409,42,4,390,8,SA,SAR,3.75,10,1500.0,0.1117,15000.0,1675.5,13324.5,10500.0,2824.5,1.0,,0,49966.88
L0009758,INV-2024-004739,INV,,20240914,202409,61,6,749,3,AE,AED,3.6725,3,3600.0,0.0522,10800.0,563.76,10236.24,4860.0,5376.24,1.0,,0,37592.59
L0009235,INV-2024-004495,INV,,20240915,202409,28,2,90,7,EG,EGP,48.2369,1,1200.0,0.059,1200.0,70.8,1129.2,360.0,769.2,1.0,,0,54469.11
L0009172,INV-2024-004458,INV,,20240915,202409,25,2,290,8,EG,EGP,48.2369,1,1500.0,0.0313,1500.0,46.95,1453.05,1050.0,403.05,1.0,,0,70090.63
L0009232,INV-2024-004494,INV,,20240915,202409,28,2,253,5,EG,EGP,48.2369,2,1800.0,0.0881,3600.0,317.16,3282.84,1440.0,1842.84,1.0,,0,158354.02
L0009489,INV-2024-004605,INV,,20240915,202409,46,5,583,12,SA,SAR,3.75,1,4800.0,0.0854,4800.0,409.92,4390.08,2160.0,2230.08,1.25,,0,16462.8
L0008961,INV-2024-004353,INV,,20240915,202409,12,1,25,12,EG,EGP,48.2369,1,4800.0,0.0488,4800.0,234.24,4565.76,2160.0,2405.76,1.25,,0,220238.11
L0009236,INV-2024-004495,INV,,20240915,202409,28,2,90,5,EG,EGP,48.2369,1,1800.0,0.0557,1800.0,100.26,1699.74,720.0,979.74,1.0,,0,81990.19
L0009576,INV-2024-004652,INV,,20240916,202409,50,5,451,7,SA,SAR,3.75,1,1200.0,0.0545,1200.0,65.4,1134.6,360.0,774.6,1.0,,0,4254.75
L0009862,INV-2024-004783,INV,,20240916,202409,68,7,800,6,AE,AED,3.6725,1,7500.0,0.1818,7500.0,1363.5,6136.5,2850.0,3286.5,1.0,,0,22536.3
L0009452,INV-2024-004588,INV,,20240916,202409,43,4,376,5,SA,SAR,3.75,6,1800.0,0.1188,10800.0,1283.04,9516.96,4320.0,5196.96,1.0,,0,35688.6
L0009333,INV-2024-004539,INV,,20240916,202409,34,3,340,5,EG,EGP,48.2369,1,1800.0,0.1869,1800.0,336.42,1463.58,720.0,743.58,1.0,,0,70598.56
L0010031,INV-2024-004863,INV,,20240916,202409,74,8,930,1,OM,OMR,0.3845,3,2400.0,0.0517,7200.0,372.25,6827.75,3960.0,2867.75,1.0,,0,2625.27
L0009451,INV-2024-004588,INV,,20240916,202409,43,4,376,9,SA,SAR,3.75,2,6000.0,0.097,12000.0,1164.0,10836.0,4200.0,6636.0,1.25,,0,40635.0
L0009449,INV-2024-004588,INV,,20240916,202409,43,4,376,20,SA,SAR,3.75,22,1500.0,0.0943,33000.0,3111.9,29888.1,16500.0,13388.1,1.0,,0,112080.38
L0009264,INV-2024-004509,INV,,20240917,202409,30,3,352,6,EG,EGP,48.2369,1,7500.0,0.1046,7500.0,784.5,6715.5,2850.0,3865.5,1.0,,0,323934.9
L0009528,INV-2024-004628,INV,,20240917,202409,47,5,609,8,SA,SAR,3.75,3,1500.0,0.0757,4500.0,340.65,4159.35,3150.0,1009.35,1.0,,0,15597.56
L0009611,INV-2024-004672,INV,,20240918,202409,51,5,515,8,SA,SAR,3.75,3,1500.0,0.0326,4500.0,146.7,4353.3,3150.0,1203.3,1.0,,0,16324.88
L0009012,INV-2024-004373,INV,,20240918,202409,16,1,26,5,EG,EGP,48.2369,11,1800.0,0.0953,19800.0,1886.94,17913.06,7920.0,9993.06,1.0,,0,864070.48
L0009016,INV-2024-004374,INV,,20240918,202409,17,1,32,1,EG,EGP,48.2369,1,2400.0,0.099,2400.0,237.6,2162.4,1320.0,842.4,1.0,,0,104307.47
L0009018,INV-2024-004374,INV,,20240918,202409,17,1,32,18,EG,EGP,48.2369,2,800.0,0.0841,1600.0,134.56,1465.44,880.0,585.44,1.0,,0,70688.28
L0009795,INV-2024-004753,INV,,20240919,202409,64,6,755,12,AE,AED,3.6725,1,4800.0,0.1253,4800.0,601.44,4198.56,2160.0,2038.56,1.25,,0,15419.21
L0009796,INV-2024-004753,INV,,20240919,202409,64,6,755,20,AE,AED,3.6725,7,1500.0,0.1044,10500.0,1096.2,9403.8,5250.0,4153.8,1.0,,0,34535.46
L0009903,INV-2024-004798,INV,,20240919,202409,69,7,796,9,AE,AED,3.6725,1,6000.0,0.1539,6000.0,923.4,5076.6,2100.0,2976.6,1.25,,0,18643.81
L0009902,INV-2024-004798,INV,,20240919,202409,69,7,796,8,AE,AED,3.6725,3,1500.0,0.1693,4500.0,761.85,3738.15,3150.0,588.15,1.0,,0,13728.36
L0009765,INV-2024-004742,INV,,20240920,202409,62,6,760,10,AE,AED,3.6725,1,3000.0,0.081,3000.0,243.0,2757.0,900.0,1857.0,1.25,,0,10125.08
L0009768,INV-2024-004742,INV,,20240920,202409,62,6,760,3,AE,AED,3.6725,1,3600.0,0.112,3600.0,403.2,3196.8,1620.0,1576.8,1.0,,0,11740.25
L0009775,INV-2024-004746,INV,,20240920,202409,63,6,766,18,AE,AED,3.6725,5,800.0,0.0803,4000.0,321.2,3678.8,2200.0,1478.8,1.0,,0,13510.39
L0009840,INV-2024-004774,INV,,20240920,202409,67,7,816,15,AE,AED,3.6725,2,1100.0,0.1866,2200.0,410.52,1789.48,1716.0,73.48,1.0,,0,6571.87
L0009846,INV-2024-004776,INV,,20240920,202409,67,7,786,15,AE,AED,3.6725,6,1100.0,0.191,6600.0,1260.6,5339.4,5148.0,191.4,1.0,,0,19608.95
L0009843,INV-2024-004774,INV,,20240920,202409,67,7,816,17,AE,AED,3.6725,1,450.0,0.2324,450.0,104.58,345.42,337.5,7.92,1.0,,0,1268.55
L0008856,INV-2024-004314,INV,,20240921,202409,9,1,66,14,EG,EGP,48.2369,1,9600.0,0.0729,9600.0,699.84,8900.16,4800.0,4100.16,1.25,,0,429316.13
L0009820,INV-2024-004763,INV,,20240922,202409,66,7,813,10,AE,AED,3.6725,1,3000.0,0.1569,3000.0,470.7,2529.3,900.0,1629.3,1.25,,0,9288.85
L0009283,INV-2024-004517,INV,,20240922,202409,31,3,361,16,EG,EGP,48.2369,1,2200.0,0.1674,2200.0,368.28,1831.72,1760.0,71.72,1.0,,0,88356.49
L0009154,INV-2024-004446,INV,,20240922,202409,24,2,310,7,EG,EGP,48.2369,1,1200.0,0.1194,1200.0,143.28,1056.72,360.0,696.72,1.0,,0,50972.9
L0009221,INV-2024-004488,INV,,20240922,202409,28,2,287,1,EG,EGP,48.2369,1,2400.0,0.0534,2400.0,128.16,2271.84,1320.0,951.84,1.0,,0,109586.52
L0009121,INV-2024-004428,INV,,20240922,202409,22,2,129,17,EG,EGP,48.2369,2,450.0,0.039,900.0,35.1,864.9,675.0,189.9,1.0,,0,41720.09
L0009573,INV-2024-004650,INV,,20240922,202409,50,5,596,10,SA,SAR,3.75,2,3000.0,0.0415,6000.0,249.0,5751.0,1800.0,3951.0,1.25,,0,21566.25
L0009284,INV-2024-004517,INV,,20240922,202409,31,3,361,8,EG,EGP,48.2369,2,1500.0,0.1541,3000.0,462.3,2537.7,2100.0,437.7,1.0,,0,122410.78
L0009853,INV-2024-004779,INV,,20240923,202409,67,7,812,1,AE,AED,3.6725,1,2400.0,0.1714,2400.0,411.36,1988.64,1320.0,668.64,1.0,,0,7303.28
L0009899,INV-2024-004796,INV,,20240923,202409,69,7,801,17,AE,AED,3.6725,16,450.0,0.1832,7199.98,1319.04,5880.94,5400.0,480.94,1.0,,0,21597.76
L0009898,INV-2024-004796,INV,,20240923,202409,69,7,801,15,AE,AED,3.6725,6,1100.0,0.2023,6600.0,1335.18,5264.82,5148.0,116.82,1.0,,0,19335.05
L0009313,INV-2024-004531,INV,,20240924,202409,33,3,340,16,EG,EGP,48.2369,2,2200.0,0.1935,4400.0,851.4,3548.6,3520.0,28.6,1.0,,0,171173.46
L0009275,INV-2024-004514,INV,,20240924,202409,31,3,337,17,EG,EGP,48.2369,1,450.0,0.2003,450.0,90.14,359.86,337.5,22.36,1.0,,0,17358.77
L0009031,INV-2024-004380,INV,,20240924,202409,18,2,81,1,EG,EGP,48.2369,1,2400.0,0.0233,2400.0,55.92,2344.08,1320.0,1024.08,1.0,,0,113071.15
L0008864,INV-2024-004316,INV,,20240924,202409,9,1,49,14,EG,EGP,48.2369,1,9600.0,0.0899,9600.0,863.04,8736.96,4800.0,3936.96,1.25,,0,421443.87
L0009118,INV-2024-004427,INV,,20240924,202409,22,2,154,15,EG,EGP,48.2369,1,1100.0,0.0415,1100.0,45.65,1054.35,858.0,196.35,1.0,,0,50858.58
L0009119,INV-2024-004427,INV,,20240924,202409,22,2,154,7,EG,EGP,48.2369,1,1200.0,0.0394,1200.0,47.28,1152.72,360.0,792.72,1.0,,0,55603.64
L0009604,INV-2024-004667,INV,,20240925,202409,51,5,680,10,SA,SAR,3.75,2,3000.0,0.0636,6000.0,381.6,5618.4,1800.0,3818.4,1.25,,0,21069.0
L0009732,INV-2024-004731,INV,,20240926,202409,59,6,751,4,AE,AED,3.6725,2,9000.0,0.1617,18000.0,2910.6,15089.4,9900.0,5189.4,1.0,,0,55415.82
L0009422,INV-2024-004578,INV,,20240926,202409,40,4,435,1,SA,SAR,3.75,3,2400.0,0.1389,7200.0,1000.08,6199.92,3960.0,2239.92,1.0,,0,23249.7
L0009731,INV-2024-004730,INV,,20240926,202409,58,6,711,14,AE,AED,3.6725,2,9600.0,0.0894,19200.0,1716.48,17483.52,9600.0,7883.52,1.25,,0,64208.23
L0008885,INV-2024-004324,INV,,20240926,202409,10,1,52,9,EG,EGP,48.2369,2,6000.0,0.1485,12000.0,1782.0,10218.0,4200.0,6018.0,1.25,,0,492884.64
L0009114,INV-2024-004425,INV,,20240926,202409,22,2,141,1,EG,EGP,48.2369,1,2400.0,0.014,2400.0,33.6,2366.4,1320.0,1046.4,1.0,,0,114147.8
L0009872,INV-2024-004786,INV,,20240926,202409,68,7,790,1,AE,AED,3.6725,1,2400.0,0.2109,2400.0,506.16,1893.84,1320.0,573.84,1.0,,0,6955.13
L0009038,INV-2024-004383,INV,,20240926,202409,18,2,251,15,EG,EGP,48.2369,1,1100.0,0.0434,1100.0,47.74,1052.26,858.0,194.26,1.0,,0,50757.76
L0009801,INV-2024-004755,INV,,20240926,202409,80,6,713,7,AE,USD,1.0,1,1200.0,0.0735,1200.0,88.2,1111.8,360.0,751.8,1.0,,0,1111.8
L0008893,INV-2024-004327,INV,,20240926,202409,10,1,16,8,EG,EGP,48.2369,4,1500.0,0.1452,6000.0,871.2,5128.8,4200.0,928.8,1.0,,0,247397.41
L0009223,INV-2024-004489,INV,,20240926,202409,28,2,321,17,EG,EGP,48.2369,1,450.0,0.0379,450.0,17.06,432.94,337.5,95.44,1.0,,0,20883.92
L0009870,INV-2024-004786,INV,,20240926,202409,68,7,790,3,AE,AED,3.6725,1,3600.0,0.1767,3600.0,636.12,2963.88,1620.0,1343.88,1.0,,0,10884.85
L0009340,INV-2024-004543,INV,,20240926,202409,34,3,343,1,EG,EGP,48.2369,1,2400.0,0.1828,2400.0,438.72,1961.28,1320.0,641.28,1.0,,0,94606.07
L0009689,INV-2024-004717,INV,,20240926,202409,56,6,731,1,AE,AED,3.6725,2,2400.0,0.1342,4800.0,644.16,4155.84,2640.0,1515.84,1.0,,0,15262.32
L0009680,INV-2024-004711,INV,,20240926,202409,55,5,704,10,SA,SAR,3.75,1,3000.0,0.0217,3000.0,65.1,2934.9,900.0,2034.9,1.25,,0,11005.88
L0009803,INV-2024-004755,INV,,20240926,202409,80,6,713,8,AE,USD,1.0,6,1500.0,0.0756,9000.0,680.4,8319.6,6300.0,2019.6,1.0,,0,8319.6
L0009947,INV-2024-004820,INV,,20240926,202409,79,7,810,10,AE,AED,3.6725,1,3000.0,0.243,3000.0,729.0,2271.0,900.0,1371.0,1.25,,0,8340.25
L0008884,INV-2024-004324,INV,,20240926,202409,10,1,52,20,EG,EGP,48.2369,1,1500.0,0.1384,1500.0,207.6,1292.4,750.0,542.4,1.0,,0,62341.37
L0009591,INV-2024-004661,INV,,20240926,202409,51,5,578,7,SA,SAR,3.75,1,1200.0,0.0608,1200.0,72.96,1127.04,360.0,767.04,1.0,,0,4226.4
L0008932,INV-2024-004341,INV,,20240926,202409,11,1,18,5,EG,EGP,48.2369,4,1800.0,0.0933,7200.0,671.76,6528.24,2880.0,3648.24,1.0,,0,314902.06
L0009316,INV-2024-004532,INV,,20240927,202409,33,3,356,10,EG,EGP,48.2369,1,3000.0,0.2121,3000.0,636.3,2363.7,900.0,1463.7,1.25,,0,114017.56
L0009323,INV-2024-004535,INV,,20240927,202409,33,3,370,17,EG,EGP,48.2369,1,450.0,0.2051,450.0,92.3,357.7,337.5,20.2,1.0,,0,17254.58
L0009423,INV-2024-004579,INV,,20240927,202409,40,4,428,17,SA,SAR,3.75,8,450.0,0.1111,3600.0,399.96,3200.04,2700.0,500.04,1.0,,0,12000.15
L0009325,INV-2024-004535,INV,,20240927,202409,33,3,370,17,EG,EGP,48.2369,3,450.0,0.1747,1350.0,235.85,1114.15,1012.5,101.65,1.0,,0,53743.37
L0009044,INV-2024-004387,INV,,20240927,202409,18,2,157,17,EG,EGP,48.2369,1,450.0,0.008,450.0,3.6,446.4,337.5,108.9,1.0,,0,21532.95
L0009682,INV-2024-004712,INV,,20240927,202409,55,5,574,7,SA,SAR,3.75,3,1200.0,0.0618,3600.0,222.48,3377.52,1080.0,2297.52,1.0,,0,12665.7
L0009976,INV-2024-004830,INV,,20240927,202409,81,7,815,15,AE,AED,3.6725,2,1100.0,0.17,2200.0,374.0,1826.0,1716.0,110.0,1.0,,0,6705.98
L0009817,INV-2024-004762,INV,,20240927,202409,66,7,814,10,AE,AED,3.6725,1,3000.0,0.1325,3000.0,397.5,2602.5,900.0,1702.5,1.25,,0,9557.68
L0009317,INV-2024-004532,INV,,20240927,202409,33,3,356,16,EG,EGP,48.2369,1,2200.0,0.1758,2200.0,386.76,1813.24,1760.0,53.24,1.0,,0,87465.08
L0009043,INV-2024-004386,INV,,20240927,202409,18,2,130,17,EG,EGP,48.2369,1,450.0,0.0436,450.0,19.62,430.38,337.5,92.88,1.0,,0,20760.19
L0009551,INV-2024-004638,INV,,20240927,202409,48,5,617,5,SA,SAR,3.75,2,1800.0,0.0,3600.0,0.0,3600.0,1440.0,2160.0,1.0,,0,13500.0
L0009535,INV-2024-004630,INV,,20240927,202409,47,5,626,17,SA,SAR,3.75,1,450.0,0.0958,450.0,43.11,406.89,337.5,69.39,1.0,,0,1525.84
L0009257,INV-2024-004507,INV,,20240928,202409,29,3,361,12,EG,EGP,48.2369,1,4800.0,0.234,4800.0,1123.2,3676.8,2160.0,1516.8,1.25,,1,177357.43
L0009180,INV-2024-004463,INV,,20240928,202409,25,2,317,17,EG,EGP,48.2369,1,450.0,0.0627,450.0,28.22,421.78,337.5,84.28,1.0,,1,20345.6
L0009696,INV-2024-004719,INV,,20240928,202409,56,6,722,7,AE,AED,3.6725,9,1200.0,0.1913,10800.0,2066.04,8733.96,3240.0,5493.96,1.0,,1,32075.47
L0009677,INV-2024-004708,INV,,20240928,202409,55,5,454,8,SA,SAR,3.75,4,1500.0,0.0824,6000.0,494.4,5505.6,4200.0,1305.6,1.0,,1,20646.0
L0009383,INV-2024-004564,INV,,20240928,202409,37,4,409,1,SA,SAR,3.75,1,2400.0,0.1653,2400.0,396.72,2003.28,1320.0,683.28,1.0,,1,7512.3
L0009621,INV-2024-004677,INV,,20240928,202409,52,5,602,1,SA,SAR,3.75,2,2400.0,0.078,4800.0,374.4,4425.6,2640.0,1785.6,1.0,,1,16596.0
L0009663,INV-2024-004700,INV,,20240928,202409,54,5,449,1,SA,SAR,3.75,1,2400.0,0.1139,2400.0,273.36,2126.64,1320.0,806.64,1.0,,1,7974.9
L0009474,INV-2024-004599,INV,,20240928,202409,78,4,415,1,SA,SAR,3.75,2,2400.0,0.1214,4800.0,582.72,4217.28,2640.0,1577.28,1.0,,1,15814.8
L0009601,INV-2024-004666,INV,,20240928,202409,51,5,508,20,SA,SAR,3.75,3,1500.0,0.0676,4500.0,304.2,4195.8,2250.0,1945.8,1.0,,1,15734.25
L0009635,INV-2024-004686,INV,,20240928,202409,53,5,552,7,SA,SAR,3.75,1,1200.0,0.1155,1200.0,138.6,1061.4,360.0,701.4,1.0,,1,3980.25
L0009106,INV-2024-004420,INV,,20240929,202409,21,2,307,1,EG,EGP,48.2369,1,2400.0,0.0745,2400.0,178.8,2221.2,1320.0,901.2,1.0,,1,107143.8
L0030898,CN-2024-00096,CN,INV-2024-004080,20240929,202409,40,4,430,7,SA,SAR,3.75,-1,1200.0,0.0863,-1200.0,-103.56,-1096.44,-360.0,-736.44,1.0,44.0,1,-4111.65
L0009068,INV-2024-004400,INV,,20240929,202409,19,2,152,1,EG,EGP,48.2369,1,2400.0,0.0276,2400.0,66.24,2333.76,1320.0,1013.76,1.0,,1,112573.35
L0009329,INV-2024-004537,INV,,20240929,202409,33,3,353,17,EG,EGP,48.2369,3,450.0,0.2135,1350.0,288.23,1061.77,1012.5,49.27,1.0,,1,51216.72
L0009579,INV-2024-004654,INV,,20240929,202409,50,5,657,18,SA,SAR,3.75,7,800.0,0.0714,5600.0,399.84,5200.16,3080.0,2120.16,1.0,,1,19500.6
L0009367,INV-2024-004556,INV,,20240929,202409,36,4,441,6,SA,SAR,3.75,2,7500.0,0.1186,15000.0,1779.0,13221.0,5700.0,7521.0,1.0,,1,49578.75
L0008875,INV-2024-004320,INV,,20240929,202409,9,1,46,14,EG,EGP,48.2369,2,9600.0,0.1033,19200.0,1983.36,17216.64,9600.0,7616.64,1.25,,1,830477.34
L0008925,INV-2024-004338,INV,,20240929,202409,11,1,36,8,EG,EGP,48.2369,2,1500.0,0.1181,3000.0,354.3,2645.7,2100.0,545.7,1.0,,1,127620.37
L0009142,INV-2024-004439,INV,,20240929,202409,23,2,73,7,EG,EGP,48.2369,1,1200.0,0.0818,1200.0,98.16,1101.84,360.0,741.84,1.0,,1,53149.35
L0030897,CN-2024-00096,CN,INV-2024-004080,20240929,202409,40,4,430,3,SA,SAR,3.75,-6,3600.0,0.1068,-21600.0,-2306.88,-19293.12,-9720.0,-9573.12,1.0,44.0,1,-72349.2
L0009934,INV-2024-004813,INV,,20240929,202409,71,7,804,1,AE,AED,3.6725,1,2400.0,0.1902,2400.0,456.48,1943.52,1320.0,623.52,1.0,,1,7137.58
L0009632,INV-2024-004684,INV,,20240929,202409,53,5,486,7,SA,SAR,3.75,1,1200.0,0.0961,1200.0,115.32,1084.68,360.0,724.68,1.0,,1,4067.55
L0009763,INV-2024-004741,INV,,20240929,202409,61,6,748,20,AE,AED,3.6725,1,1500.0,0.0736,1500.0,110.4,1389.6,750.0,639.6,1.0,,1,5103.31
L0009069,INV-2024-004400,INV,,20240929,202409,19,2,152,1,EG,EGP,48.2369,1,2400.0,0.0948,2400.0,227.52,2172.48,1320.0,852.48,1.0,,1,104793.7
L0009782,INV-2024-004749,INV,,20240930,202409,63,6,741,9,AE,AED,3.6725,1,6000.0,0.0757,6000.0,454.2,5545.8,2100.0,3445.8,1.25,,1,20366.95
L0009426,INV-2024-004580,INV,,20240930,202409,40,4,429,12,SA,SAR,3.75,1,4800.0,0.1387,4800.0,665.76,4134.24,2160.0,1974.24,1.25,,1,15503.4
L0010066,INV-2024-004884,INV,,20240930,202409,76,8,839,8,OM,OMR,0.3845,1,1500.0,0.1108,1500.0,166.19,1333.81,1050.0,283.81,1.0,,1,512.85
L0009344,INV-2024-004544,INV,,20240930,202409,34,3,360,18,EG,EGP,48.2369,1,800.0,0.1977,800.0,158.16,641.84,440.0,201.84,1.0,,1,30960.37
L0009171,INV-2024-004457,INV,,20240930,202409,25,2,132,1,EG,EGP,48.2369,1,2400.0,0.0577,2400.0,138.48,2261.52,1320.0,941.52,1.0,,1,109088.71
L0008922,INV-2024-004337,INV,,20240930,202409,11,1,14,1,EG,EGP,48.2369,1,2400.0,0.0964,2400.0,231.36,2168.64,1320.0,848.64,1.0,,1,104608.47
L0009355,INV-2024-004549,INV,,20240930,202409,35,3,343,5,EG,EGP,48.2369,4,1800.0,0.2053,7200.0,1478.16,5721.84,2880.0,2841.84,1.0,,1,276003.82
L0009938,INV-2024-004815,INV,,20240930,202409,71,7,790,16,AE,AED,3.6725,2,2200.0,0.1982,4400.0,872.08,3527.92,3520.0,7.92,1.0,,1,12956.29
L0009625,INV-2024-004679,INV,,20240930,202409,52,5,622,3,SA,SAR,3.75,2,3600.0,0.0546,7200.0,393.12,6806.88,3240.0,3566.88,1.0,,1,25525.8
L0009670,INV-2024-004705,INV,,20240930,202409,54,5,514,17,SA,SAR,3.75,7,450.0,0.0605,3150.0,190.58,2959.42,2362.5,596.92,1.0,,1,11097.84
L0010035,INV-2024-004866,INV,,20240930,202409,75,8,830,1,OM,OMR,0.3845,1,2400.0,0.1201,2400.0,288.24,2111.76,1320.0,791.76,1.0,,1,811.97
L0009286,INV-2024-004518,INV,,20240930,202409,31,3,345,7,EG,EGP,48.2369,1,1200.0,0.1849,1200.0,221.88,978.12,360.0,618.12,1.0,,1,47181.48
L0009784,INV-2024-004749,INV,,20240930,202409,63,6,741,17,AE,AED,3.6725,12,450.0,0.1181,5399.98,637.73,4762.25,4050.0,712.25,1.0,,1,17489.35
L0009194,INV-2024-004473,INV,,20240930,202409,26,2,151,10,EG,EGP,48.2369,1,3000.0,0.1311,3000.0,393.3,2606.7,900.0,1706.7,1.25,,1,125739.13
L0009025,INV-2024-004377,INV,,20240930,202409,17,1,16,12,EG,EGP,48.2369,1,4800.0,0.1531,4800.0,734.88,4065.12,2160.0,1905.12,1.25,,1,196088.79
L0010062,INV-2024-004881,INV,,20240930,202409,76,8,861,17,OM,OMR,0.3845,10,449.99,0.0929,4499.87,418.05,4081.82,3375.0,706.82,1.0,,1,1569.46
L0009026,INV-2024-004377,INV,,20240930,202409,17,1,16,14,EG,EGP,48.2369,1,9600.0,0.1265,9600.0,1214.4,8385.6,4800.0,3585.6,1.25,,1,404495.35
L0010369,INV-2024-005024,INV,,20241001,202410,25,2,291,17,EG,EGP,48.663,6,450.0,0.004,2700.0,10.8,2689.2,2025.0,664.2,1.0,,0,130864.54
L0010140,INV-2024-004916,INV,,20241001,202410,12,1,24,20,EG,EGP,48.663,2,1500.0,0.0096,3000.0,28.8,2971.2,1500.0,1471.2,1.0,,0,144587.51
L0010772,INV-2024-005213,INV,,20241001,202410,50,5,477,8,SA,SAR,3.75,2,1500.0,0.0465,3000.0,139.5,2860.5,2100.0,760.5,1.0,,0,10726.88
L0011217,INV-2024-005415,INV,,20241001,202410,75,8,829,8,OM,OMR,0.3845,1,1500.0,0.0731,1500.0,109.65,1390.35,1050.0,340.35,1.0,,0,534.59
L0010374,INV-2024-005027,INV,,20241002,202410,26,2,127,5,EG,EGP,48.663,2,1800.0,0.0764,3600.0,275.04,3324.96,1440.0,1884.96,1.0,,0,161802.53
L0010806,INV-2024-005232,INV,,20241002,202410,52,5,703,1,SA,SAR,3.75,2,2400.0,0.017,4800.0,81.6,4718.4,2640.0,2078.4,1.0,,0,17694.0
L0010597,INV-2024-005135,INV,,20241002,202410,39,4,408,1,SA,SAR,3.75,7,2400.0,0.108,16800.0,1814.4,14985.6,9240.0,5745.6,1.0,,0,56196.0
L0010414,INV-2024-005051,INV,,20241002,202410,27,2,111,7,EG,EGP,48.663,1,1200.0,0.0124,1200.0,14.88,1185.12,360.0,825.12,1.0,,0,57671.49
L0010705,INV-2024-005171,INV,,20241003,202410,78,4,377,7,SA,SAR,3.75,3,1200.0,0.1132,3600.0,407.52,3192.48,1080.0,2112.48,1.0,,0,11971.8
L0010229,INV-2024-004948,INV,,20241003,202410,15,1,32,7,EG,EGP,48.663,3,1200.0,0.1194,3600.0,429.84,3170.16,1080.0,2090.16,1.0,,0,154269.5
L0011091,INV-2024-005354,INV,,20241003,202410,67,7,807,7,AE,AED,3.6725,1,1200.0,0.1956,1200.0,234.72,965.28,360.0,605.28,1.0,,0,3544.99
L0010325,INV-2024-004998,INV,,20241003,202410,23,2,238,15,EG,EGP,48.663,2,1100.0,0.0761,2200.0,167.42,2032.58,1716.0,316.58,1.0,,0,98911.44
L0010704,INV-2024-005171,INV,,20241003,202410,78,4,377,10,SA,SAR,3.75,2,3000.0,0.134,6000.0,804.0,5196.0,1800.0,3396.0,1.25,,0,19485.0
L0010230,INV-2024-004948,INV,,20241003,202410,15,1,32,7,EG,EGP,48.663,4,1200.0,0.1206,4800.0,578.88,4221.12,1440.0,2781.12,1.0,,0,205412.36
L0010703,INV-2024-005171,INV,,20241003,202410,78,4,377,20,SA,SAR,3.75,6,1500.0,0.1431,9000.0,1287.9,7712.1,4500.0,3212.1,1.0,,0,28920.38
L0011251,INV-2024-005432,INV,,20241004,202410,75,8,920,1,OM,OMR,0.3845,1,2400.0,0.0575,2400.0,138.0,2262.0,1320.0,942.0,1.0,,0,869.74
L0010762,INV-2024-005207,INV,,20241004,202410,50,5,608,7,SA,SAR,3.75,4,1200.0,0.0565,4800.0,271.2,4528.8,1440.0,3088.8,1.0,,0,16983.0
L0010962,INV-2024-005304,INV,,20241004,202410,61,6,724,19,AE,USD,1.0,4,5500.0,0.0418,22000.0,919.6,21080.4,9900.0,11180.4,1.0,,0,21080.4
L0010994,INV-2024-005317,INV,,20241004,202410,63,6,757,12,AE,USD,1.0,1,4800.0,0.0721,4800.0,346.08,4453.92,2160.0,2293.92,1.25,,0,4453.92
L0011046,INV-2024-005336,INV,,20241004,202410,80,6,730,12,AE,AED,3.6725,1,4800.0,0.0747,4800.0,358.56,4441.44,2160.0,2281.44,1.25,,0,16311.19
L0011049,INV-2024-005336,INV,,20241004,202410,80,6,730,12,AE,AED,3.6725,1,4800.0,0.0852,4800.0,408.96,4391.04,2160.0,2231.04,1.25,,0,16126.09
L0010349,INV-2024-005012,INV,,20241005,202410,24,2,268,20,EG,EGP,48.663,1,1500.0,0.1146,1500.0,171.9,1328.1,750.0,578.1,1.0,,0,64629.33
L0010315,INV-2024-004993,INV,,20241005,202410,21,2,104,1,EG,EGP,48.663,1,2400.0,0.0591,2400.0,141.84,2258.16,1320.0,938.16,1.0,,0,109888.84
L0010316,INV-2024-004993,INV,,20241005,202410,21,2,104,7,EG,EGP,48.663,1,1200.0,0.029,1200.0,34.8,1165.2,360.0,805.2,1.0,,0,56702.13
L0010283,INV-2024-004974,INV,,20241006,202410,19,2,87,7,EG,EGP,48.663,1,1200.0,0.0173,1200.0,20.76,1179.24,360.0,819.24,1.0,,0,57385.36
L0010448,INV-2024-005071,INV,,20241006,202410,30,3,373,16,EG,EGP,48.663,1,2200.0,0.1225,2200.0,269.5,1930.5,1760.0,170.5,1.0,,0,93943.92
L0011136,INV-2024-005377,INV,,20241007,202410,71,7,796,4,AE,AED,3.6725,1,9000.0,0.1431,9000.0,1287.9,7712.1,4950.0,2762.1,1.0,,0,28322.69
L0010209,INV-2024-004941,INV,,20241007,202410,14,1,19,5,EG,EGP,48.663,1,1800.0,0.1565,1800.0,281.7,1518.3,720.0,798.3,1.0,,0,73885.03
L0010766,INV-2024-005209,INV,,20241007,202410,50,5,697,8,SA,SAR,3.75,2,1500.0,0.0584,3000.0,175.2,2824.8,2100.0,724.8,1.0,,0,10593.0
L0010210,INV-2024-004941,INV,,20241007,202410,14,1,19,10,EG,EGP,48.663,1,3000.0,0.1636,3000.0,490.8,2509.2,900.0,1609.2,1.25,,0,122105.2
L0010287,INV-2024-004977,INV,,20241008,202410,19,2,134,1,EG,EGP,48.663,1,2400.0,0.0482,2400.0,115.68,2284.32,1320.0,964.32,1.0,,0,111161.86
L0030854,CN-2024-00071,CN,INV-2024-003074,20241008,202410,50,5,665,5,SA,SAR,3.75,-4,1800.0,0.0719,-7200.0,-517.68,-6682.32,-2880.0,-3802.32,1.0,124.0,0,-25058.7
L0010808,INV-2024-005234,INV,,20241008,202410,52,5,488,20,SA,SAR,3.75,4,1500.0,0.0578,6000.0,346.8,5653.2,3000.0,2653.2,1.0,,0,21199.5
L0010237,INV-2024-004953,INV,,20241008,202410,16,1,45,1,EG,EGP,48.663,2,2400.0,0.0935,4800.0,448.8,4351.2,2640.0,1711.2,1.0,,0,211742.45
L0010784,INV-2024-005219,INV,,20241008,202410,51,5,502,1,SA,SAR,3.75,2,2400.0,0.0328,4800.0,157.44,4642.56,2640.0,2002.56,1.0,,0,17409.6
L0010525,INV-2024-005104,INV,,20241008,202410,34,3,343,17,EG,EGP,48.663,2,450.0,0.2112,900.0,190.08,709.92,675.0,34.92,1.0,,0,34546.84
L0010674,INV-2024-005161,INV,,20241008,202410,43,4,416,1,SA,SAR,3.75,5,2400.0,0.1159,12000.0,1390.8,10609.2,6600.0,4009.2,1.0,,0,39784.5
L0011254,INV-2024-005433,INV,,20241009,202410,75,8,852,1,OM,OMR,0.3845,1,2400.0,0.0482,2400.0,115.68,2284.32,1320.0,964.32,1.0,,0,878.32
L0010916,INV-2024-005290,INV,,20241009,202410,59,6,753,14,AE,AED,3.6725,1,9600.0,0.1636,9600.0,1570.56,8029.44,4800.0,3229.44,1.25,,0,29488.12
L0010273,INV-2024-004967,INV,,20241009,202410,18,2,189,17,EG,EGP,48.663,2,450.0,0.0076,900.0,6.84,893.16,675.0,218.16,1.0,,0,43463.85
L0011209,INV-2024-005410,INV,,20241009,202410,73,8,928,1,OM,OMR,0.3845,1,2400.0,0.0,2400.0,0.0,2400.0,1320.0,1080.0,1.0,,0,922.8
L0010872,INV-2024-005274,INV,,20241009,202410,56,6,722,20,AE,AED,3.6725,2,1500.0,0.1611,3000.0,483.3,2516.7,1500.0,1016.7,1.0,,0,9242.58
L0011030,INV-2024-005330,INV,,20241010,202410,80,6,728,20,AE,AED,3.6725,2,1500.0,0.0776,3000.0,232.8,2767.2,1500.0,1267.2,1.0,,0,10162.54
L0011292,INV-2024-005460,INV,,20241011,202410,82,8,913,7,OM,OMR,0.3845,1,1200.0,0.0214,1200.0,25.67,1174.33,360.0,814.33,1.0,,0,451.53
L0010295,INV-2024-004981,INV,,20241011,202410,19,2,158,5,EG,EGP,48.663,1,1800.0,0.0357,1800.0,64.26,1735.74,720.0,1015.74,1.0,,0,84466.32
L0010790,INV-2024-005223,INV,,20241011,202410,52,5,685,12,SA,SAR,3.75,1,4800.0,0.078,4800.0,374.4,4425.6,2160.0,2265.6,1.25,,0,16596.0
L0010198,INV-2024-004938,INV,,20241011,202410,14,1,6,13,EG,EGP,48.663,1,12000.0,0.1125,12000.0,1350.0,10650.0,5040.0,5610.0,1.25,,0,518260.95
L0030812,CN-2024-00045,CN,INV-2024-002185,20241011,202410,16,1,17,12,EG,EGP,48.663,-1,4800.0,0.0503,-4800.0,-241.44,-4558.56,-2160.0,-2398.56,1.25,147.0,0,-221833.21
L0010199,INV-2024-004938,INV,,20241011,202410,14,1,6,9,EG,EGP,48.663,1,6000.0,0.1511,6000.0,906.6,5093.4,2100.0,2993.4,1.25,,0,247860.12
L0030842,CN-2024-00063,CN,INV-2024-002833,20241012,202410,23,2,281,7,EG,EGP,48.663,-1,1200.0,0.0864,-1200.0,-103.68,-1096.32,-360.0,-736.32,1.0,119.0,0,-53350.22
L0011170,INV-2024-005391,INV,,20241012,202410,73,8,852,10,OM,OMR,0.3845,1,3000.0,0.0226,3000.0,67.8,2932.2,900.0,2032.2,1.25,,0,1127.43
L0010621,INV-2024-005143,INV,,20241012,202410,40,4,392,9,SA,SAR,3.75,1,6000.0,0.1052,6000.0,631.2,5368.8,2100.0,3268.8,1.25,,0,20133.0
L0011007,INV-2024-005322,INV,,20241012,202410,64,6,755,12,AE,AED,3.6725,2,4800.0,0.091,9600.0,873.6,8726.4,4320.0,4406.4,1.25,,0,32047.7
L0010118,INV-2024-004908,INV,,20241012,202410,11,1,15,12,EG,EGP,48.663,1,4800.0,0.1118,4800.0,536.64,4263.36,2160.0,2103.36,1.25,,0,207467.89
L0011004,INV-2024-005322,INV,,20241012,202410,64,6,755,8,AE,AED,3.6725,17,1500.0,0.1129,25500.0,2878.95,22621.05,17850.0,4771.05,1.0,,0,83075.81
L0010117,INV-2024-004907,INV,,20241012,202410,11,1,64,2,EG,EGP,48.663,1,14000.0,0.0758,14000.0,1061.2,12938.8,7000.0,5938.8,1.0,,0,629640.82
L0010314,INV-2024-004992,INV,,20241012,202410,21,2,154,5,EG,EGP,48.663,1,1800.0,0.0317,1800.0,57.06,1742.94,720.0,1022.94,1.0,,0,84816.69
L0010903,INV-2024-005286,INV,,20241013,202410,59,6,733,3,AE,AED,3.6725,2,3600.0,0.1383,7200.0,995.76,6204.24,3240.0,2964.24,1.0,,0,22785.07
L0011277,INV-2024-005449,INV,,20241013,202410,82,8,891,1,OM,OMR,0.3845,1,2400.0,0.0508,2400.0,121.92,2278.08,1320.0,958.08,1.0,,0,875.92
L0010680,INV-2024-005162,INV,,20241013,202410,45,4,444,10,SA,SAR,3.75,1,3000.0,0.1163,3000.0,348.9,2651.1,900.0,1751.1,1.25,,0,9941.62
L0010928,INV-2024-005293,INV,,20241014,202410,59,6,718,19,AE,AED,3.6725,1,5500.0,0.1422,5500.0,782.1,4717.9,2475.0,2242.9,1.0,,0,17326.49
L0010929,INV-2024-005293,INV,,20241014,202410,59,6,718,12,AE,AED,3.6725,2,4800.0,0.1652,9600.0,1585.92,8014.08,4320.0,3694.08,1.25,,0,29431.71
L0010540,INV-2024-005113,INV,,20241014,202410,35,3,365,5,EG,EGP,48.663,1,1800.0,0.2041,1800.0,367.38,1432.62,720.0,712.62,1.0,,0,69715.59
L0010155,INV-2024-004921,INV,,20241014,202410,13,1,33,12,EG,EGP,48.663,1,4800.0,0.1534,4800.0,736.32,4063.68,2160.0,1903.68,1.25,,0,197750.86
L0010582,INV-2024-005128,INV,,20241014,202410,36,4,376,8,SA,SAR,3.75,11,1500.0,0.1124,16500.0,1854.6,14645.4,11550.0,3095.4,1.0,,0,54920.25
L0011216,INV-2024-005414,INV,,20241014,202410,74,8,955,5,OM,OMR,0.3845,2,1800.0,0.0578,3600.0,208.09,3391.91,1440.0,1951.91,1.0,,0,1304.19
L0010151,INV-2024-004921,INV,,20241014,202410,13,1,33,7,EG,EGP,48.663,2,1200.0,0.1692,2400.0,406.08,1993.92,720.0,1273.92,1.0,,0,97030.13
L0010152,INV-2024-004921,INV,,20241014,202410,13,1,33,12,EG,EGP,48.663,1,4800.0,0.1894,4800.0,909.12,3890.88,2160.0,1730.88,1.25,,0,189341.89
L0010950,INV-2024-005300,INV,,20241014,202410,59,6,746,12,AE,AED,3.6725,1,4800.0,0.1587,4800.0,761.76,4038.24,2160.0,1878.24,1.25,,0,14830.44
L0010933,INV-2024-005295,INV,,20241014,202410,59,6,731,12,AE,AED,3.6725,3,4800.0,0.1416,14400.0,2039.04,12360.96,6480.0,5880.96,1.25,,0,45395.63
L0010949,INV-2024-005300,INV,,20241014,202410,59,6,746,9,AE,AED,3.6725,1,6000.0,0.1492,6000.0,895.2,5104.8,2100.0,3004.8,1.25,,0,18747.38
L0010767,INV-2024-005210,INV,,20241015,202410,50,5,454,10,SA,SAR,3.75,2,3000.0,0.0938,6000.0,562.8,5437.2,1800.0,3637.2,1.25,,0,20389.5
L0010954,INV-2024-005301,INV,,20241015,202410,61,6,759,12,AE,AED,3.6725,1,4800.0,0.0345,4800.0,165.6,4634.4,2160.0,2474.4,1.25,,0,17019.83
L0010558,INV-2024-005120,INV,,20241015,202410,35,3,339,7,EG,EGP,48.663,1,1200.0,0.2235,1200.0,268.2,931.8,360.0,571.8,1.0,,0,45344.18
L0010185,INV-2024-004933,INV,,20241016,202410,14,1,68,10,EG,EGP,48.663,3,3000.0,0.1149,9000.0,1034.1,7965.9,2700.0,5265.9,1.25,,0,387644.59
L0010864,INV-2024-005271,INV,,20241016,202410,55,5,618,1,SA,SAR,3.75,1,2400.0,0.0225,2400.0,54.0,2346.0,1320.0,1026.0,1.0,,0,8797.5
L0010426,INV-2024-005057,INV,,20241016,202410,27,2,164,5,EG,EGP,48.663,1,1800.0,0.0419,1800.0,75.42,1724.58,720.0,1004.58,1.0,,0,83923.24
L0010722,INV-2024-005183,INV,,20241016,202410,46,5,593,16,SA,SAR,3.75,2,2200.0,0.0856,4400.0,376.64,4023.36,3520.0,503.36,1.0,,0,15087.6
L0010364,INV-2024-005021,INV,,20241017,202410,25,2,205,1,EG,EGP,48.663,1,2400.0,0.0,2400.0,0.0,2400.0,1320.0,1080.0,1.0,,0,116791.2
L0010631,INV-2024-005147,INV,,20241017,202410,41,4,391,5,SA,SAR,3.75,2,1800.0,0.0503,3600.0,181.08,3418.92,1440.0,1978.92,1.0,,0,12820.95
L0010643,INV-2024-005151,INV,,20241017,202410,41,4,410,10,SA,SAR,3.75,1,3000.0,0.0652,3000.0,195.6,2804.4,900.0,1904.4,1.25,,0,10516.5
L0010112,INV-2024-004905,INV,,20241017,202410,11,1,42,1,EG,EGP,48.663,1,2400.0,0.0927,2400.0,222.48,2177.52,1320.0,857.52,1.0,,0,105964.66
L0010113,INV-2024-004905,INV,,20241017,202410,11,1,42,12,EG,EGP,48.663,1,4800.0,0.1273,4800.0,611.04,4188.96,2160.0,2028.96,1.25,,0,203847.36
L0010114,INV-2024-004905,INV,,20241017,202410,11,1,42,7,EG,EGP,48.663,1,1200.0,0.0612,1200.0,73.44,1126.56,360.0,766.56,1.0,,0,54821.79
L0010640,INV-2024-005150,INV,,20241017,202410,41,4,438,7,SA,SAR,3.75,13,1200.0,0.0464,15600.0,723.84,14876.16,4680.0,10196.16,1.0,,0,55785.6
L0010352,INV-2024-005014,INV,,20241017,202410,25,2,204,10,EG,EGP,48.663,1,3000.0,0.0223,3000.0,66.9,2933.1,900.0,2033.1,1.25,,0,142733.45
L0010088,INV-2024-004896,INV,,20241018,202410,10,1,51,17,EG,EGP,48.663,12,450.0,0.1368,5400.0,738.72,4661.28,4050.0,611.28,1.0,,0,226831.87
L0010770,INV-2024-005212,INV,,20241018,202410,50,5,528,7,SA,SAR,3.75,1,1200.0,0.0373,1200.0,44.76,1155.24,360.0,795.24,1.0,,0,4332.15
L0010485,INV-2024-005086,INV,,20241018,202410,32,3,340,10,EG,EGP,48.663,1,3000.0,0.2314,3000.0,694.2,2305.8,900.0,1405.8,1.25,,0,112207.15
L0010942,INV-2024-005298,INV,,20241018,202410,59,6,711,10,AE,AED,3.6725,1,3000.0,0.1588,3000.0,476.4,2523.6,900.0,1623.6,1.25,,0,9267.92
L0010633,INV-2024-005148,INV,,20241019,202410,41,4,438,6,SA,SAR,3.75,1,7500.0,0.0522,7500.0,391.5,7108.5,2850.0,4258.5,1.0,,0,26656.88
L0011018,INV-2024-005327,INV,,20241019,202410,64,6,756,3,AE,AED,3.6725,5,3600.0,0.0792,18000.0,1425.6,16574.4,8100.0,8474.4,1.0,,0,60869.48
L0010907,INV-2024-005287,INV,,20241019,202410,59,6,734,7,AE,AED,3.6725,3,1200.0,0.1419,3600.0,510.84,3089.16,1080.0,2009.16,1.0,,0,11344.94
L0010637,INV-2024-005149,INV,,20241019,202410,41,4,429,10,SA,SAR,3.75,3,3000.0,0.027,9000.0,243.0,8757.0,2700.0,6057.0,1.25,,0,32838.75
L0010241,INV-2024-004954,INV,,20241020,202410,16,1,52,7,EG,EGP,48.663,1,1200.0,0.0481,1200.0,57.72,1142.28,360.0,782.28,1.0,,0,55586.77
L0010362,INV-2024-005020,INV,,20241020,202410,25,2,292,7,EG,EGP,48.663,1,1200.0,0.0119,1200.0,14.28,1185.72,360.0,825.72,1.0,,0,57700.69
L0011113,INV-2024-005366,INV,,20241020,202410,69,7,787,9,AE,AED,3.6725,1,6000.0,0.1563,6000.0,937.8,5062.2,2100.0,2962.2,1.25,,0,18590.93
L0011234,INV-2024-005423,INV,,20241020,202410,75,8,929,16,OM,OMR,0.3845,1,2200.0,0.0637,2200.0,140.13,2059.87,1760.0,299.87,1.0,,0,792.02
L0011286,INV-2024-005456,INV,,20241020,202410,82,8,849,17,OM,OMR,0.3845,7,449.99,0.07,3149.91,220.5,2929.41,2362.5,566.91,1.0,,0,1126.36
L0011114,INV-2024-005366,INV,,20241020,202410,69,7,787,15,AE,AED,3.6725,11,1100.0,0.1878,12100.0,2272.38,9827.62,9438.0,389.62,1.0,,0,36091.93
L0011248,INV-2024-005431,INV,,20241020,202410,75,8,846,16,OM,OMR,0.3845,1,2200.0,0.0871,2200.0,191.63,2008.37,1760.0,248.37,1.0,,0,772.22
L0010734,INV-2024-005190,INV,,20241020,202410,47,5,670,5,SA,SAR,3.75,1,1800.0,0.0457,1800.0,82.26,1717.74,720.0,997.74,1.0,,0,6441.52
L0011171,INV-2024-005392,INV,,20241020,202410,73,8,892,18,OM,OMR,0.3845,1,800.0,0.0,800.0,0.0,800.0,440.0,360.0,1.0,,0,307.6
L0010529,INV-2024-005106,INV,,20241020,202410,34,3,356,12,EG,EGP,48.663,1,4800.0,0.2011,4800.0,965.28,3834.72,2160.0,1674.72,1.25,,0,186608.98
L0010261,INV-2024-004960,INV,,20241020,202410,17,1,18,12,EG,EGP,48.663,1,4800.0,0.1039,4800.0,498.72,4301.28,2160.0,2141.28,1.25,,0,209313.19
L0010628,INV-2024-005146,INV,,20241021,202410,41,4,409,10,SA,SAR,3.75,1,3000.0,0.0543,3000.0,162.9,2837.1,900.0,1937.1,1.25,,0,10639.12
L0010480,INV-2024-005084,INV,,20241021,202410,31,3,332,15,EG,EGP,48.663,4,1100.0,0.1954,4400.0,859.76,3540.24,3432.0,108.24,1.0,,0,172278.7
L0010359,INV-2024-005018,INV,,20241022,202410,25,2,159,10,EG,EGP,48.663,1,3000.0,0.075,3000.0,225.0,2775.0,900.0,1875.0,1.25,,0,135039.83
L0010715,INV-2024-005178,INV,,20241022,202410,46,5,547,5,SA,SAR,3.75,4,1800.0,0.0534,7200.0,384.48,6815.52,2880.0,3935.52,1.0,,0,25558.2
L0011131,INV-2024-005375,INV,,20241022,202410,71,7,803,16,AE,AED,3.6725,1,2200.0,0.1658,2200.0,364.76,1835.24,1760.0,75.24,1.0,,0,6739.92
L0011141,INV-2024-005379,INV,,20241022,202410,79,7,816,15,AE,AED,3.6725,2,1100.0,0.1943,2200.0,427.46,1772.54,1716.0,56.54,1.0,,0,6509.65
L0011183,INV-2024-005397,INV,,20241022,202410,73,8,917,15,OM,OMR,0.3845,1,1100.0,0.0276,1100.0,30.35,1069.65,858.0,211.65,1.0,,0,411.28
L0010985,INV-2024-005314,INV,,20241023,202410,63,6,773,15,AE,AED,3.6725,51,1100.0,0.091,56100.0,5105.1,50994.9,43758.0,7236.9,1.0,,0,187278.77
L0010835,INV-2024-005251,INV,,20241023,202410,54,5,563,10,SA,SAR,3.75,1,3000.0,0.063,3000.0,189.0,2811.0,900.0,1911.0,1.25,,0,10541.25
L0010482,INV-2024-005085,INV,,20241023,202410,32,3,340,1,EG,EGP,48.663,1,2400.0,0.1769,2400.0,424.56,1975.44,1320.0,655.44,1.0,,0,96130.84
L0010080,INV-2024-004893,INV,,20241024,202410,9,1,35,10,EG,EGP,48.663,2,3000.0,0.13,6000.0,780.0,5220.0,1800.0,3420.0,1.25,,0,254020.86
L0011264,INV-2024-005439,INV,,20241024,202410,76,8,884,20,OM,OMR,0.3845,4,1500.0,0.0952,6000.0,571.21,5428.79,3000.0,2428.79,1.0,,0,2087.37
L0011187,INV-2024-005399,INV,,20241024,202410,73,8,959,1,OM,OMR,0.3845,1,2400.0,0.0266,2400.0,63.85,2336.15,1320.0,1016.15,1.0,,0,898.25
L0011188,INV-2024-005399,INV,,20241024,202410,73,8,959,1,OM,OMR,0.3845,1,2400.0,0.0333,2400.0,79.92,2320.08,1320.0,1000.08,1.0,,0,892.07
L0011177,INV-2024-005394,INV,,20241024,202410,73,8,963,7,OM,OMR,0.3845,1,1200.0,0.0,1200.0,0.0,1200.0,360.0,840.0,1.0,,0,461.4
L0010880,INV-2024-005277,INV,,20241025,202410,57,6,758,1,AE,AED,3.6725,2,2400.0,0.103,4800.0,494.4,4305.6,2640.0,1665.6,1.0,,0,15812.32
L0011155,INV-2024-005384,INV,,20241025,202410,81,7,802,10,AE,AED,3.6725,1,3000.0,0.1114,3000.0,334.2,2665.8,900.0,1765.8,1.25,,0,9790.15
L0010652,INV-2024-005153,INV,,20241025,202410,42,4,444,16,SA,SAR,3.75,5,2200.0,0.0958,11000.0,1053.8,9946.2,8800.0,1146.2,1.0,,0,37298.25
L0011022,INV-2024-005328,INV,,20241025,202410,64,6,773,3,AE,AED,3.6725,3,3600.0,0.0591,10800.0,638.28,10161.72,4860.0,5301.72,1.0,,0,37318.92
L0010649,INV-2024-005153,INV,,20241025,202410,42,4,444,8,SA,SAR,3.75,1,1500.0,0.1154,1500.0,173.1,1326.9,1050.0,276.9,1.0,,0,4975.88
L0011150,INV-2024-005382,INV,,20241025,202410,79,7,789,17,AE,AED,3.6725,12,450.0,0.2077,5399.98,1121.57,4278.41,4050.0,228.41,1.0,,0,15712.45
L0010879,INV-2024-005277,INV,,20241025,202410,57,6,758,20,AE,AED,3.6725,5,1500.0,0.103,7500.0,772.5,6727.5,3750.0,2977.5,1.0,,0,24706.74
L0010987,INV-2024-005315,INV,,20241025,202410,63,6,721,10,AE,AED,3.6725,1,3000.0,0.0704,3000.0,211.2,2788.8,900.0,1888.8,1.25,,0,10241.87
L0010969,INV-2024-005306,INV,,20241026,202410,61,6,706,18,AE,AED,3.6725,1,800.0,0.0486,800.0,38.88,761.12,440.0,321.12,1.0,,0,2795.21
L0011083,INV-2024-005351,INV,,20241026,202410,67,7,780,17,AE,AED,3.6725,1,450.0,0.1895,450.0,85.28,364.72,337.5,27.22,1.0,,0,1339.45
L0010350,INV-2024-005013,INV,,20241026,202410,25,2,84,5,EG,EGP,48.663,1,1800.0,0.0478,1800.0,86.04,1713.96,720.0,993.96,1.0,,0,83406.44
L0011123,INV-2024-005371,INV,,20241026,202410,71,7,804,8,AE,AED,3.6725,4,1500.0,0.188,6000.0,1128.0,4872.0,4200.0,672.0,1.0,,0,17892.42
L0010925,INV-2024-005292,INV,,20241026,202410,59,6,724,11,AE,AED,3.6725,2,18000.0,0.1477,36000.0,5317.2,30682.8,14400.0,16282.8,1.25,,0,112682.58
L0010923,INV-2024-005292,INV,,20241026,202410,59,6,724,7,AE,AED,3.6725,5,1200.0,0.1339,6000.0,803.4,5196.6,1800.0,3396.6,1.0,,0,19084.51
L0010351,INV-2024-005013,INV,,20241026,202410,25,2,84,1,EG,EGP,48.663,1,2400.0,0.0447,2400.0,107.28,2292.72,1320.0,972.72,1.0,,0,111570.63
L0011038,INV-2024-005333,INV,,20241027,202410,80,6,721,10,AE,AED,3.6725,1,3000.0,0.076,3000.0,228.0,2772.0,900.0,1872.0,1.25,,0,10180.17
L0010671,INV-2024-005160,INV,,20241027,202410,43,4,405,10,SA,SAR,3.75,1,3000.0,0.1172,3000.0,351.6,2648.4,900.0,1748.4,1.25,,0,9931.5
L0010326,INV-2024-004999,INV,,20241027,202410,23,2,110,10,EG,EGP,48.663,1,3000.0,0.1038,3000.0,311.4,2688.6,900.0,1788.6,1.25,,0,130835.34
L0010305,INV-2024-004985,INV,,20241027,202410,21,2,101,5,EG,EGP,48.663,1,1800.0,0.0495,1800.0,89.1,1710.9,720.0,990.9,1.0,,0,83257.53
L0010523,INV-2024-005102,INV,,20241027,202410,34,3,374,15,EG,EGP,48.663,1,1100.0,0.1908,1100.0,209.88,890.12,858.0,32.12,1.0,,0,43315.91
L0010799,INV-2024-005228,INV,,20241027,202410,52,5,666,8,SA,SAR,3.75,2,1500.0,0.0998,3000.0,299.4,2700.6,2100.0,600.6,1.0,,0,10127.25
L0010672,INV-2024-005160,INV,,20241027,202410,43,4,405,20,SA,SAR,3.75,1,1500.0,0.0919,1500.0,137.85,1362.15,750.0,612.15,1.0,,0,5108.06
L0010488,INV-2024-005087,INV,,20241027,202410,32,3,364,5,EG,EGP,48.663,3,1800.0,0.2095,5400.0,1131.3,4268.7,2160.0,2108.7,1.0,,0,207727.75
L0010430,INV-2024-005059,INV,,20241027,202410,28,2,238,17,EG,EGP,48.663,1,450.0,0.0187,450.0,8.42,441.58,337.5,104.08,1.0,,0,21488.85
L0010853,INV-2024-005263,INV,,20241027,202410,55,5,572,8,SA,SAR,3.75,2,1500.0,0.0082,3000.0,24.6,2975.4,2100.0,875.4,1.0,,0,11157.75
L0030913,CN-2024-00104,CN,INV-2024-004369,20241027,202410,15,1,52,8,EG,EGP,48.663,-2,1500.0,0.0575,-3000.0,-172.5,-2827.5,-2100.0,-727.5,1.0,48.0,0,-137594.63
L0010419,INV-2024-005053,INV,,20241027,202410,27,2,159,10,EG,EGP,48.663,1,3000.0,0.0407,3000.0,122.1,2877.9,900.0,1977.9,1.25,,0,140047.25
L0010877,INV-2024-005276,INV,,20241028,202410,57,6,773,12,AE,AED,3.6725,2,4800.0,0.1225,9600.0,1176.0,8424.0,4320.0,4104.0,1.25,,0,30937.14
L0010719,INV-2024-005181,INV,,20241028,202410,46,5,638,10,SA,SAR,3.75,1,3000.0,0.0634,3000.0,190.2,2809.8,900.0,1909.8,1.25,,0,10536.75
L0010505,INV-2024-005094,INV,,20241028,202410,33,3,370,7,EG,EGP,48.663,1,1200.0,0.1898,1200.0,227.76,972.24,360.0,612.24,1.0,,0,47312.12
L0010551,INV-2024-005118,INV,,20241028,202410,35,3,345,10,EG,EGP,48.663,1,3000.0,0.181,3000.0,543.0,2457.0,900.0,1557.0,1.25,,0,119564.99
L0011094,INV-2024-005355,INV,,20241028,202410,67,7,791,10,AE,AED,3.6725,1,3000.0,0.1811,3000.0,543.3,2456.7,900.0,1556.7,1.25,,0,9022.23
L0010390,INV-2024-005036,INV,,20241028,202410,26,2,182,1,EG,EGP,48.663,2,2400.0,0.1023,4800.0,491.04,4308.96,2640.0,1668.96,1.0,,0,209686.92
L0010281,INV-2024-004972,INV,,20241028,202410,19,2,214,8,EG,EGP,48.663,2,1500.0,0.014,3000.0,42.0,2958.0,2100.0,858.0,1.0,,0,143945.15
L0010163,INV-2024-004924,INV,,20241028,202410,13,1,33,7,EG,EGP,48.663,1,1200.0,0.1753,1200.0,210.36,989.64,360.0,629.64,1.0,,0,48158.85
L0010995,INV-2024-005318,INV,,20241028,202410,63,6,729,17,AE,AED,3.6725,20,450.0,0.107,8999.97,963.0,8036.97,6750.0,1286.97,1.0,,0,29515.79
L0010160,INV-2024-004924,INV,,20241028,202410,13,1,33,1,EG,EGP,48.663,1,2400.0,0.1861,2400.0,446.64,1953.36,1320.0,633.36,1.0,,0,95056.36
L0010565,INV-2024-005122,INV,,20241028,202410,36,4,429,1,SA,SAR,3.75,1,2400.0,0.0796,2400.0,191.04,2208.96,1320.0,888.96,1.0,,0,8283.6
L0010502,INV-2024-005094,INV,,20241028,202410,33,3,370,7,EG,EGP,48.663,1,1200.0,0.1841,1200.0,220.92,979.08,360.0,619.08,1.0,,0,47644.97
L0010571,INV-2024-005124,INV,,20241029,202410,36,4,391,8,SA,SAR,3.75,29,1500.0,0.0892,43500.0,3880.2,39619.8,30450.0,9169.8,1.0,,1,148574.25
L0011210,INV-2024-005411,INV,,20241029,202410,73,8,939,3,OM,OMR,0.3845,2,3600.0,0.0565,7200.0,406.79,6793.21,3240.0,3553.21,1.0,,1,2611.99
L0010662,INV-2024-005157,INV,,20241029,202410,42,4,386,10,SA,SAR,3.75,1,3000.0,0.1063,3000.0,318.9,2681.1,900.0,1781.1,1.25,,1,10054.12
L0010895,INV-2024-005283,INV,,20241029,202410,58,6,746,14,AE,AED,3.6725,2,9600.0,0.1347,19200.0,2586.24,16613.76,9600.0,7013.76,1.25,,1,61014.03
L0010725,INV-2024-005184,INV,,20241029,202410,46,5,461,15,SA,SAR,3.75,3,1100.0,0.1253,3300.0,413.49,2886.51,2574.0,312.51,1.0,,1,10824.41
L0010267,INV-2024-004963,INV,,20241029,202410,18,2,225,1,EG,EGP,48.663,1,2400.0,0.0429,2400.0,102.96,2297.04,1320.0,977.04,1.0,,1,111780.86
L0010910,INV-2024-005288,INV,,20241029,202410,59,6,761,7,AE,AED,3.6725,4,1200.0,0.1771,4800.0,850.08,3949.92,1440.0,2509.92,1.0,,1,14506.08
L0011126,INV-2024-005372,INV,,20241029,202410,71,7,817,7,AE,AED,3.6725,1,1200.0,0.214,1200.0,256.8,943.2,360.0,583.2,1.0,,1,3463.9
L0011128,INV-2024-005374,INV,,20241029,202410,71,7,796,17,AE,AED,3.6725,1,450.0,0.1947,450.0,87.62,362.38,337.5,24.88,1.0,,1,1330.85
L0010366,INV-2024-005022,INV,,20241029,202410,25,2,323,5,EG,EGP,48.663,1,1800.0,0.0715,1800.0,128.7,1671.3,720.0,951.3,1.0,,1,81330.47
L0011168,INV-2024-005390,INV,,20241029,202410,81,7,811,10,AE,AED,3.6725,1,3000.0,0.1766,3000.0,529.8,2470.2,900.0,1570.2,1.25,,1,9071.81
L0011167,INV-2024-005390,INV,,20241029,202410,81,7,811,7,AE,AED,3.6725,1,1200.0,0.1403,1200.0,168.36,1031.64,360.0,671.64,1.0,,1,3788.7
L0010310,INV-2024-004989,INV,,20241029,202410,21,2,327,7,EG,EGP,48.663,1,1200.0,0.0982,1200.0,117.84,1082.16,360.0,722.16,1.0,,1,52661.15
L0011075,INV-2024-005348,INV,,20241030,202410,66,7,788,5,AE,AED,3.6725,5,1800.0,0.1772,9000.0,1594.8,7405.2,3600.0,3805.2,1.0,,1,27195.6
L0010946,INV-2024-005299,INV,,20241030,202410,59,6,765,1,AE,AED,3.6725,1,2400.0,0.1571,2400.0,377.04,2022.96,1320.0,702.96,1.0,,1,7429.32
L0010752,INV-2024-005201,INV,,20241030,202410,48,5,598,5,SA,SAR,3.75,1,1800.0,0.0,1800.0,0.0,1800.0,720.0,1080.0,1.0,,1,6750.0
L0011031,INV-2024-005331,INV,,20241030,202410,80,6,726,5,AE,AED,3.6725,2,1800.0,0.1266,3600.0,455.76,3144.24,1440.0,1704.24,1.0,,1,11547.22
L0010530,INV-2024-005107,INV,,20241030,202410,34,3,359,15,EG,EGP,48.663,9,1100.0,0.1984,9900.0,1964.16,7935.84,7722.0,213.84,1.0,,1,386181.78
L0010755,INV-2024-005203,INV,,20241030,202410,48,5,692,8,SA,SAR,3.75,5,1500.0,0.0033,7500.0,24.75,7475.25,5250.0,2225.25,1.0,,1,28032.19
L0010740,INV-2024-005192,INV,,20241030,202410,47,5,529,17,SA,SAR,3.75,3,450.0,0.1132,1350.0,152.82,1197.18,1012.5,184.68,1.0,,1,4489.42
L0010181,INV-2024-004931,INV,,20241030,202410,13,1,28,18,EG,EGP,48.663,17,800.0,0.1854,13600.0,2521.44,11078.56,7480.0,3598.56,1.0,,1,539115.97
L0010780,INV-2024-005217,INV,,20241030,202410,51,5,664,5,SA,SAR,3.75,3,1800.0,0.0689,5400.0,372.06,5027.94,2160.0,2867.94,1.0,,1,18854.78
L0011215,INV-2024-005413,INV,,20241030,202410,74,8,887,15,OM,OMR,0.3845,1,1100.0,0.0659,1100.0,72.48,1027.52,858.0,169.52,1.0,,1,395.08
L0010165,INV-2024-004925,INV,,20241030,202410,13,1,1,18,EG,EGP,48.663,1,800.0,0.1826,800.0,146.08,653.92,440.0,213.92,1.0,,1,31821.71
L0011062,INV-2024-005342,INV,,20241030,202410,66,7,793,10,AE,AED,3.6725,1,3000.0,0.1781,3000.0,534.3,2465.7,900.0,1565.7,1.25,,1,9055.28
L0011011,INV-2024-005325,INV,,20241030,202410,64,6,736,1,AE,AED,3.6725,1,2400.0,0.1012,2400.0,242.88,2157.12,1320.0,837.12,1.0,,1,7922.02
L0010818,INV-2024-005240,INV,,20241030,202410,53,5,477,7,SA,SAR,3.75,1,1200.0,0.1121,1200.0,134.52,1065.48,360.0,705.48,1.0,,1,3995.55
L0011033,INV-2024-005331,INV,,20241030,202410,80,6,726,12,AE,AED,3.6725,2,4800.0,0.1141,9600.0,1095.36,8504.64,4320.0,4184.64,1.25,,1,31233.29
L0010595,INV-2024-005134,INV,,20241030,202410,39,4,428,5,SA,SAR,3.75,3,1800.0,0.1025,5400.0,553.5,4846.5,2160.0,2686.5,1.0,,1,18174.38
L0011067,INV-2024-005343,INV,,20241031,202410,66,7,815,10,AE,AED,3.6725,1,3000.0,0.2012,3000.0,603.6,2396.4,900.0,1496.4,1.25,,1,8800.78
L0010226,INV-2024-004947,INV,,20241031,202410,15,1,40,4,EG,EGP,48.663,1,9000.0,0.134,9000.0,1206.0,7794.0,4950.0,2844.0,1.0,,1,379279.42
L0011163,INV-2024-005389,INV,,20241031,202410,81,7,777,8,AE,AED,3.6725,1,1500.0,0.1684,1500.0,252.6,1247.4,1050.0,197.4,1.0,,1,4581.08
L0010110,INV-2024-004904,INV,,20241031,202410,11,1,22,7,EG,EGP,48.663,1,1200.0,0.1013,1200.0,121.56,1078.44,360.0,718.44,1.0,,1,52480.13
L0010726,INV-2024-005185,INV,,20241031,202410,47,5,492,1,SA,SAR,3.75,1,2400.0,0.0564,2400.0,135.36,2264.64,1320.0,944.64,1.0,,1,8492.4
L0010544,INV-2024-005115,INV,,20241031,202410,35,3,338,20,EG,EGP,48.663,1,1500.0,0.2099,1500.0,314.85,1185.15,750.0,435.15,1.0,,1,57672.95
L0010958,INV-2024-005302,INV,,20241031,202410,61,6,754,12,AE,AED,3.6725,1,4800.0,0.0606,4800.0,290.88,4509.12,2160.0,2349.12,1.25,,1,16559.74
L0010976,INV-2024-005309,INV,,20241031,202410,62,6,767,19,AE,AED,3.6725,3,5500.0,0.1218,16500.0,2009.7,14490.3,7425.0,7065.3,1.0,,1,53215.63
L0010619,INV-2024-005142,INV,,20241031,202410,40,4,435,10,SA,SAR,3.75,1,3000.0,0.1283,3000.0,384.9,2615.1,900.0,1715.1,1.25,,1,9806.62
L0010546,INV-2024-005115,INV,,20241031,202410,35,3,338,7,EG,EGP,48.663,1,1200.0,0.2075,1200.0,249.0,951.0,360.0,591.0,1.0,,1,46278.51
L0010104,INV-2024-004902,INV,,20241031,202410,11,1,56,3,EG,EGP,48.663,1,3600.0,0.1063,3600.0,382.68,3217.32,1620.0,1597.32,1.0,,1,156564.44
L0010345,INV-2024-005011,INV,,20241031,202410,24,2,285,1,EG,EGP,48.663,1,2400.0,0.1446,2400.0,347.04,2052.96,1320.0,732.96,1.0,,1,99903.19
L0011470,INV-2024-005530,INV,,20241101,202411,19,2,297,15,EG,EGP,48.3132,2,1100.0,0.0146,2200.0,32.12,2167.88,1716.0,451.88,1.0,,0,104737.22
L0012532,INV-2024-006032,INV,,20241101,202411,73,8,895,7,OM,OMR,0.3845,1,1200.0,0.0106,1200.0,12.72,1187.28,360.0,827.28,1.0,,0,456.51
L0012323,INV-2024-005939,INV,,20241101,202411,64,6,724,1,AE,AED,3.6725,1,2400.0,0.1025,2400.0,246.0,2154.0,1320.0,834.0,1.0,,0,7910.56
L0011710,INV-2024-005657,INV,,20241101,202411,33,3,333,8,EG,EGP,48.3132,5,1500.0,0.1552,7500.0,1164.0,6336.0,5250.0,1086.0,1.0,,0,306112.44
L0012070,INV-2024-005825,INV,,20241101,202411,52,5,641,5,SA,SAR,3.75,1,1800.0,0.0319,1800.0,57.42,1742.58,720.0,1022.58,1.0,,0,6534.68
L0012324,INV-2024-005939,INV,,20241101,202411,64,6,724,9,AE,AED,3.6725,2,6000.0,0.1034,12000.0,1240.8,10759.2,4200.0,6559.2,1.25,,0,39513.16
L0011363,INV-2024-005482,INV,,20241101,202411,11,1,3,1,EG,EGP,48.3132,1,2400.0,0.0542,2400.0,130.08,2269.92,1320.0,949.92,1.0,,0,109667.1
L0011791,INV-2024-005692,INV,,20241102,202411,39,4,443,3,SA,USD,1.0,1,3600.0,0.0441,3600.0,158.76,3441.24,1620.0,1821.24,1.0,,0,3441.24
L0012362,INV-2024-005952,INV,,20241102,202411,80,6,733,10,AE,AED,3.6725,7,3000.0,0.0732,21000.0,1537.2,19462.8,6300.0,13162.8,1.25,,0,71477.13
L0011504,INV-2024-005552,INV,,20241102,202411,23,2,200,3,EG,EGP,48.3132,1,3600.0,0.1127,3600.0,405.72,3194.28,1620.0,1574.28,1.0,,0,154325.89
L0012098,INV-2024-005841,INV,,20241102,202411,53,5,532,15,SA,SAR,3.75,2,1100.0,0.1076,2200.0,236.72,1963.28,1716.0,247.28,1.0,,0,7362.3
L0011479,INV-2024-005535,INV,,20241102,202411,19,2,120,7,EG,EGP,48.3132,1,1200.0,0.0057,1200.0,6.84,1193.16,360.0,833.16,1.0,,0,57645.38
L0012364,INV-2024-005952,INV,,20241102,202411,80,6,733,7,AE,AED,3.6725,1,1200.0,0.1003,1200.0,120.36,1079.64,360.0,719.64,1.0,,0,3964.98
L0011838,INV-2024-005708,INV,,20241102,202411,42,4,431,10,SA,SAR,3.75,4,3000.0,0.0884,12000.0,1060.8,10939.2,3600.0,7339.2,1.25,,0,41022.0
L0012365,INV-2024-005952,INV,,20241102,202411,80,6,733,12,AE,AED,3.6725,2,4800.0,0.0635,9600.0,609.6,8990.4,4320.0,4670.4,1.25,,0,33017.24
L0012410,INV-2024-005972,INV,,20241102,202411,67,7,789,1,AE,AED,3.6725,1,2400.0,0.1932,2400.0,463.68,1936.32,1320.0,616.32,1.0,,0,7111.14
L0011506,INV-2024-005552,INV,,20241102,202411,23,2,200,1,EG,EGP,48.3132,1,2400.0,0.0646,2400.0,155.04,2244.96,1320.0,924.96,1.0,,0,108461.2
L0011478,INV-2024-005535,INV,,20241102,202411,19,2,120,17,EG,EGP,48.3132,1,450.0,0.0291,450.0,13.09,436.91,337.5,99.41,1.0,,0,21108.28
L0011678,INV-2024-005644,INV,,20241103,202411,32,3,349,10,EG,EGP,48.3132,2,3000.0,0.1907,6000.0,1144.2,4855.8,1800.0,3055.8,1.25,,0,234599.24
L0011408,INV-2024-005501,INV,,20241103,202411,14,1,26,10,EG,EGP,48.3132,6,3000.0,0.1435,18000.0,2583.0,15417.0,5400.0,10017.0,1.25,,0,744844.6
L0011739,INV-2024-005672,INV,,20241103,202411,34,3,340,15,EG,EGP,48.3132,1,1100.0,0.2134,1100.0,234.74,865.26,858.0,7.26,1.0,,0,41803.48
L0012036,INV-2024-005803,INV,,20241103,202411,50,5,502,16,SA,SAR,3.75,1,2200.0,0.058,2200.0,127.6,2072.4,1760.0,312.4,1.0,,0,7771.5
L0011485,INV-2024-005538,INV,,20241103,202411,21,2,148,17,EG,EGP,48.3132,2,450.0,0.0707,900.0,63.63,836.37,675.0,161.37,1.0,,0,40407.71
L0011334,INV-2024-005474,INV,,20241103,202411,10,1,14,1,EG,EGP,48.3132,2,2400.0,0.1088,4800.0,522.24,4277.76,2640.0,1637.76,1.0,,0,206672.27
L0012449,INV-2024-005989,INV,,20241103,202411,69,7,777,15,AE,AED,3.6725,1,1100.0,0.1888,1100.0,207.68,892.32,858.0,34.32,1.0,,0,3277.05
L0011380,INV-2024-005489,INV,,20241104,202411,13,1,20,5,EG,EGP,48.3132,2,1800.0,0.1708,3600.0,614.88,2985.12,1440.0,1545.12,1.0,,0,144220.7
L0012263,INV-2024-005919,INV,,20241104,202411,61,6,760,12,AE,AED,3.6725,1,4800.0,0.0725,4800.0,348.0,4452.0,2160.0,2292.0,1.25,,0,16349.97
L0012257,INV-2024-005917,INV,,20241105,202411,61,6,730,13,AE,AED,3.6725,2,12000.0,0.0486,24000.0,1166.4,22833.6,10080.0,12753.6,1.25,,0,83856.4
L0011753,INV-2024-005677,INV,,20241105,202411,35,3,368,1,EG,EGP,48.3132,1,2400.0,0.2144,2400.0,514.56,1885.44,1320.0,565.44,1.0,,0,91091.64
L0011402,INV-2024-005498,INV,,20241105,202411,14,1,11,1,EG,EGP,48.3132,1,2400.0,0.133,2400.0,319.2,2080.8,1320.0,760.8,1.0,,0,100530.11
L0012244,INV-2024-005913,INV,,20241105,202411,59,6,728,20,AE,AED,3.6725,4,1500.0,0.2041,6000.0,1224.6,4775.4,3000.0,1775.4,1.0,,0,17537.66
L0011746,INV-2024-005674,INV,,20241105,202411,35,3,354,1,EG,EGP,48.3132,1,2400.0,0.1636,2400.0,392.64,2007.36,1320.0,687.36,1.0,,0,96981.99
L0012598,INV-2024-006071,INV,,20241105,202411,76,8,970,8,OM,OMR,0.3845,1,1500.0,0.0708,1500.0,106.19,1393.81,1050.0,343.81,1.0,,0,535.92
L0011615,INV-2024-005616,INV,,20241105,202411,29,3,360,15,EG,EGP,48.3132,1,1100.0,0.2445,1100.0,268.95,831.05,858.0,-26.95,1.0,,0,40150.68
L0012413,INV-2024-005973,INV,,20241106,202411,67,7,780,17,AE,AED,3.6725,12,450.0,0.1333,5399.98,719.81,4680.17,4050.0,630.17,1.0,,0,17187.91
L0012407,INV-2024-005970,INV,,20241106,202411,67,7,808,5,AE,AED,3.6725,3,1800.0,0.1486,5400.0,802.44,4597.56,2160.0,2437.56,1.0,,0,16884.54
L0012474,INV-2024-006002,INV,,20241106,202411,71,7,817,7,AE,AED,3.6725,4,1200.0,0.1931,4800.0,926.88,3873.12,1440.0,2433.12,1.0,,0,14224.03
L0011594,INV-2024-005605,INV,,20241106,202411,28,2,226,1,EG,EGP,48.3132,1,2400.0,0.0598,2400.0,143.52,2256.48,1320.0,936.48,1.0,,0,109017.77
L0012030,INV-2024-005799,INV,,20241106,202411,50,5,559,15,SA,SAR,3.75,4,1100.0,0.0802,4400.0,352.88,4047.12,3432.0,615.12,1.0,,0,15176.7
L0011846,INV-2024-005712,INV,,20241106,202411,43,4,406,10,SA,SAR,3.75,1,3000.0,0.1294,3000.0,388.2,2611.8,900.0,1711.8,1.25,,0,9794.25
L0011644,INV-2024-005629,INV,,20241106,202411,30,3,363,9,EG,EGP,48.3132,1,6000.0,0.1708,6000.0,1024.8,4975.2,2100.0,2875.2,1.25,,0,240367.83
L0011603,INV-2024-005611,INV,,20241107,202411,28,2,208,7,EG,EGP,48.3132,1,1200.0,0.0737,1200.0,88.44,1111.56,360.0,751.56,1.0,,0,53703.02
L0011666,INV-2024-005640,INV,,20241107,202411,31,3,343,10,EG,EGP,48.3132,1,3000.0,0.1738,3000.0,521.4,2478.6,900.0,1578.6,1.25,,0,119749.1
L0012350,INV-2024-005948,INV,,20241107,202411,80,6,772,10,AE,AED,3.6725,1,3000.0,0.1018,3000.0,305.4,2694.6,900.0,1794.6,1.25,,0,9895.92
L0011738,INV-2024-005671,INV,,20241107,202411,34,3,358,7,EG,EGP,48.3132,1,1200.0,0.169,1200.0,202.8,997.2,360.0,637.2,1.0,,0,48177.92
L0012249,INV-2024-005915,INV,,20241107,202411,61,6,743,1,AE,AED,3.6725,1,2400.0,0.0996,2400.0,239.04,2160.96,1320.0,840.96,1.0,,0,7936.13
L0012437,INV-2024-005983,INV,,20241107,202411,68,7,784,7,AE,AED,3.6725,1,1200.0,0.1794,1200.0,215.28,984.72,360.0,624.72,1.0,,0,3616.38
L0012239,INV-2024-005912,INV,,20241107,202411,59,6,771,7,AE,AED,3.6725,1,1200.0,0.1261,1200.0,151.32,1048.68,360.0,688.68,1.0,,0,3851.28
L0011971,INV-2024-005768,INV,,20241107,202411,47,5,528,1,SA,SAR,3.75,1,2400.0,0.0891,2400.0,213.84,2186.16,1320.0,866.16,1.0,,0,8198.1
L0012047,INV-2024-005810,INV,,20241108,202411,51,5,457,7,SA,SAR,3.75,3,1200.0,0.0717,3600.0,258.12,3341.88,1080.0,2261.88,1.0,,0,12532.05
L0012015,INV-2024-005790,INV,,20241108,202411,50,5,601,1,SA,SAR,3.75,1,2400.0,0.0409,2400.0,98.16,2301.84,1320.0,981.84,1.0,,0,8631.9
L0012341,INV-2024-005943,INV,,20241108,202411,64,6,768,7,AE,AED,3.6725,11,1200.0,0.124,13200.0,1636.8,11563.2,3960.0,7603.2,1.0,,0,42465.85
L0012338,INV-2024-005943,INV,,20241108,202411,64,6,768,12,AE,AED,3.6725,1,4800.0,0.096,4800.0,460.8,4339.2,2160.0,2179.2,1.25,,0,15935.71
L0030956,CN-2024-00124,CN,INV-2024-005087,20241108,202411,32,3,364,5,EG,EGP,48.3132,-3,1800.0,0.2095,-5400.0,-1131.3,-4268.7,-2160.0,-2108.7,1.0,12.0,0,-206234.56
L0011821,INV-2024-005703,INV,,20241108,202411,41,4,413,7,SA,SAR,3.75,1,1200.0,0.0279,1200.0,33.48,1166.52,360.0,806.52,1.0,,0,4374.45
L0012398,INV-2024-005966,INV,,20241108,202411,67,7,777,7,AE,AED,3.6725,1,1200.0,0.1818,1200.0,218.16,981.84,360.0,621.84,1.0,,0,3605.81
L0011390,INV-2024-005492,INV,,20241108,202411,14,1,43,14,EG,EGP,48.3132,1,9600.0,0.1518,9600.0,1457.28,8142.72,4800.0,3342.72,1.25,,0,393400.86
L0011824,INV-2024-005703,INV,,20241108,202411,41,4,413,7,SA,SAR,3.75,1,1200.0,0.0759,1200.0,91.08,1108.92,360.0,748.92,1.0,,0,4158.45
L0012017,INV-2024-005791,INV,,20241109,202411,50,5,547,7,SA,SAR,3.75,1,1200.0,0.0453,1200.0,54.36,1145.64,360.0,785.64,1.0,,0,4296.15
L0011745,INV-2024-005673,INV,,20241109,202411,35,3,369,10,EG,EGP,48.3132,1,3000.0,0.1997,3000.0,599.1,2400.9,900.0,1500.9,1.25,,0,115995.16
L0012165,INV-2024-005881,INV,,20241109,202411,55,5,668,1,SA,SAR,3.75,2,2400.0,0.0,4800.0,0.0,4800.0,2640.0,2160.0,1.0,,0,18000.0
L0011743,INV-2024-005673,INV,,20241109,202411,35,3,369,7,EG,EGP,48.3132,1,1200.0,0.1917,1200.0,230.04,969.96,360.0,609.96,1.0,,0,46861.87
L0011742,INV-2024-005673,INV,,20241109,202411,35,3,369,5,EG,EGP,48.3132,1,1800.0,0.1966,1800.0,353.88,1446.12,720.0,726.12,1.0,,0,69866.68
L0011650,INV-2024-005632,INV,,20241109,202411,31,3,352,8,EG,EGP,48.3132,2,1500.0,0.1799,3000.0,539.7,2460.3,2100.0,360.3,1.0,,0,118864.97
L0012186,INV-2024-005893,INV,,20241109,202411,56,6,727,16,AE,AED,3.6725,2,2200.0,0.1298,4400.0,571.12,3828.88,3520.0,308.88,1.0,,0,14061.56
L0011623,INV-2024-005620,INV,,20241110,202411,29,3,336,20,EG,EGP,48.3132,2,1500.0,0.2336,3000.0,700.8,2299.2,1500.0,799.2,1.0,,0,111081.71
L0011872,INV-2024-005722,INV,,20241110,202411,45,4,431,14,SA,SAR,3.75,2,9600.0,0.104,19200.0,1996.8,17203.2,9600.0,7603.2,1.25,,0,64512.0
L0011934,INV-2024-005745,INV,,20241110,202411,83,4,404,2,SA,SAR,3.75,3,14000.0,0.1166,42000.0,4897.2,37102.8,21000.0,16102.8,1.0,,0,139135.5
L0011714,INV-2024-005660,INV,,20241110,202411,34,3,359,10,EG,EGP,48.3132,1,3000.0,0.1739,3000.0,521.7,2478.3,900.0,1578.3,1.25,,0,119734.6
L0011622,INV-2024-005620,INV,,20241110,202411,29,3,336,1,EG,EGP,48.3132,1,2400.0,0.2207,2400.0,529.68,1870.32,1320.0,550.32,1.0,,0,90361.14
L0012486,INV-2024-006009,INV,,20241111,202411,71,7,778,16,AE,AED,3.6725,10,2200.0,0.1823,22000.0,4010.6,17989.4,17600.0,389.4,1.0,,0,66066.07
L0012477,INV-2024-006003,INV,,20241111,202411,71,7,778,8,AE,AED,3.6725,2,1500.0,0.1745,3000.0,523.5,2476.5,2100.0,376.5,1.0,,0,9094.95
L0012236,INV-2024-005911,INV,,20241111,202411,59,6,713,12,AE,AED,3.6725,1,4800.0,0.1607,4800.0,771.36,4028.64,2160.0,1868.64,1.25,,0,14795.18
L0012328,INV-2024-005941,INV,,20241111,202411,64,6,736,12,AE,AED,3.6725,1,4800.0,0.082,4800.0,393.6,4406.4,2160.0,2246.4,1.25,,0,16182.5
L0012168,INV-2024-005883,INV,,20241111,202411,55,5,503,7,SA,SAR,3.75,1,1200.0,0.0149,1200.0,17.88,1182.12,360.0,822.12,1.0,,0,4432.95
L0011794,INV-2024-005693,INV,,20241112,202411,39,4,377,8,SA,SAR,3.75,2,1500.0,0.1078,3000.0,323.4,2676.6,2100.0,576.6,1.0,,0,10037.25
L0012481,INV-2024-006005,INV,,20241112,202411,71,7,812,18,AE,AED,3.6725,4,800.0,0.1764,3200.0,564.48,2635.52,1760.0,875.52,1.0,,0,9678.95
L0011312,INV-2024-005467,INV,,20241113,202411,9,1,9,8,EG,EGP,48.3132,2,1500.0,0.0666,3000.0,199.8,2800.2,2100.0,700.2,1.0,,0,135286.62
L0012336,INV-2024-005942,INV,,20241113,202411,64,6,715,10,AE,AED,3.6725,1,3000.0,0.1097,3000.0,329.1,2670.9,900.0,1770.9,1.25,,0,9808.88
L0012267,INV-2024-005921,INV,,20241113,202411,61,6,767,16,AE,AED,3.6725,9,2200.0,0.0371,19800.0,734.58,19065.42,15840.0,3225.42,1.0,,0,70017.75
L0012333,INV-2024-005942,INV,,20241113,202411,64,6,715,5,AE,AED,3.6725,2,1800.0,0.1098,3600.0,395.28,3204.72,1440.0,1764.72,1.0,,0,11769.33
L0012222,INV-2024-005907,INV,,20241114,202411,58,6,724,12,AE,USD,1.0,1,4800.0,0.1066,4800.0,511.68,4288.32,2160.0,2128.32,1.25,,0,4288.32
L0012220,INV-2024-005907,INV,,20241114,202411,58,6,724,1,AE,USD,1.0,1,2400.0,0.1066,2400.0,255.84,2144.16,1320.0,824.16,1.0,,0,2144.16
L0011982,INV-2024-005775,INV,,20241114,202411,48,5,467,3,SA,SAR,3.75,1,3600.0,0.0,3600.0,0.0,3600.0,1620.0,1980.0,1.0,,0,13500.0
L0012248,INV-2024-005914,INV,,20241114,202411,59,6,749,8,AE,AED,3.6725,5,1500.0,0.1521,7500.0,1140.75,6359.25,5250.0,1109.25,1.0,,0,23354.35
L0011391,INV-2024-005493,INV,,20241115,202411,14,1,66,8,EG,EGP,48.3132,7,1500.0,0.1603,10500.0,1683.15,8816.85,7350.0,1466.85,1.0,,0,425970.24
L0012212,INV-2024-005905,INV,,20241115,202411,58,6,732,18,AE,AED,3.6725,8,800.0,0.0992,6400.0,634.88,5765.12,3520.0,2245.12,1.0,,0,21172.4
L0030928,CN-2024-00109,CN,INV-2024-004613,20241115,202411,46,5,591,15,SA,SAR,3.75,-2,1100.0,0.0875,-2200.0,-192.5,-2007.5,-1716.0,-291.5,1.0,47.0,0,-7528.12
L0012275,INV-2024-005924,INV,,20241115,202411,62,6,750,10,AE,AED,3.6725,1,3000.0,0.1005,3000.0,301.5,2698.5,900.0,1798.5,1.25,,0,9910.24
L0012132,INV-2024-005860,INV,,20241116,202411,54,5,448,3,SA,SAR,3.75,1,3600.0,0.0543,3600.0,195.48,3404.52,1620.0,1784.52,1.0,,0,12766.95
L0011638,INV-2024-005626,INV,,20241116,202411,30,3,340,1,EG,EGP,48.3132,1,2400.0,0.1837,2400.0,440.88,1959.12,1320.0,639.12,1.0,,0,94651.36
L0011689,INV-2024-005649,INV,,20241116,202411,32,3,348,3,EG,EGP,48.3132,1,3600.0,0.2307,3600.0,830.52,2769.48,1620.0,1149.48,1.0,,0,133802.44
L0011807,INV-2024-005698,INV,,20241116,202411,40,4,429,1,SA,SAR,3.75,1,2400.0,0.0941,2400.0,225.84,2174.16,1320.0,854.16,1.0,,0,8153.1
L0011592,INV-2024-005604,INV,,20241116,202411,27,2,170,1,EG,EGP,48.3132,1,2400.0,0.011,2400.0,26.4,2373.6,1320.0,1053.6,1.0,,0,114676.21
L0012440,INV-2024-005984,INV,,20241117,202411,68,7,804,16,AE,AED,3.6725,3,2200.0,0.2026,6600.0,1337.16,5262.84,5280.0,-17.16,1.0,,0,19327.78
L0011573,INV-2024-005592,INV,,20241117,202411,27,2,212,15,EG,EGP,48.3132,2,1100.0,0.0287,2200.0,63.14,2136.86,1716.0,420.86,1.0,,0,103238.54
L0012161,INV-2024-005879,INV,,20241117,202411,55,5,461,8,SA,SAR,3.75,4,1500.0,0.056,6000.0,336.0,5664.0,4200.0,1464.0,1.0,,0,21240.0
L0012579,INV-2024-006059,INV,,20241117,202411,75,8,838,7,OM,OMR,0.3845,2,1200.0,0.0704,2400.0,168.97,2231.03,720.0,1511.03,1.0,,0,857.83
L0030859,CN-2024-00075,CN,INV-2024-003351,20241117,202411,10,1,33,9,EG,EGP,48.3132,-2,6000.0,0.1146,-12000.0,-1375.2,-10624.8,-4200.0,-6424.8,1.25,112.0,0,-513318.09
L0012292,INV-2024-005929,INV,,20241118,202411,63,6,769,12,AE,AED,3.6725,1,4800.0,0.0475,4800.0,228.0,4572.0,2160.0,2412.0,1.25,,0,16790.67
L0011610,INV-2024-005615,INV,,20241118,202411,29,3,350,16,EG,EGP,48.3132,3,2200.0,0.1898,6600.0,1252.68,5347.32,5280.0,67.32,1.0,,0,258346.14
L0011515,INV-2024-005557,INV,,20241118,202411,23,2,319,7,EG,EGP,48.3132,1,1200.0,0.1179,1200.0,141.48,1058.52,360.0,698.52,1.0,,0,51140.49
L0011383,INV-2024-005490,INV,,20241119,202411,13,1,9,12,EG,EGP,48.3132,1,4800.0,0.2031,4800.0,974.88,3825.12,2160.0,1665.12,1.25,,0,184803.79
L0012542,INV-2024-006036,INV,,20241119,202411,74,8,932,1,OM,OMR,0.3845,1,2400.0,0.0677,2400.0,162.47,2237.53,1320.0,917.53,1.0,,0,860.33
L0012283,INV-2024-005927,INV,,20241119,202411,63,6,750,1,AE,AED,3.6725,1,2400.0,0.0657,2400.0,157.68,2242.32,1320.0,922.32,1.0,,0,8234.92
L0012060,INV-2024-005818,INV,,20241119,202411,51,5,670,17,SA,SAR,3.75,1,450.0,0.037,450.0,16.65,433.35,337.5,95.85,1.0,,0,1625.06
L0011975,INV-2024-005770,INV,,20241119,202411,47,5,649,3,SA,SAR,3.75,1,3600.0,0.0575,3600.0,207.0,3393.0,1620.0,1773.0,1.0,,0,12723.75
L0012281,INV-2024-005927,INV,,20241119,202411,63,6,750,9,AE,AED,3.6725,3,6000.0,0.0867,18000.0,1560.6,16439.4,6300.0,10139.4,1.25,,0,60373.7
L0012061,INV-2024-005819,INV,,20241119,202411,51,5,613,1,SA,SAR,3.75,2,2400.0,0.0249,4800.0,119.52,4680.48,2640.0,2040.48,1.0,,0,17551.8
L0011418,INV-2024-005505,INV,,20241120,202411,16,1,19,19,EG,EGP,48.3132,1,5500.0,0.0817,5500.0,449.35,5050.65,2475.0,2575.65,1.0,,0,244013.06
L0012077,INV-2024-005828,INV,,20241120,202411,52,5,594,15,SA,SAR,3.75,4,1100.0,0.0731,4400.0,321.64,4078.36,3432.0,646.36,1.0,,0,15293.85
L0012427,INV-2024-005979,INV,,20241120,202411,68,7,799,10,AE,AED,3.6725,1,3000.0,0.1921,3000.0,576.3,2423.7,900.0,1523.7,1.25,,0,8901.04
L0011494,INV-2024-005546,INV,,20241120,202411,21,2,220,1,EG,EGP,48.3132,1,2400.0,0.0247,2400.0,59.28,2340.72,1320.0,1020.72,1.0,,0,113087.67
L0030974,CN-2024-00135,CN,INV-2024-005569,20241121,202411,24,2,325,1,EG,EGP,48.3132,-1,2400.0,0.0988,-2400.0,-237.12,-2162.88,-1320.0,-842.88,1.0,14.0,0,-104495.65
L0011343,INV-2024-005476,INV,,20241121,202411,11,1,38,18,EG,EGP,48.3132,1,800.0,0.0945,800.0,75.6,724.4,440.0,284.4,1.0,,0,34998.08
L0011427,INV-2024-005508,INV,,20241121,202411,16,1,57,3,EG,EGP,48.3132,3,3600.0,0.0721,10800.0,778.68,10021.32,4860.0,5161.32,1.0,,0,484162.04
L0012464,INV-2024-005995,INV,,20241121,202411,69,7,778,11,AE,AED,3.6725,1,18000.0,0.1914,18000.0,3445.2,14554.8,7200.0,7354.8,1.25,,0,53452.5
L0011581,INV-2024-005597,INV,,20241121,202411,27,2,212,10,EG,EGP,48.3132,1,3000.0,0.0461,3000.0,138.3,2861.7,900.0,1961.7,1.25,,0,138257.88
L0011940,INV-2024-005748,INV,,20241121,202411,46,5,525,17,SA,SAR,3.75,3,450.0,0.1049,1350.0,141.62,1208.38,1012.5,195.88,1.0,,0,4531.44
L0012400,INV-2024-005967,INV,,20241121,202411,67,7,811,10,AE,AED,3.6725,5,3000.0,0.1809,15000.0,2713.5,12286.5,4500.0,7786.5,1.25,,0,45122.17
L0012155,INV-2024-005874,INV,,20241121,202411,55,5,501,1,SA,SAR,3.75,2,2400.0,0.0495,4800.0,237.6,4562.4,2640.0,1922.4,1.0,,0,17109.0
L0012277,INV-2024-005925,INV,,20241122,202411,62,6,715,14,AE,AED,3.6725,4,9600.0,0.1167,38400.0,4481.28,33918.72,19200.0,14718.72,1.25,,0,124566.5
L0012163,INV-2024-005880,INV,,20241122,202411,55,5,575,12,SA,SAR,3.75,1,4800.0,0.0282,4800.0,135.36,4664.64,2160.0,2504.64,1.25,,0,17492.4
L0030870,CN-2024-00084,CN,INV-2024-003671,20241122,202411,52,5,673,15,SA,SAR,3.75,-3,1100.0,0.0473,-3300.0,-156.09,-3143.91,-2574.0,-569.91,1.0,135.0,0,-11789.66
L0011978,INV-2024-005772,INV,,20241122,202411,47,5,531,5,SA,SAR,3.75,3,1800.0,0.1178,5400.0,636.12,4763.88,2160.0,2603.88,1.0,,0,17864.55
L0012096,INV-2024-005840,INV,,20241122,202411,52,5,608,12,SA,SAR,3.75,1,4800.0,0.0516,4800.0,247.68,4552.32,2160.0,2392.32,1.25,,0,17071.2
L0011493,INV-2024-005545,INV,,20241122,202411,21,2,90,5,EG,EGP,48.3132,2,1800.0,0.0423,3600.0,152.28,3447.72,1440.0,2007.72,1.0,,0,166570.39
L0012539,INV-2024-006035,INV,,20241122,202411,74,8,964,7,OM,OMR,0.3845,1,1200.0,0.0801,1200.0,96.12,1103.88,360.0,743.88,1.0,,0,424.44
L0012524,INV-2024-006027,INV,,20241122,202411,73,8,901,8,OM,OMR,0.3845,2,1500.0,0.0076,3000.0,22.81,2977.19,2100.0,877.19,1.0,,0,1144.73
L0011528,INV-2024-005565,INV,,20241123,202411,23,2,167,7,EG,EGP,48.3132,1,1200.0,0.0779,1200.0,93.48,1106.52,360.0,746.52,1.0,,0,53459.52
L0011900,INV-2024-005733,INV,,20241123,202411,78,4,430,17,SA,SAR,3.75,1,450.0,0.131,450.0,58.95,391.05,337.5,53.55,1.0,,0,1466.44
L0012356,INV-2024-005949,INV,,20241123,202411,80,6,708,1,AE,AED,3.6725,1,2400.0,0.0679,2400.0,162.96,2237.04,1320.0,917.04,1.0,,0,8215.53
L0011831,INV-2024-005706,INV,,20241123,202411,41,4,427,1,SA,USD,1.0,3,2400.0,0.0443,7200.0,318.96,6881.04,3960.0,2921.04,1.0,,0,6881.04
L0011442,INV-2024-005514,INV,,20241123,202411,17,1,69,12,EG,EGP,48.3132,4,4800.0,0.1082,19200.0,2077.44,17122.56,8640.0,8482.56,1.25,,0,827245.67
L0011501,INV-2024-005550,INV,,20241124,202411,23,2,202,8,EG,EGP,48.3132,1,1500.0,0.0748,1500.0,112.2,1387.8,1050.0,337.8,1.0,,0,67049.06
L0030959,CN-2024-00126,CN,INV-2024-005158,20241124,202411,42,4,418,1,SA,SAR,3.75,-30,2400.0,0.1136,-72000.0,-8179.2,-63820.8,-39600.0,-24220.8,1.0,25.0,0,-239328.0
L0012601,INV-2024-006072,INV,,20241124,202411,76,8,858,7,OM,OMR,0.3845,1,1200.0,0.0851,1200.0,102.13,1097.87,360.0,737.87,1.0,,0,422.13
L0011849,INV-2024-005713,INV,,20241124,202411,43,4,381,12,SA,SAR,3.75,1,4800.0,0.1195,4800.0,573.6,4226.4,2160.0,2066.4,1.25,,0,15849.0
L0012574,INV-2024-006056,INV,,20241125,202411,75,8,913,5,OM,OMR,0.3845,2,1800.0,0.0668,3600.0,240.47,3359.53,1440.0,1919.53,1.0,,0,1291.74
L0012278,INV-2024-005926,INV,,20241125,202411,63,6,708,9,AE,AED,3.6725,3,6000.0,0.068,18000.0,1224.0,16776.0,6300.0,10476.0,1.25,,0,61609.86
L0011590,INV-2024-005603,INV,,20241125,202411,27,2,163,17,EG,EGP,48.3132,3,450.0,0.02,1350.0,27.0,1323.0,1012.5,310.5,1.0,,0,63918.36
L0011728,INV-2024-005668,INV,,20241125,202411,34,3,355,1,EG,EGP,48.3132,1,2400.0,0.1646,2400.0,395.04,2004.96,1320.0,684.96,1.0,,0,96866.03
L0012119,INV-2024-005852,INV,,20241126,202411,53,5,481,15,SA,SAR,3.75,7,1100.0,0.095,7700.0,731.5,6968.5,6006.0,962.5,1.0,,0,26131.88
L0011440,INV-2024-005513,INV,,20241126,202411,17,1,26,5,EG,EGP,48.3132,2,1800.0,0.1091,3600.0,392.76,3207.24,1440.0,1767.24,1.0,,0,154952.03
L0011679,INV-2024-005645,INV,,20241126,202411,32,3,353,15,EG,EGP,48.3132,9,1100.0,0.2231,9900.0,2208.69,7691.31,7722.0,-30.69,1.0,,0,371591.8
L0011404,INV-2024-005499,INV,,20241126,202411,14,1,30,1,EG,EGP,48.3132,1,2400.0,0.1211,2400.0,290.64,2109.36,1320.0,789.36,1.0,,0,101909.93
L0011705,INV-2024-005655,INV,,20241126,202411,33,3,341,7,EG,EGP,48.3132,1,1200.0,0.2014,1200.0,241.68,958.32,360.0,598.32,1.0,,0,46299.51
L0012521,INV-2024-006026,INV,,20241126,202411,73,8,856,1,OM,OMR,0.3845,1,2400.0,0.0147,2400.0,35.29,2364.71,1320.0,1044.71,1.0,,0,909.23
L0011523,INV-2024-005562,INV,,20241126,202411,23,2,85,1,EG,EGP,48.3132,1,2400.0,0.0729,2400.0,174.96,2225.04,1320.0,905.04,1.0,,0,107498.8
L0011524,INV-2024-005562,INV,,20241126,202411,23,2,85,7,EG,EGP,48.3132,2,1200.0,0.11,2400.0,264.0,2136.0,720.0,1416.0,1.0,,0,103197.0
L0011765,INV-2024-005682,INV,,20241126,202411,35,3,371,3,EG,EGP,48.3132,1,3600.0,0.1533,3600.0,551.88,3048.12,1620.0,1428.12,1.0,,0,147264.43
L0012504,INV-2024-006019,INV,,20241126,202411,79,7,799,15,AE,AED,3.6725,11,1100.0,0.2016,12100.0,2439.36,9660.64,9438.0,222.64,1.0,,0,35478.7
L0012232,INV-2024-005910,INV,,20241126,202411,59,6,744,17,AE,AED,3.6725,12,450.0,0.1214,5399.98,655.56,4744.42,4050.0,694.42,1.0,,0,17423.9
L0012023,INV-2024-005793,INV,,20241126,202411,50,5,521,17,SA,SAR,3.75,2,450.0,0.0555,900.0,49.95,850.05,675.0,175.05,1.0,,0,3187.69
L0011449,INV-2024-005517,INV,,20241126,202411,18,2,308,1,EG,EGP,48.3132,1,2400.0,0.0237,2400.0,56.88,2343.12,1320.0,1023.12,1.0,,0,113203.63
L0011456,INV-2024-005521,INV,,20241126,202411,18,2,273,17,EG,EGP,48.3132,1,450.0,0.0373,450.0,16.79,433.21,337.5,95.71,1.0,,0,20930.0
L0011897,INV-2024-005731,INV,,20241126,202411,78,4,419,5,SA,SAR,3.75,4,1800.0,0.1002,7200.0,721.44,6478.56,2880.0,3598.56,1.0,,0,24294.6
L0011635,INV-2024-005624,INV,,20241127,202411,29,3,371,7,EG,EGP,48.3132,1,1200.0,0.2421,1200.0,290.52,909.48,360.0,549.48,1.0,,0,43939.89
L0011734,INV-2024-005670,INV,,20241127,202411,34,3,337,8,EG,EGP,48.3132,3,1500.0,0.2087,4500.0,939.15,3560.85,3150.0,410.85,1.0,,0,172036.06
L0011445,INV-2024-005515,INV,,20241127,202411,18,2,241,15,EG,EGP,48.3132,1,1100.0,0.0397,1100.0,43.67,1056.33,858.0,198.33,1.0,,0,51034.68
L0011471,INV-2024-005531,INV,,20241127,202411,19,2,266,7,EG,EGP,48.3132,1,1200.0,0.0601,1200.0,72.12,1127.88,360.0,767.88,1.0,,0,54491.49
L0011952,INV-2024-005756,INV,,20241127,202411,46,5,693,7,SA,SAR,3.75,2,1200.0,0.0608,2400.0,145.92,2254.08,720.0,1534.08,1.0,,0,8452.8
L0011770,INV-2024-005683,INV,,20241127,202411,36,4,392,18,SA,SAR,3.75,1,800.0,0.0763,800.0,61.04,738.96,440.0,298.96,1.0,,0,2771.1
L0011908,INV-2024-005736,INV,,20241127,202411,83,4,408,10,SA,SAR,3.75,1,3000.0,0.1191,3000.0,357.3,2642.7,900.0,1742.7,1.25,,0,9910.12
L0011620,INV-2024-005619,INV,,20241127,202411,29,3,349,16,EG,EGP,48.3132,8,2200.0,0.231,17600.0,4065.6,13534.4,14080.0,-545.6,1.0,,0,653890.17
L0011537,INV-2024-005570,INV,,20241127,202411,24,2,327,1,EG,EGP,48.3132,1,2400.0,0.1062,2400.0,254.88,2145.12,1320.0,825.12,1.0,,0,103637.61
L0011624,INV-2024-005621,INV,,20241127,202411,29,3,362,15,EG,EGP,48.3132,4,1100.0,0.1989,4400.0,875.16,3524.84,3432.0,92.84,1.0,,0,170296.3
L0012482,INV-2024-006006,INV,,20241127,202411,71,7,810,17,AE,AED,3.6725,6,450.0,0.182,2699.99,491.4,2208.59,2025.0,183.59,1.0,,0,8111.06
L0012072,INV-2024-005826,INV,,20241127,202411,52,5,636,1,SA,SAR,3.75,1,2400.0,0.0454,2400.0,108.96,2291.04,1320.0,971.04,1.0,,0,8591.4
L0011918,INV-2024-005739,INV,,20241127,202411,83,4,382,9,SA,SAR,3.75,2,6000.0,0.0815,12000.0,978.0,11022.0,4200.0,6822.0,1.25,,0,41332.5
L0011910,INV-2024-005736,INV,,20241127,202411,83,4,408,9,SA,SAR,3.75,1,6000.0,0.1093,6000.0,655.8,5344.2,2100.0,3244.2,1.25,,0,20040.75
L0011913,INV-2024-005737,INV,,20241127,202411,83,4,383,20,SA,SAR,3.75,1,1500.0,0.0902,1500.0,135.3,1364.7,750.0,614.7,1.0,,0,5117.62
L0011491,INV-2024-005543,INV,,20241127,202411,21,2,154,5,EG,EGP,48.3132,1,1800.0,0.0409,1800.0,73.62,1726.38,720.0,1006.38,1.0,,0,83406.94
L0012254,INV-2024-005916,INV,,20241127,202411,61,6,710,10,AE,USD,1.0,1,3000.0,0.0428,3000.0,128.4,2871.6,900.0,1971.6,1.25,,0,2871.6
L0012345,INV-2024-005945,INV,,20241127,202411,64,6,768,12,AE,AED,3.6725,1,4800.0,0.1019,4800.0,489.12,4310.88,2160.0,2150.88,1.25,,0,15831.71
L0011798,INV-2024-005695,INV,,20241127,202411,39,4,388,12,SA,SAR,3.75,1,4800.0,0.1156,4800.0,554.88,4245.12,2160.0,2085.12,1.25,,0,15919.2
L0011727,INV-2024-005667,INV,,20241128,202411,34,3,357,9,EG,EGP,48.3132,1,6000.0,0.1906,6000.0,1143.6,4856.4,2100.0,2756.4,1.25,,1,234628.22
L0012321,INV-2024-005938,INV,,20241128,202411,64,6,725,12,AE,AED,3.6725,1,4800.0,0.1107,4800.0,531.36,4268.64,2160.0,2108.64,1.25,,1,15676.58
L0012204,INV-2024-005900,INV,,20241128,202411,57,6,720,12,AE,AED,3.6725,3,4800.0,0.1166,14400.0,1679.04,12720.96,6480.0,6240.96,1.25,,1,46717.73
L0012143,INV-2024-005866,INV,,20241128,202411,54,5,563,12,SA,SAR,3.75,1,4800.0,0.0757,4800.0,363.36,4436.64,2160.0,2276.64,1.25,,1,16637.4
L0012382,INV-2024-005961,INV,,20241128,202411,66,7,807,10,AE,AED,3.6725,1,3000.0,0.1661,3000.0,498.3,2501.7,900.0,1601.7,1.25,,1,9187.49
L0011782,INV-2024-005686,INV,,20241128,202411,37,4,415,7,SA,SAR,3.75,1,1200.0,0.1433,1200.0,171.96,1028.04,360.0,668.04,1.0,,1,3855.15
L0012318,INV-2024-005938,INV,,20241128,202411,64,6,725,9,AE,AED,3.6725,2,6000.0,0.1075,12000.0,1290.0,10710.0,4200.0,6510.0,1.25,,1,39332.48
L0012141,INV-2024-005865,INV,,20241128,202411,54,5,572,1,SA,SAR,3.75,2,2400.0,0.1133,4800.0,543.84,4256.16,2640.0,1616.16,1.0,,1,15960.6
L0012229,INV-2024-005909,INV,,20241128,202411,59,6,724,19,AE,AED,3.6725,1,5500.0,0.1358,5500.0,746.9,4753.1,2475.0,2278.1,1.0,,1,17455.76
L0011437,INV-2024-005512,INV,,20241128,202411,16,1,39,8,EG,EGP,48.3132,3,1500.0,0.1211,4500.0,544.95,3955.05,3150.0,805.05,1.0,,1,191081.12
L0012384,INV-2024-005961,INV,,20241128,202411,66,7,807,8,AE,AED,3.6725,1,1500.0,0.1893,1500.0,283.95,1216.05,1050.0,166.05,1.0,,1,4465.94
L0011604,INV-2024-005612,INV,,20241128,202411,28,2,271,7,EG,EGP,48.3132,1,1200.0,0.0542,1200.0,65.04,1134.96,360.0,774.96,1.0,,1,54833.55
L0012561,INV-2024-006048,INV,,20241128,202411,75,8,860,1,OM,OMR,0.3845,1,2400.0,0.0802,2400.0,192.48,2207.52,1320.0,887.52,1.0,,1,848.79
L0011486,INV-2024-005539,INV,,20241128,202411,21,2,128,1,EG,EGP,48.3132,1,2400.0,0.0314,2400.0,75.36,2324.64,1320.0,1004.64,1.0,,1,112310.8
L0012405,INV-2024-005969,INV,,20241128,202411,67,7,805,5,AE,AED,3.6725,1,1800.0,0.1887,1800.0,339.66,1460.34,720.0,740.34,1.0,,1,5363.1
L0011364,INV-2024-005483,INV,,20241129,202411,12,1,9,10,EG,EGP,48.3132,3,3000.0,0.0938,9000.0,844.2,8155.8,2700.0,5455.8,1.25,,1,394032.8
L0012455,INV-2024-005991,INV,,20241129,202411,69,7,786,16,AE,AED,3.6725,1,2200.0,0.2079,2200.0,457.38,1742.62,1760.0,-17.38,1.0,,1,6399.77
L0011414,INV-2024-005503,INV,,20241129,202411,15,1,2,12,EG,EGP,48.3132,1,4800.0,0.1356,4800.0,650.88,4149.12,2160.0,1989.12,1.25,,1,200457.26
L0012456,INV-2024-005991,INV,,20241129,202411,69,7,786,16,AE,AED,3.6725,2,2200.0,0.239,4400.0,1051.6,3348.4,3520.0,-171.6,1.0,,1,12297.0
L0011772,INV-2024-005684,INV,,20241129,202411,36,4,444,10,SA,SAR,3.75,1,3000.0,0.1159,3000.0,347.7,2652.3,900.0,1752.3,1.25,,1,9946.12
L0012447,INV-2024-005988,INV,,20241129,202411,69,7,786,15,AE,AED,3.6725,2,1100.0,0.1875,2200.0,412.5,1787.5,1716.0,71.5,1.0,,1,6564.59
L0011661,INV-2024-005639,INV,,20241129,202411,31,3,359,17,EG,EGP,48.3132,3,450.0,0.1649,1350.0,222.61,1127.39,1012.5,114.89,1.0,,1,54467.58
L0012106,INV-2024-005846,INV,,20241129,202411,53,5,522,1,SA,SAR,3.75,1,2400.0,0.1162,2400.0,278.88,2121.12,1320.0,801.12,1.0,,1,7954.2
L0011516,INV-2024-005558,INV,,20241129,202411,23,2,164,15,EG,EGP,48.3132,3,1100.0,0.1171,3300.0,386.43,2913.57,2574.0,339.57,1.0,,1,140763.89
L0012201,INV-2024-005899,INV,,20241129,202411,57,6,753,13,AE,AED,3.6725,1,12000.0,0.1436,12000.0,1723.2,10276.8,5040.0,5236.8,1.25,,1,37741.55
L0012107,INV-2024-005846,INV,,20241129,202411,53,5,522,10,SA,SAR,3.75,1,3000.0,0.1381,3000.0,414.3,2585.7,900.0,1685.7,1.25,,1,9696.38
L0011317,INV-2024-005469,INV,,20241130,202411,9,1,8,12,EG,EGP,48.3132,1,4800.0,0.1184,4800.0,568.32,4231.68,2160.0,2071.68,1.25,,1,204446.0
L0011974,INV-2024-005769,INV,,20241130,202411,47,5,590,7,SA,SAR,3.75,1,1200.0,0.0933,1200.0,111.96,1088.04,360.0,728.04,1.0,,1,4080.15
L0011318,INV-2024-005469,INV,,20241130,202411,9,1,8,10,EG,EGP,48.3132,1,3000.0,0.1198,3000.0,359.4,2640.6,900.0,1740.6,1.25,,1,127575.84
L0011994,INV-2024-005780,INV,,20241130,202411,48,5,557,5,SA,SAR,3.75,3,1800.0,0.0095,5400.0,51.3,5348.7,2160.0,3188.7,1.0,,1,20057.62
L0011488,INV-2024-005541,INV,,20241130,202411,21,2,276,1,EG,EGP,48.3132,1,2400.0,0.1176,2400.0,282.24,2117.76,1320.0,797.76,1.0,,1,102315.76
L0011827,INV-2024-005704,INV,,20241130,202411,41,4,400,16,SA,USD,1.0,3,2200.0,0.1043,6600.0,688.38,5911.62,5280.0,631.62,1.0,,1,5911.62
L0011686,INV-2024-005648,INV,,20241130,202411,32,3,370,8,EG,EGP,48.3132,1,1500.0,0.2041,1500.0,306.15,1193.85,1050.0,143.85,1.0,,1,57678.71
L0011502,INV-2024-005551,INV,,20241130,202411,23,2,99,17,EG,EGP,48.3132,1,450.0,0.1254,450.0,56.43,393.57,337.5,56.07,1.0,,1,19014.63
L0012104,INV-2024-005844,INV,,20241130,202411,53,5,666,10,SA,SAR,3.75,2,3000.0,0.1145,6000.0,687.0,5313.0,1800.0,3513.0,1.25,,1,19923.75
L0011503,INV-2024-005551,INV,,20241130,202411,23,2,99,1,EG,EGP,48.3132,1,2400.0,0.1086,2400.0,260.64,2139.36,1320.0,819.36,1.0,,1,103359.33
L0011367,INV-2024-005484,INV,,20241130,202411,12,1,61,12,EG,EGP,48.3132,1,4800.0,0.103,4800.0,494.4,4305.6,2160.0,2145.6,1.25,,1,208017.31
L0011434,INV-2024-005511,INV,,20241130,202411,16,1,58,8,EG,EGP,48.3132,1,1500.0,0.0889,1500.0,133.35,1366.65,1050.0,316.65,1.0,,1,66027.23
L0012050,INV-2024-005813,INV,,20241130,202411,51,5,593,9,SA,SAR,3.75,1,6000.0,0.0999,6000.0,599.4,5400.6,2100.0,3300.6,1.25,,1,20252.25
L0011436,INV-2024-005511,INV,,20241130,202411,16,1,58,7,EG,EGP,48.3132,1,1200.0,0.0924,1200.0,110.88,1089.12,360.0,729.12,1.0,,1,52618.87
L0011366,INV-2024-005484,INV,,20241130,202411,12,1,61,3,EG,EGP,48.3132,3,3600.0,0.1281,10800.0,1383.48,9416.52,4860.0,4556.52,1.0,,1,454942.21
L0011887,INV-2024-005728,INV,,20241130,202411,45,4,418,1,SA,SAR,3.75,4,2400.0,0.1444,9600.0,1386.24,8213.76,5280.0,2933.76,1.0,,1,30801.6
L0012010,INV-2024-005787,INV,,20241130,202411,48,5,591,1,SA,SAR,3.75,1,2400.0,0.0347,2400.0,83.28,2316.72,1320.0,996.72,1.0,,1,8687.7
L0011888,INV-2024-005728,INV,,20241130,202411,45,4,418,12,SA,SAR,3.75,2,4800.0,0.1025,9600.0,984.0,8616.0,4320.0,4296.0,1.25,,1,32310.0
L0011568,INV-2024-005588,INV,,20241130,202411,26,2,180,1,EG,EGP,48.3132,1,2400.0,0.1521,2400.0,365.04,2034.96,1320.0,714.96,1.0,,1,98315.43
L0012496,INV-2024-006014,INV,,20241130,202411,79,7,806,5,AE,AED,3.6725,5,1800.0,0.2056,9000.0,1850.4,7149.6,3600.0,3549.6,1.0,,1,26256.91
L0012607,INV-2024-006076,INV,,20241130,202411,82,8,898,1,OM,OMR,0.3845,2,2400.0,0.0499,4800.0,239.53,4560.47,2640.0,1920.47,1.0,,1,1753.5
L0013709,INV-2024-006617,INV,,20241201,202412,58,6,762,14,AE,AED,3.6725,1,9600.0,0.1135,9600.0,1089.6,8510.4,4800.0,3710.4,1.25,,0,31254.44
L0013647,INV-2024-006591,INV,,20241201,202412,84,5,469,1,SA,SAR,3.75,2,2400.0,0.0755,4800.0,362.4,4437.6,2640.0,1797.6,1.0,,0,16641.0
L0030922,CN-2024-00107,CN,INV-2024-004544,20241201,202412,34,3,360,10,EG,EGP,47.7639,-1,3000.0,0.1763,-3000.0,-528.9,-2471.1,-900.0,-1571.1,1.25,62.0,0,-118029.37
L0014001,INV-2024-006739,INV,,20241201,202412,79,7,797,7,AE,AED,3.6725,7,1200.0,0.1539,8400.0,1292.76,7107.24,2520.0,4587.24,1.0,,0,26101.34
L0013075,INV-2024-006308,INV,,20241201,202412,29,3,331,1,EG,EGP,47.7639,1,2400.0,0.2179,2400.0,522.96,1877.04,1320.0,557.04,1.0,,0,89654.75
L0012729,INV-2024-006117,INV,,20241201,202412,16,1,68,7,EG,EGP,47.7639,3,1200.0,0.1069,3600.0,384.84,3215.16,1080.0,2135.16,1.0,,0,153568.58
L0012936,INV-2024-006225,INV,,20241201,202412,25,2,283,1,EG,EGP,47.7639,1,2400.0,0.055,2400.0,132.0,2268.0,1320.0,948.0,1.0,,0,108328.53
L0013193,INV-2024-006364,INV,,20241201,202412,34,3,364,7,EG,EGP,47.7639,1,1200.0,0.1801,1200.0,216.12,983.88,360.0,623.88,1.0,,0,46993.95
L0013282,INV-2024-006399,INV,,20241201,202412,41,4,411,6,SA,SAR,3.75,1,7500.0,0.0369,7500.0,276.75,7223.25,2850.0,4373.25,1.0,,0,27087.19
L0013374,INV-2024-006430,INV,,20241202,202412,83,4,416,12,SA,SAR,3.75,1,4800.0,0.1255,4800.0,602.4,4197.6,2160.0,2037.6,1.25,,0,15741.0
L0013289,INV-2024-006401,INV,,20241202,202412,41,4,407,12,SA,SAR,3.75,1,4800.0,0.0466,4800.0,223.68,4576.32,2160.0,2416.32,1.25,,0,17161.2
L0013762,INV-2024-006636,INV,,20241203,202412,61,6,762,14,AE,AED,3.6725,1,9600.0,0.0804,9600.0,771.84,8828.16,4800.0,4028.16,1.25,,0,32421.42
L0014045,INV-2024-006757,INV,,20241203,202412,73,8,827,1,OM,OMR,0.3845,1,2400.0,0.0307,2400.0,73.68,2326.32,1320.0,1006.32,1.0,,0,894.47
L0014018,INV-2024-006746,INV,,20241203,202412,79,7,787,8,AE,AED,3.6725,3,1500.0,0.201,4500.0,904.5,3595.5,3150.0,445.5,1.0,,0,13204.47
L0012787,INV-2024-006141,INV,,20241204,202412,17,1,1,1,EG,EGP,47.7639,1,2400.0,0.095,2400.0,228.0,2172.0,1320.0,852.0,1.0,,0,103743.19
L0013461,INV-2024-006483,INV,,20241204,202412,50,5,687,18,SA,SAR,3.75,1,800.0,0.0462,800.0,36.96,763.04,440.0,323.04,1.0,,0,2861.4
L0013437,INV-2024-006469,INV,,20241204,202412,48,5,544,7,SA,SAR,3.75,1,1200.0,0.0029,1200.0,3.48,1196.52,360.0,836.52,1.0,,0,4486.95
L0012888,INV-2024-006192,INV,,20241204,202412,21,2,206,15,EG,EGP,47.7639,2,1100.0,0.0434,2200.0,95.48,2104.52,1716.0,388.52,1.0,,0,100520.08
L0030948,CN-2024-00118,CN,INV-2024-004891,20241204,202412,82,8,893,5,OM,OMR,0.3845,-2,1800.0,0.0305,-3600.0,-109.8,-3490.2,-1440.0,-2050.2,1.0,94.0,0,-1341.98
L0013156,INV-2024-006349,INV,,20241204,202412,33,3,336,17,EG,EGP,47.7639,4,450.0,0.16,1800.0,288.0,1512.0,1350.0,162.0,1.0,,0,72219.03
L0012641,INV-2024-006090,INV,,20241205,202412,10,1,55,10,EG,EGP,47.7639,1,3000.0,0.1527,3000.0,458.1,2541.9,900.0,1641.9,1.25,,0,121411.06
L0014121,INV-2024-006801,INV,,20241205,202412,76,8,952,5,OM,OMR,0.3845,2,1800.0,0.0917,3600.0,330.12,3269.88,1440.0,1829.88,1.0,,0,1257.27
L0013799,INV-2024-006649,INV,,20241205,202412,62,6,756,18,AE,AED,3.6725,7,800.0,0.0984,5600.0,551.04,5048.96,3080.0,1968.96,1.0,,0,18542.31
L0013844,INV-2024-006664,INV,,20241205,202412,80,6,713,1,AE,AED,3.6725,7,2400.0,0.0624,16800.0,1048.32,15751.68,9240.0,6511.68,1.0,,0,57848.04
L0030990,CN-2024-00142,CN,INV-2024-005676,20241205,202412,35,3,352,15,EG,EGP,47.7639,-1,1100.0,0.2113,-1100.0,-232.43,-867.57,-858.0,-9.57,1.0,16.0,0,-41438.53
L0012986,INV-2024-006256,INV,,20241205,202412,26,2,153,16,EG,EGP,47.7639,1,2200.0,0.0999,2200.0,219.78,1980.22,1760.0,220.22,1.0,,0,94583.03
L0012870,INV-2024-006181,INV,,20241205,202412,19,2,286,17,EG,EGP,47.7639,1,450.0,0.0403,450.0,18.13,431.87,337.5,94.37,1.0,,0,20627.56
L0013788,INV-2024-006645,INV,,20241207,202412,62,6,745,4,AE,AED,3.6725,3,9000.0,0.1028,27000.0,2775.6,24224.4,14850.0,9374.4,1.0,,0,88964.11
L0012619,INV-2024-006082,INV,,20241207,202412,10,1,24,7,EG,EGP,47.7639,1,1200.0,0.1344,1200.0,161.28,1038.72,360.0,678.72,1.0,,0,49613.32
L0013144,INV-2024-006344,INV,,20241207,202412,33,3,360,1,EG,EGP,47.7639,1,2400.0,0.162,2400.0,388.8,2011.2,1320.0,691.2,1.0,,0,96062.76
L0013807,INV-2024-006652,INV,,20241207,202412,63,6,772,8,AE,AED,3.6725,3,1500.0,0.0748,4500.0,336.6,4163.4,3150.0,1013.4,1.0,,0,15290.09
L0014051,INV-2024-006760,INV,,20241207,202412,73,8,866,1,OM,OMR,0.3845,2,2400.0,0.0033,4800.0,15.84,4784.16,2640.0,2144.16,1.0,,0,1839.51
L0013806,INV-2024-006652,INV,,20241207,202412,63,6,772,3,AE,AED,3.6725,3,3600.0,0.1116,10800.0,1205.28,9594.72,4860.0,4734.72,1.0,,0,35236.61
L0013108,INV-2024-006325,INV,,20241208,202412,31,3,335,5,EG,EGP,47.7639,1,1800.0,0.2163,1800.0,389.34,1410.66,720.0,690.66,1.0,,0,67378.62
L0013626,INV-2024-006580,INV,,20241208,202412,55,5,584,5,SA,SAR,3.75,2,1800.0,0.0244,3600.0,87.84,3512.16,1440.0,2072.16,1.0,,0,13170.6
L0013020,INV-2024-006273,INV,,20241208,202412,27,2,239,1,EG,EGP,47.7639,1,2400.0,0.015,2400.0,36.0,2364.0,1320.0,1044.0,1.0,,0,112913.86
L0014024,INV-2024-006748,INV,,20241208,202412,79,7,777,15,AE,AED,3.6725,4,1100.0,0.1885,4400.0,829.4,3570.6,3432.0,138.6,1.0,,0,13113.03
L0012634,INV-2024-006088,INV,,20241208,202412,10,1,56,1,EG,EGP,47.7639,1,2400.0,0.1004,2400.0,240.96,2159.04,1320.0,839.04,1.0,,0,103124.17
L0012636,INV-2024-006088,INV,,20241208,202412,10,1,56,8,EG,EGP,47.7639,2,1500.0,0.1629,3000.0,488.7,2511.3,2100.0,411.3,1.0,,0,119949.48
L0014039,INV-2024-006754,INV,,20241208,202412,81,7,816,17,AE,AED,3.6725,23,450.0,0.1537,10349.97,1590.79,8759.18,7762.5,996.68,1.0,,0,32168.08
L0013952,INV-2024-006714,INV,,20241208,202412,69,7,778,10,AE,AED,3.6725,1,3000.0,0.2063,3000.0,618.9,2381.1,900.0,1481.1,1.25,,0,8744.59
L0012990,INV-2024-006258,INV,,20241208,202412,26,2,250,10,EG,EGP,47.7639,1,3000.0,0.1089,3000.0,326.7,2673.3,900.0,1773.3,1.25,,0,127687.23
L0014023,INV-2024-006748,INV,,20241208,202412,79,7,777,10,AE,AED,3.6725,2,3000.0,0.1736,6000.0,1041.6,4958.4,1800.0,3158.4,1.25,,0,18209.72
L0012891,INV-2024-006194,INV,,20241209,202412,21,2,318,16,EG,EGP,47.7639,1,2200.0,0.0259,2200.0,56.98,2143.02,1760.0,383.02,1.0,,0,102358.99
L0012794,INV-2024-006142,INV,,20241209,202412,17,1,66,1,EG,EGP,47.7639,1,2400.0,0.0846,2400.0,203.04,2196.96,1320.0,876.96,1.0,,0,104935.38
L0013697,INV-2024-006612,INV,,20241209,202412,57,6,743,1,AE,AED,3.6725,10,2400.0,0.1302,24000.0,3124.8,20875.2,13200.0,7675.2,1.0,,0,76664.17
L0013515,INV-2024-006515,INV,,20241209,202412,52,5,470,10,SA,SAR,3.75,1,3000.0,0.0483,3000.0,144.9,2855.1,900.0,1955.1,1.25,,0,10706.62
L0012792,INV-2024-006142,INV,,20241209,202412,17,1,66,18,EG,EGP,47.7639,1,800.0,0.0965,800.0,77.2,722.8,440.0,282.8,1.0,,0,34523.75
L0013398,INV-2024-006443,INV,,20241209,202412,47,5,547,10,SA,SAR,3.75,1,3000.0,0.1019,3000.0,305.7,2694.3,900.0,1794.3,1.25,,0,10103.62
L0013411,INV-2024-006451,INV,,20241209,202412,47,5,556,1,SA,SAR,3.75,1,2400.0,0.0985,2400.0,236.4,2163.6,1320.0,843.6,1.0,,0,8113.5
L0013306,INV-2024-006408,INV,,20241209,202412,42,4,437,11,SA,SAR,3.75,1,18000.0,0.1162,18000.0,2091.6,15908.4,7200.0,8708.4,1.25,,0,59656.5
L0013148,INV-2024-006347,INV,,20241209,202412,33,3,371,5,EG,EGP,47.7639,2,1800.0,0.1956,3600.0,704.16,2895.84,1440.0,1455.84,1.0,,0,138316.61
L0012860,INV-2024-006177,INV,,20241209,202412,19,2,304,17,EG,EGP,47.7639,1,450.0,0.0137,450.0,6.16,443.84,337.5,106.34,1.0,,0,21199.3
L0012793,INV-2024-006142,INV,,20241209,202412,17,1,66,12,EG,EGP,47.7639,1,4800.0,0.0654,4800.0,313.92,4486.08,2160.0,2326.08,1.25,,0,214272.68
L0012629,INV-2024-006086,INV,,20241210,202412,10,1,17,12,EG,EGP,47.7639,1,4800.0,0.1184,4800.0,568.32,4231.68,2160.0,2071.68,1.25,,0,202121.54
L0012833,INV-2024-006161,INV,,20241210,202412,18,2,267,7,EG,EGP,47.7639,1,1200.0,0.0247,1200.0,29.64,1170.36,360.0,810.36,1.0,,0,55900.96
L0013455,INV-2024-006480,INV,,20241210,202412,50,5,612,20,SA,SAR,3.75,3,1500.0,0.0822,4500.0,369.9,4130.1,2250.0,1880.1,1.0,,0,15487.88
L0012630,INV-2024-006086,INV,,20241210,202412,10,1,17,12,EG,EGP,47.7639,1,4800.0,0.1602,4800.0,768.96,4031.04,2160.0,1871.04,1.25,,0,192538.19
L0013574,INV-2024-006548,INV,,20241210,202412,53,5,470,10,SA,SAR,3.75,1,3000.0,0.1135,3000.0,340.5,2659.5,900.0,1759.5,1.25,,0,9973.12
L0014044,INV-2024-006756,INV,,20241210,202412,73,8,955,17,OM,OMR,0.3845,4,449.99,0.0401,1799.95,72.17,1727.78,1350.0,377.78,1.0,,0,664.33
L0012878,INV-2024-006187,INV,,20241211,202412,19,2,326,10,EG,EGP,47.7639,1,3000.0,0.0556,3000.0,166.8,2833.2,900.0,1933.2,1.25,,0,135324.68
L0013681,INV-2024-006606,INV,,20241211,202412,57,6,765,1,AE,AED,3.6725,1,2400.0,0.1237,2400.0,296.88,2103.12,1320.0,783.12,1.0,,0,7723.71
L0012883,INV-2024-006189,INV,,20241211,202412,19,2,100,1,EG,EGP,47.7639,1,2400.0,0.0527,2400.0,126.48,2273.52,1320.0,953.52,1.0,,0,108592.18
L0013890,INV-2024-006684,INV,,20241211,202412,66,7,815,17,AE,AED,3.6725,19,450.0,0.1408,8549.97,1203.83,7346.14,6412.5,933.64,1.0,,0,26978.69
L0014048,INV-2024-006758,INV,,20241211,202412,73,8,926,1,OM,OMR,0.3845,1,2400.0,0.0457,2400.0,109.67,2290.33,1320.0,970.33,1.0,,0,880.63
L0013537,INV-2024-006528,INV,,20241211,202412,52,5,705,3,SA,SAR,3.75,1,3600.0,0.0497,3600.0,178.92,3421.08,1620.0,1801.08,1.0,,0,12829.05
L0013384,INV-2024-006434,INV,,20241212,202412,46,5,606,17,SA,SAR,3.75,1,450.0,0.0628,450.0,28.26,421.74,337.5,84.24,1.0,,0,1581.52
L0013620,INV-2024-006577,INV,,20241212,202412,55,5,510,7,SA,SAR,3.75,1,1200.0,0.0,1200.0,0.0,1200.0,360.0,840.0,1.0,,0,4500.0
L0013531,INV-2024-006524,INV,,20241212,202412,52,5,598,1,SA,SAR,3.75,1,2400.0,0.0652,2400.0,156.48,2243.52,1320.0,923.52,1.0,,0,8413.2
L0013808,INV-2024-006653,INV,,20241212,202412,63,6,741,12,AE,AED,3.6725,1,4800.0,0.0747,4800.0,358.56,4441.44,2160.0,2281.44,1.25,,0,16311.19
L0013319,INV-2024-006411,INV,,20241212,202412,42,4,429,19,SA,SAR,3.75,1,5500.0,0.1005,5500.0,552.75,4947.25,2475.0,2472.25,1.0,,0,18552.19
L0013921,INV-2024-006699,INV,,20241212,202412,67,7,792,8,AE,AED,3.6725,5,1500.0,0.1888,7500.0,1416.0,6084.0,5250.0,834.0,1.0,,0,22343.49
L0013133,INV-2024-006338,INV,,20241212,202412,33,3,341,7,EG,EGP,47.7639,1,1200.0,0.1578,1200.0,189.36,1010.64,360.0,650.64,1.0,,0,48272.11
L0013207,INV-2024-006372,INV,,20241212,202412,35,3,340,7,EG,EGP,47.7639,1,1200.0,0.1676,1200.0,201.12,998.88,360.0,638.88,1.0,,0,47710.4
L0013665,INV-2024-006598,INV,,20241213,202412,56,6,773,5,AE,AED,3.6725,2,1800.0,0.1848,3600.0,665.28,2934.72,1440.0,1494.72,1.0,,0,10777.76
L0012810,INV-2024-006148,INV,,20241213,202412,18,2,168,18,EG,EGP,47.7639,1,800.0,0.018,800.0,14.4,785.6,440.0,345.6,1.0,,0,37523.32
L0013052,INV-2024-006296,INV,,20241213,202412,85,2,109,1,EG,EGP,47.7639,1,2400.0,0.0399,2400.0,95.76,2304.24,1320.0,984.24,1.0,,0,110059.49
L0013240,INV-2024-006384,INV,,20241213,202412,37,4,413,3,SA,SAR,3.75,1,3600.0,0.1161,3600.0,417.96,3182.04,1620.0,1562.04,1.0,,0,11932.65
L0012819,INV-2024-006154,INV,,20241213,202412,18,2,291,10,EG,EGP,47.7639,1,3000.0,0.0,3000.0,0.0,3000.0,900.0,2100.0,1.25,,0,143291.7
L0013053,INV-2024-006296,INV,,20241213,202412,85,2,109,1,EG,EGP,47.7639,1,2400.0,0.0697,2400.0,167.28,2232.72,1320.0,912.72,1.0,,0,106643.41
L0014123,INV-2024-006802,INV,,20241214,202412,76,8,940,1,OM,OMR,0.3845,1,2400.0,0.0627,2400.0,150.48,2249.52,1320.0,929.52,1.0,,0,864.94
L0013078,INV-2024-006310,INV,,20241214,202412,29,3,355,7,EG,EGP,47.7639,2,1200.0,0.2109,2400.0,506.16,1893.84,720.0,1173.84,1.0,,0,90457.18
L0012722,INV-2024-006115,INV,,20241214,202412,15,1,60,7,EG,EGP,47.7639,1,1200.0,0.1104,1200.0,132.48,1067.52,360.0,707.52,1.0,,0,50988.92
L0013962,INV-2024-006718,INV,,20241214,202412,69,7,808,7,AE,AED,3.6725,2,1200.0,0.1868,2400.0,448.32,1951.68,720.0,1231.68,1.0,,0,7167.54
L0013079,INV-2024-006310,INV,,20241214,202412,29,3,355,17,EG,EGP,47.7639,1,450.0,0.2618,450.0,117.81,332.19,337.5,-5.31,1.0,,0,15866.69
L0014118,INV-2024-006799,INV,,20241214,202412,76,8,827,7,OM,OMR,0.3845,1,1200.0,0.1117,1200.0,134.04,1065.96,360.0,705.96,1.0,,0,409.86
L0013796,INV-2024-006648,INV,,20241214,202412,62,6,716,12,AE,AED,3.6725,2,4800.0,0.1162,9600.0,1115.52,8484.48,4320.0,4164.48,1.25,,0,31159.25
L0013216,INV-2024-006377,INV,,20241214,202412,36,4,398,14,SA,SAR,3.75,1,9600.0,0.0882,9600.0,846.72,8753.28,4800.0,3953.28,1.25,,0,32824.8
L0013187,INV-2024-006362,INV,,20241215,202412,34,3,335,17,EG,EGP,47.7639,1,450.0,0.1739,450.0,78.25,371.75,337.5,34.25,1.0,,0,17756.0
L0012750,INV-2024-006127,INV,,20241215,202412,17,1,21,12,EG,EGP,47.7639,1,4800.0,0.0842,4800.0,404.16,4395.84,2160.0,2235.84,1.25,,0,209962.46
L0012928,INV-2024-006219,INV,,20241215,202412,24,2,130,17,EG,EGP,47.7639,6,450.0,0.1219,2700.0,329.13,2370.87,2025.0,345.87,1.0,,0,113242.02
L0013068,INV-2024-006305,INV,,20241215,202412,29,3,332,15,EG,EGP,47.7639,5,1100.0,0.2145,5500.0,1179.75,4320.25,4290.0,30.25,1.0,,0,206351.99
L0012978,INV-2024-006251,INV,,20241215,202412,26,2,245,10,EG,EGP,47.7639,1,3000.0,0.1236,3000.0,370.8,2629.2,900.0,1729.2,1.25,,0,125580.85
L0013630,INV-2024-006583,INV,,20241215,202412,84,5,501,16,SA,SAR,3.75,1,2200.0,0.0771,2200.0,169.62,2030.38,1760.0,270.38,1.0,,0,7613.92
L0013339,INV-2024-006419,INV,,20241216,202412,45,4,445,7,SA,SAR,3.75,3,1200.0,0.1127,3600.0,405.72,3194.28,1080.0,2114.28,1.0,,0,11978.55
L0012948,INV-2024-006231,INV,,20241216,202412,25,2,255,7,EG,EGP,47.7639,1,1200.0,0.0344,1200.0,41.28,1158.72,360.0,798.72,1.0,,0,55344.99
L0013929,INV-2024-006704,INV,,20241216,202412,67,7,788,15,AE,AED,3.6725,3,1100.0,0.1853,3300.0,611.49,2688.51,2574.0,114.51,1.0,,0,9873.55
L0013291,INV-2024-006402,INV,,20241216,202412,41,4,420,12,SA,SAR,3.75,2,4800.0,0.0816,9600.0,783.36,8816.64,4320.0,4496.64,1.25,,0,33062.4
L0013219,INV-2024-006378,INV,,20241216,202412,36,4,431,12,SA,SAR,3.75,2,4800.0,0.1087,9600.0,1043.52,8556.48,4320.0,4236.48,1.25,,0,32086.8
L0013336,INV-2024-006418,INV,,20241216,202412,45,4,379,9,SA,SAR,3.75,3,6000.0,0.1477,18000.0,2658.6,15341.4,6300.0,9041.4,1.25,,0,57530.25
L0012949,INV-2024-006231,INV,,20241216,202412,25,2,255,12,EG,EGP,47.7639,1,4800.0,0.064,4800.0,307.2,4492.8,2160.0,2332.8,1.25,,0,214593.65
L0013103,INV-2024-006322,INV,,20241216,202412,31,3,355,10,EG,EGP,47.7639,1,3000.0,0.1902,3000.0,570.6,2429.4,900.0,1529.4,1.25,,0,116037.62
L0013220,INV-2024-006378,INV,,20241216,202412,36,4,431,9,SA,SAR,3.75,1,6000.0,0.0882,6000.0,529.2,5470.8,2100.0,3370.8,1.25,,0,20515.5
L0013440,INV-2024-006471,INV,,20241217,202412,48,5,693,16,SA,SAR,3.75,2,2200.0,0.0,4400.0,0.0,4400.0,3520.0,880.0,1.0,,0,16500.0
L0012739,INV-2024-006121,INV,,20241217,202412,16,1,35,12,EG,EGP,47.7639,1,4800.0,0.1078,4800.0,517.44,4282.56,2160.0,2122.56,1.25,,0,204551.77
L0013711,INV-2024-006618,INV,,20241217,202412,58,6,737,10,AE,AED,3.6725,7,3000.0,0.0963,21000.0,2022.3,18977.7,6300.0,12677.7,1.25,,0,69695.6
L0013483,INV-2024-006496,INV,,20241217,202412,51,5,520,7,SA,SAR,3.75,1,1200.0,0.0513,1200.0,61.56,1138.44,360.0,778.44,1.0,,0,4269.15
L0013236,INV-2024-006383,INV,,20241217,202412,37,4,427,7,SA,SAR,3.75,9,1200.0,0.1338,10800.0,1445.04,9354.96,3240.0,6114.96,1.0,,0,35081.1
L0012915,INV-2024-006211,INV,,20241218,202412,23,2,294,17,EG,EGP,47.7639,3,450.0,0.106,1350.0,143.1,1206.9,1012.5,194.4,1.0,,0,57646.26
L0012984,INV-2024-006254,INV,,20241218,202412,26,2,215,20,EG,EGP,47.7639,2,1500.0,0.1132,3000.0,339.6,2660.4,1500.0,1160.4,1.0,,0,127071.08
L0014020,INV-2024-006747,INV,,20241218,202412,79,7,799,1,AE,AED,3.6725,1,2400.0,0.1746,2400.0,419.04,1980.96,1320.0,660.96,1.0,,0,7275.08
L0013298,INV-2024-006404,INV,,20241218,202412,41,4,393,20,SA,SAR,3.75,3,1500.0,0.0465,4500.0,209.25,4290.75,2250.0,2040.75,1.0,,0,16090.31
L0013867,INV-2024-006672,INV,,20241218,202412,65,7,796,3,AE,AED,3.6725,2,3600.0,0.1608,7200.0,1157.76,6042.24,3240.0,2802.24,1.0,,0,22190.13
L0013507,INV-2024-006510,INV,,20241219,202412,51,5,665,7,SA,SAR,3.75,2,1200.0,0.0488,2400.0,117.12,2282.88,720.0,1562.88,1.0,,0,8560.8
L0013789,INV-2024-006646,INV,,20241219,202412,62,6,746,2,AE,AED,3.6725,1,14000.0,0.0845,14000.0,1183.0,12817.0,7000.0,5817.0,1.0,,0,47070.43
L0013348,INV-2024-006422,INV,,20241219,202412,45,4,428,12,SA,SAR,3.75,1,4800.0,0.1462,4800.0,701.76,4098.24,2160.0,1938.24,1.25,,0,15368.4
L0013262,INV-2024-006394,INV,,20241219,202412,40,4,421,1,SA,SAR,3.75,3,2400.0,0.1181,7200.0,850.32,6349.68,3960.0,2389.68,1.0,,0,23811.3
L0013426,INV-2024-006462,INV,,20241219,202412,48,5,554,15,SA,SAR,3.75,2,1100.0,0.0052,2200.0,11.44,2188.56,1716.0,472.56,1.0,,0,8207.1
L0013882,INV-2024-006680,INV,,20241219,202412,65,7,796,10,AE,AED,3.6725,1,3000.0,0.1809,3000.0,542.7,2457.3,900.0,1557.3,1.25,,0,9024.43
L0012961,INV-2024-006239,INV,,20241219,202412,25,2,309,12,EG,EGP,47.7639,1,4800.0,0.0358,4800.0,171.84,4628.16,2160.0,2468.16,1.25,,0,221058.97
L0013857,INV-2024-006668,INV,,20241219,202412,80,6,749,8,AE,AED,3.6725,1,1500.0,0.066,1500.0,99.0,1401.0,1050.0,351.0,1.0,,0,5145.17
L0013770,INV-2024-006639,INV,,20241219,202412,62,6,773,8,AE,AED,3.6725,2,1500.0,0.1126,3000.0,337.8,2662.2,2100.0,562.2,1.0,,0,9776.93
L0014058,INV-2024-006764,INV,,20241220,202412,73,8,891,1,OM,OMR,0.3845,1,2400.0,0.0091,2400.0,21.85,2378.15,1320.0,1058.15,1.0,,0,914.4
L0012795,INV-2024-006143,INV,,20241220,202412,17,1,30,12,EG,EGP,47.7639,1,4800.0,0.0671,4800.0,322.08,4477.92,2160.0,2317.92,1.25,,0,213882.92
L0013872,INV-2024-006676,INV,,20241220,202412,65,7,802,15,AE,AED,3.6725,6,1100.0,0.1533,6600.0,1011.78,5588.22,5148.0,440.22,1.0,,0,20522.74
L0012796,INV-2024-006143,INV,,20241220,202412,17,1,30,12,EG,EGP,47.7639,1,4800.0,0.1486,4800.0,713.28,4086.72,2160.0,1926.72,1.25,,0,195197.69
L0012799,INV-2024-006143,INV,,20241220,202412,17,1,30,12,EG,EGP,47.7639,1,4800.0,0.0998,4800.0,479.04,4320.96,2160.0,2160.96,1.25,,0,206385.9
L0012861,INV-2024-006178,INV,,20241220,202412,19,2,108,7,EG,EGP,47.7639,1,1200.0,0.0153,1200.0,18.36,1181.64,360.0,821.64,1.0,,0,56439.73
L0013975,INV-2024-006725,INV,,20241220,202412,69,7,800,17,AE,AED,3.6725,20,450.0,0.1654,8999.97,1488.59,7511.38,6750.0,761.38,1.0,,0,27585.53
L0013160,INV-2024-006350,INV,,20241220,202412,33,3,342,15,EG,EGP,47.7639,1,1100.0,0.1546,1100.0,170.06,929.94,858.0,71.94,1.0,,0,44417.56
L0013562,INV-2024-006542,INV,,20241220,202412,53,5,578,3,SA,SAR,3.75,3,3600.0,0.131,10800.0,1414.8,9385.2,4860.0,4525.2,1.0,,0,35194.5
L0012919,INV-2024-006213,INV,,20241220,202412,23,2,303,7,EG,EGP,47.7639,1,1200.0,0.0779,1200.0,93.48,1106.52,360.0,746.52,1.0,,0,52851.71
L0013159,INV-2024-006350,INV,,20241220,202412,33,3,342,17,EG,EGP,47.7639,1,450.0,0.1992,450.0,89.64,360.36,337.5,22.86,1.0,,0,17212.2
L0012779,INV-2024-006139,INV,,20241220,202412,17,1,63,18,EG,EGP,47.7639,5,800.0,0.0915,4000.0,366.0,3634.0,2200.0,1434.0,1.0,,0,173574.01
L0012778,INV-2024-006139,INV,,20241220,202412,17,1,63,8,EG,EGP,47.7639,3,1500.0,0.1456,4500.0,655.2,3844.8,3150.0,694.8,1.0,,0,183642.64
L0013585,INV-2024-006554,INV,,20241221,202412,53,5,685,7,SA,SAR,3.75,1,1200.0,0.0861,1200.0,103.32,1096.68,360.0,736.68,1.0,,0,4112.55
L0013973,INV-2024-006724,INV,,20241221,202412,69,7,814,6,AE,AED,3.6725,1,7500.0,0.1514,7500.0,1135.5,6364.5,2850.0,3514.5,1.0,,0,23373.63
L0013355,INV-2024-006424,INV,,20241221,202412,78,4,430,7,SA,USD,1.0,3,1200.0,0.1294,3600.0,465.84,3134.16,1080.0,2054.16,1.0,,0,3134.16
L0013785,INV-2024-006644,INV,,20241221,202412,62,6,757,12,AE,AED,3.6725,2,4800.0,0.0937,9600.0,899.52,8700.48,4320.0,4380.48,1.25,,0,31952.51
L0013889,INV-2024-006683,INV,,20241221,202412,66,7,790,15,AE,AED,3.6725,1,1100.0,0.1845,1100.0,202.95,897.05,858.0,39.05,1.0,,0,3294.42
L0030920,CN-2024-00105,CN,INV-2024-004376,20241222,202412,17,1,25,7,EG,EGP,47.7639,-1,1200.0,0.06,-1200.0,-72.0,-1128.0,-360.0,-768.0,1.0,105.0,0,-53877.68
L0013805,INV-2024-006651,INV,,20241222,202412,63,6,721,19,AE,USD,1.0,2,5500.0,0.0601,11000.0,661.1,10338.9,4950.0,5388.9,1.0,,0,10338.9
L0012955,INV-2024-006234,INV,,20241222,202412,25,2,195,1,EG,EGP,47.7639,1,2400.0,0.0336,2400.0,80.64,2319.36,1320.0,999.36,1.0,,0,110781.68
L0013359,INV-2024-006425,INV,,20241223,202412,78,4,424,12,SA,USD,1.0,1,4800.0,0.1337,4800.0,641.76,4158.24,2160.0,1998.24,1.25,,0,4158.24
L0012712,INV-2024-006111,INV,,20241223,202412,14,1,18,10,EG,EGP,47.7639,1,3000.0,0.1538,3000.0,461.4,2538.6,900.0,1638.6,1.25,,0,121253.44
L0013841,INV-2024-006662,INV,,20241223,202412,80,6,720,10,AE,AED,3.6725,1,3000.0,0.1029,3000.0,308.7,2691.3,900.0,1791.3,1.25,,0,9883.8
L0013828,INV-2024-006658,INV,,20241224,202412,64,6,773,1,AE,AED,3.6725,1,2400.0,0.116,2400.0,278.4,2121.6,1320.0,801.6,1.0,,0,7791.58
L0014029,INV-2024-006750,INV,,20241224,202412,81,7,801,17,AE,AED,3.6725,6,450.0,0.1261,2699.99,340.47,2359.52,2025.0,334.52,1.0,,0,8665.35
L0013491,INV-2024-006501,INV,,20241224,202412,51,5,694,1,SA,SAR,3.75,1,2400.0,0.0543,2400.0,130.32,2269.68,1320.0,949.68,1.0,,0,8511.3
L0012757,INV-2024-006129,INV,,20241224,202412,17,1,5,7,EG,EGP,47.7639,1,1200.0,0.0894,1200.0,107.28,1092.72,360.0,732.72,1.0,,0,52192.57
L0013495,INV-2024-006503,INV,,20241225,202412,51,5,649,7,SA,SAR,3.75,1,1200.0,0.051,1200.0,61.2,1138.8,360.0,778.8,1.0,,0,4270.5
L0013135,INV-2024-006339,INV,,20241225,202412,33,3,371,20,EG,EGP,47.7639,3,1500.0,0.2008,4500.0,903.6,3596.4,2250.0,1346.4,1.0,,0,171778.09
L0013859,INV-2024-006669,INV,,20241226,202412,80,6,729,14,AE,AED,3.6725,2,9600.0,0.0924,19200.0,1774.08,17425.92,9600.0,7825.92,1.25,,0,63996.69
L0012886,INV-2024-006190,INV,,20241226,202412,19,2,93,15,EG,EGP,47.7639,1,1100.0,0.0426,1100.0,46.86,1053.14,858.0,195.14,1.0,,0,50302.07
L0013200,INV-2024-006368,INV,,20241226,202412,34,3,375,15,EG,EGP,47.7639,3,1100.0,0.1669,3300.0,550.77,2749.23,2574.0,175.23,1.0,,0,131313.95
L0013666,INV-2024-006599,INV,,20241226,202412,56,6,738,3,AE,AED,3.6725,9,3600.0,0.1495,32400.0,4843.8,27556.2,14580.0,12976.2,1.0,,0,101200.14
L0012845,INV-2024-006168,INV,,20241226,202412,19,2,213,5,EG,EGP,47.7639,1,1800.0,0.0551,1800.0,99.18,1700.82,720.0,980.82,1.0,,0,81237.8
L0013696,INV-2024-006611,INV,,20241226,202412,57,6,771,1,AE,AED,3.6725,1,2400.0,0.1114,2400.0,267.36,2132.64,1320.0,812.64,1.0,,0,7832.12
L0013232,INV-2024-006382,INV,,20241226,202412,37,4,414,10,SA,SAR,3.75,5,3000.0,0.14,15000.0,2100.0,12900.0,4500.0,8400.0,1.25,,0,48375.0
L0013088,INV-2024-006314,INV,,20241226,202412,30,3,374,17,EG,EGP,47.7639,3,450.0,0.1498,1350.0,202.23,1147.77,1012.5,135.27,1.0,,0,54821.98
L0012885,INV-2024-006190,INV,,20241226,202412,19,2,93,18,EG,EGP,47.7639,1,800.0,0.0434,800.0,34.72,765.28,440.0,325.28,1.0,,0,36552.76
L0012935,INV-2024-006224,INV,,20241226,202412,25,2,293,15,EG,EGP,47.7639,1,1100.0,0.0336,1100.0,36.96,1063.04,858.0,205.04,1.0,,0,50774.94
L0013860,INV-2024-006669,INV,,20241226,202412,80,6,729,10,AE,AED,3.6725,1,3000.0,0.0883,3000.0,264.9,2735.1,900.0,1835.1,1.25,,0,10044.65
L0012808,INV-2024-006147,INV,,20241226,202412,18,2,163,1,EG,EGP,47.7639,1,2400.0,0.0419,2400.0,100.56,2299.44,1320.0,979.44,1.0,,0,109830.22
L0013698,INV-2024-006613,INV,,20241227,202412,58,6,725,1,AE,AED,3.6725,2,2400.0,0.1351,4800.0,648.48,4151.52,2640.0,1511.52,1.0,,0,15246.46
L0013911,INV-2024-006693,INV,,20241227,202412,66,7,801,10,AE,AED,3.6725,3,3000.0,0.1816,9000.0,1634.4,7365.6,2700.0,4665.6,1.25,,0,27050.17
L0012826,INV-2024-006158,INV,,20241227,202412,18,2,174,7,EG,EGP,47.7639,1,1200.0,0.0414,1200.0,49.68,1150.32,360.0,790.32,1.0,,0,54943.77
L0013179,INV-2024-006358,INV,,20241227,202412,33,3,352,8,EG,EGP,47.7639,2,1500.0,0.165,3000.0,495.0,2505.0,2100.0,405.0,1.0,,0,119648.57
L0014100,INV-2024-006791,INV,,20241227,202412,75,8,873,16,OM,OMR,0.3845,1,2200.0,0.0806,2200.0,177.32,2022.68,1760.0,262.68,1.0,,0,777.72
L0013407,INV-2024-006448,INV,,20241227,202412,47,5,667,1,SA,SAR,3.75,2,2400.0,0.0455,4800.0,218.4,4581.6,2640.0,1941.6,1.0,,0,17181.0
L0013124,INV-2024-006334,INV,,20241227,202412,32,3,344,5,EG,EGP,47.7639,2,1800.0,0.1718,3600.0,618.48,2981.52,1440.0,1541.52,1.0,,0,142409.02
L0013439,INV-2024-006470,INV,,20241227,202412,48,5,621,17,SA,SAR,3.75,14,450.0,0.0,6300.0,0.0,6300.0,4725.0,1575.0,1.0,,0,23625.0
L0013764,INV-2024-006638,INV,,20241227,202412,61,6,737,7,AE,AED,3.6725,1,1200.0,0.0769,1200.0,92.28,1107.72,360.0,747.72,1.0,,0,4068.1
L0012916,INV-2024-006212,INV,,20241227,202412,23,2,221,1,EG,EGP,47.7639,1,2400.0,0.1107,2400.0,265.68,2134.32,1320.0,814.32,1.0,,0,101943.45
L0013467,INV-2024-006487,INV,,20241227,202412,50,5,473,15,SA,SAR,3.75,2,1100.0,0.0631,2200.0,138.82,2061.18,1716.0,345.18,1.0,,0,7729.42
L0013886,INV-2024-006682,INV,,20241227,202412,65,7,781,6,AE,AED,3.6725,1,7500.0,0.1669,7500.0,1251.75,6248.25,2850.0,3398.25,1.0,,0,22946.7
L0013676,INV-2024-006604,INV,,20241227,202412,56,6,769,19,AE,USD,1.0,1,5500.0,0.1607,5500.0,883.85,4616.15,2475.0,2141.15,1.0,,0,4616.15
L0014140,INV-2024-006812,INV,,20241227,202412,82,8,843,1,OM,OMR,0.3845,1,2400.0,0.0361,2400.0,86.63,2313.37,1320.0,993.37,1.0,,0,889.49
L0013990,INV-2024-006732,INV,,20241227,202412,71,7,783,17,AE,AED,3.6725,1,450.0,0.1732,450.0,77.94,372.06,337.5,34.56,1.0,,0,1366.39
L0012825,INV-2024-006158,INV,,20241227,202412,18,2,174,7,EG,EGP,47.7639,1,1200.0,0.0,1200.0,0.0,1200.0,360.0,840.0,1.0,,0,57316.68
L0013102,INV-2024-006321,INV,,20241227,202412,31,3,347,10,EG,EGP,47.7639,1,3000.0,0.1948,3000.0,584.4,2415.6,900.0,1515.6,1.25,,0,115378.48
L0013686,INV-2024-006608,INV,,20241227,202412,57,6,754,20,AE,AED,3.6725,6,1500.0,0.1205,9000.0,1084.5,7915.5,4500.0,3415.5,1.0,,0,29069.67
L0012674,INV-2024-006101,INV,,20241227,202412,13,1,57,17,EG,EGP,47.7639,1,450.0,0.1556,450.0,70.02,379.98,337.5,42.48,1.0,,0,18149.33
L0013692,INV-2024-006610,INV,,20241227,202412,57,6,772,9,AE,USD,1.0,2,6000.0,0.0966,12000.0,1159.2,10840.8,4200.0,6640.8,1.25,,0,10840.8
L0014113,INV-2024-006796,INV,,20241228,202412,75,8,828,18,OM,OMR,0.3845,1,800.0,0.0181,800.0,14.49,785.51,440.0,345.51,1.0,,0,302.03
L0014153,INV-2024-006821,INV,,20241228,202412,82,8,963,15,OM,OMR,0.3845,2,1100.0,0.07,2200.0,153.99,2046.01,1716.0,330.01,1.0,,0,786.69
L0013534,INV-2024-006525,INV,,20241228,202412,52,5,605,1,SA,SAR,3.75,1,2400.0,0.052,2400.0,124.8,2275.2,1320.0,955.2,1.0,,0,8532.0
L0013479,INV-2024-006494,INV,,20241228,202412,51,5,570,4,SA,SAR,3.75,1,9000.0,0.0176,9000.0,158.4,8841.6,4950.0,3891.6,1.0,,0,33156.0
L0013433,INV-2024-006466,INV,,20241228,202412,48,5,559,12,SA,SAR,3.75,1,4800.0,0.0,4800.0,0.0,4800.0,2160.0,2640.0,1.25,,0,18000.0
L0013655,INV-2024-006596,INV,,20241228,202412,56,6,709,1,AE,AED,3.6725,1,2400.0,0.1281,2400.0,307.44,2092.56,1320.0,772.56,1.0,,0,7684.93
L0013735,INV-2024-006626,INV,,20241228,202412,59,6,748,10,AE,AED,3.6725,1,3000.0,0.1037,3000.0,311.1,2688.9,900.0,1788.9,1.25,,0,9874.99
L0012654,INV-2024-006094,INV,,20241228,202412,11,1,45,1,EG,EGP,47.7639,1,2400.0,0.1031,2400.0,247.44,2152.56,1320.0,832.56,1.0,,0,102814.66
L0013025,INV-2024-006277,INV,,20241228,202412,27,2,186,10,EG,EGP,47.7639,1,3000.0,0.0389,3000.0,116.7,2883.3,900.0,1983.3,1.25,,0,137717.65
L0014000,INV-2024-006738,INV,,20241228,202412,79,7,818,8,AE,AED,3.6725,3,1500.0,0.1784,4500.0,802.8,3697.2,3150.0,547.2,1.0,,0,13577.97
L0014112,INV-2024-006796,INV,,20241228,202412,75,8,828,3,OM,OMR,0.3845,1,3600.0,0.0685,3600.0,246.61,3353.39,1620.0,1733.39,1.0,,0,1289.38
L0013819,INV-2024-006656,INV,,20241228,202412,64,6,732,6,AE,AED,3.6725,2,7500.0,0.09,15000.0,1350.0,13650.0,5700.0,7950.0,1.0,,0,50129.62
L0013365,INV-2024-006426,INV,,20241228,202412,78,4,410,19,SA,SAR,3.75,3,5500.0,0.0885,16500.0,1460.25,15039.75,7425.0,7614.75,1.0,,0,56399.06
L0012653,INV-2024-006094,INV,,20241228,202412,11,1,45,12,EG,EGP,47.7639,1,4800.0,0.1039,4800.0,498.72,4301.28,2160.0,2141.28,1.25,,0,205445.91
L0014150,INV-2024-006819,INV,,20241228,202412,82,8,851,1,OM,OMR,0.3845,1,2400.0,0.0466,2400.0,111.83,2288.17,1320.0,968.17,1.0,,0,879.8
L0013112,INV-2024-006327,INV,,20241228,202412,31,3,337,17,EG,EGP,47.7639,7,450.0,0.1321,3150.0,416.11,2733.89,2362.5,371.39,1.0,,0,130581.04
L0013714,INV-2024-006620,INV,,20241228,202412,59,6,771,9,AE,AED,3.6725,2,6000.0,0.141,12000.0,1692.0,10308.0,4200.0,6108.0,1.25,,0,37856.13
L0014054,INV-2024-006762,INV,,20241228,202412,73,8,852,12,OM,OMR,0.3845,1,4800.0,0.0,4800.0,0.0,4800.0,2160.0,2640.0,1.25,,0,1845.6
L0012943,INV-2024-006228,INV,,20241229,202412,25,2,227,17,EG,EGP,47.7639,2,450.0,0.047,900.0,42.3,857.7,675.0,182.7,1.0,,1,40967.11
L0013457,INV-2024-006481,INV,,20241229,202412,50,5,480,17,SA,SAR,3.75,9,450.0,0.0756,4050.0,306.18,3743.82,3037.5,706.32,1.0,,1,14039.32
L0013519,INV-2024-006517,INV,,20241229,202412,52,5,464,10,SA,SAR,3.75,1,3000.0,0.075,3000.0,225.0,2775.0,900.0,1875.0,1.25,,1,10406.25
L0013583,INV-2024-006553,INV,,20241229,202412,53,5,542,5,SA,SAR,3.75,5,1800.0,0.1345,9000.0,1210.5,7789.5,3600.0,4189.5,1.0,,1,29210.62
L0012951,INV-2024-006233,INV,,20241229,202412,25,2,256,15,EG,EGP,47.7639,1,1100.0,0.0612,1100.0,67.32,1032.68,858.0,174.68,1.0,,1,49324.82
L0012784,INV-2024-006140,INV,,20241229,202412,17,1,21,10,EG,EGP,47.7639,1,3000.0,0.0863,3000.0,258.9,2741.1,900.0,1841.1,1.25,,1,130925.63
L0013864,INV-2024-006670,INV,,20241229,202412,65,7,802,17,AE,AED,3.6725,16,450.0,0.2054,7199.98,1478.88,5721.1,5400.0,321.1,1.0,,1,21010.75
L0013344,INV-2024-006420,INV,,20241229,202412,45,4,403,5,SA,SAR,3.75,2,1800.0,0.1276,3600.0,459.36,3140.64,1440.0,1700.64,1.0,,1,11777.4
L0013458,INV-2024-006481,INV,,20241229,202412,50,5,480,7,SA,SAR,3.75,1,1200.0,0.072,1200.0,86.4,1113.6,360.0,753.6,1.0,,1,4176.0
L0012748,INV-2024-006126,INV,,20241229,202412,17,1,38,18,EG,EGP,47.7639,2,800.0,0.1147,1600.0,183.52,1416.48,880.0,536.48,1.0,,1,67656.61
L0013592,INV-2024-006558,INV,,20241229,202412,54,5,565,6,SA,SAR,3.75,1,7500.0,0.0732,7500.0,549.0,6951.0,2850.0,4101.0,1.0,,1,26066.25
L0014003,INV-2024-006741,INV,,20241229,202412,79,7,798,9,AE,AED,3.6725,1,6000.0,0.2451,6000.0,1470.6,4529.4,2100.0,2429.4,1.25,,1,16634.22
L0013258,INV-2024-006392,INV,,20241230,202412,40,4,398,17,SA,SAR,3.75,7,450.0,0.1092,3150.0,343.98,2806.02,2362.5,443.52,1.0,,1,10522.58
L0013321,INV-2024-006412,INV,,20241230,202412,43,4,429,11,SA,SAR,3.75,1,18000.0,0.148,18000.0,2664.0,15336.0,7200.0,8136.0,1.25,,1,57510.0
L0013259,INV-2024-006392,INV,,20241230,202412,40,4,398,20,SA,SAR,3.75,2,1500.0,0.1165,3000.0,349.5,2650.5,1500.0,1150.5,1.0,,1,9939.38
L0013177,INV-2024-006357,INV,,20241230,202412,33,3,344,17,EG,EGP,47.7639,8,450.0,0.1569,3600.0,564.84,3035.16,2700.0,335.16,1.0,,1,144971.11
L0013323,INV-2024-006412,INV,,20241230,202412,43,4,429,12,SA,SAR,3.75,1,4800.0,0.1096,4800.0,526.08,4273.92,2160.0,2113.92,1.25,,1,16027.2
L0013129,INV-2024-006336,INV,,20241230,202412,32,3,359,16,EG,EGP,47.7639,2,2200.0,0.2236,4400.0,983.84,3416.16,3520.0,-103.84,1.0,,1,163169.12
L0013837,INV-2024-006661,INV,,20241230,202412,80,6,771,9,AE,AED,3.6725,2,6000.0,0.0981,12000.0,1177.2,10822.8,4200.0,6622.8,1.25,,1,39746.73
L0013618,INV-2024-006575,INV,,20241230,202412,55,5,660,1,SA,SAR,3.75,1,2400.0,0.0377,2400.0,90.48,2309.52,1320.0,989.52,1.0,,1,8660.7
L0013847,INV-2024-006665,INV,,20241230,202412,80,6,741,1,AE,AED,3.6725,1,2400.0,0.0907,2400.0,217.68,2182.32,1320.0,862.32,1.0,,1,8014.57
L0013549,INV-2024-006535,INV,,20241230,202412,52,5,577,16,SA,SAR,3.75,2,2200.0,0.0544,4400.0,239.36,4160.64,3520.0,640.64,1.0,,1,15602.4
L0013971,INV-2024-006722,INV,,20241230,202412,69,7,817,12,AE,AED,3.6725,1,4800.0,0.1787,4800.0,857.76,3942.24,2160.0,1782.24,1.25,,1,14477.88
L0013834,INV-2024-006659,INV,,20241230,202412,64,6,713,1,AE,AED,3.6725,3,2400.0,0.1063,7200.0,765.36,6434.64,3960.0,2474.64,1.0,,1,23631.22
L0013851,INV-2024-006666,INV,,20241230,202412,80,6,760,13,AE,AED,3.6725,2,12000.0,0.1043,24000.0,2503.2,21496.8,10080.0,11416.8,1.25,,1,78947.0
L0013850,INV-2024-006666,INV,,20241230,202412,80,6,760,7,AE,AED,3.6725,3,1200.0,0.1375,3600.0,495.0,3105.0,1080.0,2025.0,1.0,,1,11403.11
L0013832,INV-2024-006659,INV,,20241230,202412,64,6,713,4,AE,AED,3.6725,2,9000.0,0.1043,18000.0,1877.4,16122.6,9900.0,6222.6,1.0,,1,59210.25
L0012969,INV-2024-006243,INV,,20241230,202412,25,2,316,15,EG,EGP,47.7639,3,1100.0,0.0411,3300.0,135.63,3164.37,2574.0,590.37,1.0,,1,151142.65
L0013471,INV-2024-006489,INV,,20241230,202412,50,5,687,1,SA,SAR,3.75,2,2400.0,0.0625,4800.0,300.0,4500.0,2640.0,1860.0,1.0,,1,16875.0
L0013250,INV-2024-006388,INV,,20241230,202412,39,4,404,20,SA,SAR,3.75,1,1500.0,0.1423,1500.0,213.45,1286.55,750.0,536.55,1.0,,1,4824.56
L0013183,INV-2024-006361,INV,,20241230,202412,34,3,349,1,EG,EGP,47.7639,1,2400.0,0.2298,2400.0,551.52,1848.48,1320.0,528.48,1.0,,1,88290.61
L0013442,INV-2024-006473,INV,,20241230,202412,50,5,650,17,SA,SAR,3.75,1,450.0,0.1029,450.0,46.3,403.7,337.5,66.2,1.0,,1,1513.86
L0013017,INV-2024-006272,INV,,20241230,202412,27,2,284,7,EG,EGP,47.7639,1,1200.0,0.0745,1200.0,89.4,1110.6,360.0,750.6,1.0,,1,53046.59
L0013386,INV-2024-006435,INV,,20241230,202412,46,5,541,8,SA,SAR,3.75,1,1500.0,0.0796,1500.0,119.4,1380.6,1050.0,330.6,1.0,,1,5177.25
L0013558,INV-2024-006539,INV,,20241231,202412,53,5,539,1,SA,SAR,3.75,1,2400.0,0.1089,2400.0,261.36,2138.64,1320.0,818.64,1.0,,1,8019.9
L0013352,INV-2024-006423,INV,,20241231,202412,45,4,407,10,SA,SAR,3.75,11,3000.0,0.1114,33000.0,3676.2,29323.8,9900.0,19423.8,1.25,,1,109964.25
L0013993,INV-2024-006733,INV,,20241231,202412,71,7,820,15,AE,AED,3.6725,16,1100.0,0.1701,17600.0,2993.76,14606.24,13728.0,878.24,1.0,,1,53641.42
L0013044,INV-2024-006290,INV,,20241231,202412,28,2,124,7,EG,EGP,47.7639,1,1200.0,0.0384,1200.0,46.08,1153.92,360.0,793.92,1.0,,1,55115.72
L0013150,INV-2024-006348,INV,,20241231,202412,33,3,354,17,EG,EGP,47.7639,2,450.0,0.2387,900.0,214.83,685.17,675.0,10.17,1.0,,1,32726.4
L0013757,INV-2024-006635,INV,,20241231,202412,61,6,743,1,AE,AED,3.6725,1,2400.0,0.0974,2400.0,233.76,2166.24,1320.0,846.24,1.0,,1,7955.52
L0013329,INV-2024-006415,INV,,20241231,202412,43,4,388,12,SA,SAR,3.75,4,4800.0,0.133,19200.0,2553.6,16646.4,8640.0,8006.4,1.25,,1,62424.0
L0013045,INV-2024-006290,INV,,20241231,202412,28,2,124,1,EG,EGP,47.7639,1,2400.0,0.0924,2400.0,221.76,2178.24,1320.0,858.24,1.0,,1,104041.24
L0013625,INV-2024-006579,INV,,20241231,202412,55,5,540,16,SA,SAR,3.75,1,2200.0,0.0269,2200.0,59.18,2140.82,1760.0,380.82,1.0,,1,8028.08
L0013645,INV-2024-006590,INV,,20241231,202412,84,5,482,1,SA,SAR,3.75,1,2400.0,0.0704,2400.0,168.96,2231.04,1320.0,911.04,1.0,,1,8366.4
L0013488,INV-2024-006499,INV,,20241231,202412,51,5,470,7,SA,SAR,3.75,2,1200.0,0.052,2400.0,124.8,2275.2,720.0,1555.2,1.0,,1,8532.0
L0013056,INV-2024-006298,INV,,20241231,202412,85,2,218,16,EG,EGP,47.7639,1,2200.0,0.0732,2200.0,161.04,2038.96,1760.0,278.96,1.0,,1,97388.68
L0013928,INV-2024-006703,INV,,20241231,202412,67,7,782,10,AE,AED,3.6725,2,3000.0,0.2148,6000.0,1288.8,4711.2,1800.0,2911.2,1.25,,1,17301.88
L0013775,INV-2024-006641,INV,,20241231,202412,62,6,741,3,AE,AED,3.6725,1,3600.0,0.1466,3600.0,527.76,3072.24,1620.0,1452.24,1.0,,1,11282.8
L0013615,INV-2024-006572,INV,,20241231,202412,55,5,639,4,SA,SAR,3.75,1,9000.0,0.0379,9000.0,341.1,8658.9,4950.0,3708.9,1.0,,1,32470.88
L0013153,INV-2024-006348,INV,,20241231,202412,33,3,354,10,EG,EGP,47.7639,1,3000.0,0.2254,3000.0,676.2,2323.8,900.0,1423.8,1.25,,1,110993.75
L0012900,INV-2024-006201,INV,,20241231,202412,21,2,257,10,EG,EGP,47.7639,1,3000.0,0.0607,3000.0,182.1,2817.9,900.0,1917.9,1.25,,1,134593.89
L0013241,INV-2024-006385,INV,,20241231,202412,37,4,429,2,SA,SAR,3.75,1,14000.0,0.1438,14000.0,2013.2,11986.8,7000.0,4986.8,1.0,,1,44950.5
L0013773,INV-2024-006641,INV,,20241231,202412,62,6,741,7,AE,AED,3.6725,1,1200.0,0.1107,1200.0,132.84,1067.16,360.0,707.16,1.0,,1,3919.15
L0014708,INV-2025-007086,INV,,20250101,202501,39,4,390,20,SA,SAR,3.75,4,1500.0,0.1175,6000.0,705.0,5295.0,3000.0,2295.0,1.0,,0,19856.25
L0014388,INV-2025-006918,INV,,20250101,202501,21,2,264,10,EG,EGP,49.6787,1,3000.0,0.0815,3000.0,244.5,2755.5,900.0,1855.5,1.25,,0,136889.66
L0014706,INV-2025-007086,INV,,20250101,202501,39,4,390,10,SA,SAR,3.75,2,3000.0,0.0989,6000.0,593.4,5406.6,1800.0,3606.6,1.25,,0,20274.75
L0014177,INV-2025-006831,INV,,20250101,202501,10,1,51,1,EG,EGP,49.6787,1,2400.0,0.1422,2400.0,341.28,2058.72,1320.0,738.72,1.0,,0,102274.53
L0014368,INV-2025-006906,INV,,20250101,202501,19,2,292,3,EG,EGP,49.6787,1,3600.0,0.0,3600.0,0.0,3600.0,1620.0,1980.0,1.0,,0,178843.32
L0014387,INV-2025-006918,INV,,20250101,202501,21,2,264,7,EG,EGP,49.6787,1,1200.0,0.0301,1200.0,36.12,1163.88,360.0,803.88,1.0,,0,57820.05
L0014550,INV-2025-007016,INV,,20250102,202501,9,2,313,17,EG,EGP,49.6787,7,450.0,0.0708,3150.0,223.02,2926.98,2362.5,564.48,1.0,,0,145408.59
L0014651,INV-2025-007067,INV,,20250102,202501,35,3,369,10,EG,EGP,49.6787,4,3000.0,0.1819,12000.0,2182.8,9817.2,3600.0,6217.2,1.25,,0,487705.73
L0014897,INV-2025-007167,INV,,20250102,202501,48,5,513,12,SA,SAR,3.75,1,4800.0,0.0051,4800.0,24.48,4775.52,2160.0,2615.52,1.25,,0,17908.2
L0014818,INV-2025-007126,INV,,20250102,202501,78,4,412,3,SA,SAR,3.75,3,3600.0,0.121,10800.0,1306.8,9493.2,4860.0,4633.2,1.0,,0,35599.5
L0014819,INV-2025-007126,INV,,20250102,202501,78,4,412,12,SA,SAR,3.75,1,4800.0,0.1301,4800.0,624.48,4175.52,2160.0,2015.52,1.25,,0,15658.2
L0015088,INV-2025-007264,INV,,20250102,202501,61,6,744,1,AE,AED,3.6725,4,2400.0,0.0903,9600.0,866.88,8733.12,5280.0,3453.12,1.0,,0,32072.38
L0014334,INV-2025-006887,INV,,20250102,202501,18,2,265,1,EG,EGP,49.6787,1,2400.0,0.0151,2400.0,36.24,2363.76,1320.0,1043.76,1.0,,0,117428.52
L0014770,INV-2025-007107,INV,,20250103,202501,43,4,423,9,SA,SAR,3.75,1,6000.0,0.0968,6000.0,580.8,5419.2,2100.0,3319.2,1.25,,0,20322.0
L0015158,INV-2025-007294,INV,,20250103,202501,65,7,815,7,AE,AED,3.6725,1,1200.0,0.163,1200.0,195.6,1004.4,360.0,644.4,1.0,,0,3688.66
L0015173,INV-2025-007301,INV,,20250103,202501,66,7,809,8,AE,AED,3.6725,2,1500.0,0.1434,3000.0,430.2,2569.8,2100.0,469.8,1.0,,0,9437.59
L0014851,INV-2025-007141,INV,,20250103,202501,46,5,610,10,SA,SAR,3.75,1,3000.0,0.0638,3000.0,191.4,2808.6,900.0,1908.6,1.25,,0,10532.25
L0015279,INV-2025-007358,INV,,20250103,202501,74,8,886,5,OM,OMR,0.3845,1,1800.0,0.025,1800.0,44.99,1755.01,720.0,1035.01,1.0,,0,674.8
L0030997,CN-2025-00145,CN,INV-2024-005728,20250103,202501,45,4,418,8,SA,SAR,3.75,-1,1500.0,0.1421,-1500.0,-213.15,-1286.85,-1050.0,-236.85,1.0,34.0,0,-4825.69
L0030929,CN-2025-00110,CN,INV-2024-004614,20250103,202501,46,5,675,18,SA,SAR,3.75,-4,800.0,0.037,-3200.0,-118.4,-3081.6,-1760.0,-1321.6,1.0,120.0,0,-11556.0
L0015297,INV-2025-007370,INV,,20250104,202501,75,8,831,18,OM,OMR,0.3845,1,800.0,0.0429,800.0,34.33,765.67,440.0,325.67,1.0,,0,294.4
L0015337,INV-2025-007393,INV,,20250104,202501,89,8,852,1,OM,OMR,0.3845,1,2400.0,0.0209,2400.0,50.17,2349.83,1320.0,1029.83,1.0,,0,903.51
L0014873,INV-2025-007153,INV,,20250104,202501,47,5,517,17,SA,SAR,3.75,2,450.0,0.0792,900.0,71.28,828.72,675.0,153.72,1.0,,0,3107.7
L0014624,INV-2025-007053,INV,,20250104,202501,33,3,372,16,EG,EGP,49.6787,1,2200.0,0.1961,2200.0,431.42,1768.58,1760.0,8.58,1.0,,0,87860.76
L0014342,INV-2025-006891,INV,,20250104,202501,18,2,187,1,EG,EGP,49.6787,1,2400.0,0.0,2400.0,0.0,2400.0,1320.0,1080.0,1.0,,0,119228.88
L0015213,INV-2025-007319,INV,,20250105,202501,71,7,780,17,AE,AED,3.6725,18,450.0,0.1479,8099.98,1197.99,6901.99,6075.0,826.99,1.0,,0,25347.56
L0015059,INV-2025-007256,INV,,20250105,202501,58,6,706,5,AE,AED,3.6725,1,1800.0,0.0877,1800.0,157.86,1642.14,720.0,922.14,1.0,,0,6030.76
L0015051,INV-2025-007253,INV,,20250105,202501,57,6,709,4,AE,AED,3.6725,3,9000.0,0.1342,27000.0,3623.4,23376.6,14850.0,8526.6,1.0,,0,85850.56
L0015060,INV-2025-007256,INV,,20250105,202501,58,6,706,19,AE,AED,3.6725,2,5500.0,0.1076,11000.0,1183.6,9816.4,4950.0,4866.4,1.0,,0,36050.73
L0015058,INV-2025-007256,INV,,20250105,202501,58,6,706,1,AE,AED,3.6725,5,2400.0,0.1177,12000.0,1412.4,10587.6,6600.0,3987.6,1.0,,0,38882.96
L0014280,INV-2025-006864,INV,,20250105,202501,15,1,16,7,EG,EGP,49.6787,1,1200.0,0.1124,1200.0,134.88,1065.12,360.0,705.12,1.0,,0,52913.78
L0015246,INV-2025-007340,INV,,20250106,202501,73,8,858,1,OM,OMR,0.3845,1,2400.0,0.0116,2400.0,27.83,2372.17,1320.0,1052.17,1.0,,0,912.1
L0014294,INV-2025-006869,INV,,20250106,202501,15,1,28,4,EG,EGP,49.6787,1,9000.0,0.1307,9000.0,1176.3,7823.7,4950.0,2873.7,1.0,,0,388671.25
L0014545,INV-2025-007014,INV,,20250106,202501,9,2,174,1,EG,EGP,49.6787,1,2400.0,0.0358,2400.0,85.92,2314.08,1320.0,994.08,1.0,,0,114960.49
L0015252,INV-2025-007342,INV,,20250106,202501,73,8,969,10,OM,OMR,0.3845,1,3000.0,0.0251,3000.0,75.29,2924.71,900.0,2024.71,1.25,,0,1124.55
L0014465,INV-2025-006972,INV,,20250106,202501,27,2,308,8,EG,EGP,49.6787,2,1500.0,0.0031,3000.0,9.3,2990.7,2100.0,890.7,1.0,,0,148574.09
L0014234,INV-2025-006850,INV,,20250106,202501,13,1,44,8,EG,EGP,49.6787,4,1500.0,0.1748,6000.0,1048.8,4951.2,4200.0,751.2,1.0,,0,245969.18
L0015269,INV-2025-007352,INV,,20250107,202501,74,8,912,10,OM,OMR,0.3845,1,3000.0,0.0744,3000.0,223.2,2776.8,900.0,1876.8,1.25,,0,1067.68
L0014877,INV-2025-007154,INV,,20250107,202501,47,5,483,1,SA,SAR,3.75,1,2400.0,0.0976,2400.0,234.24,2165.76,1320.0,845.76,1.0,,0,8121.6
L0015256,INV-2025-007345,INV,,20250107,202501,73,8,962,1,OM,OMR,0.3845,1,2400.0,0.0169,2400.0,40.57,2359.43,1320.0,1039.43,1.0,,0,907.2
L0015257,INV-2025-007345,INV,,20250107,202501,73,8,962,7,OM,OMR,0.3845,1,1200.0,0.027,1200.0,32.41,1167.59,360.0,807.59,1.0,,0,448.94
L0014369,INV-2025-006907,INV,,20250108,202501,21,2,236,10,EG,EGP,49.6787,1,3000.0,0.0458,3000.0,137.4,2862.6,900.0,1962.6,1.25,,0,142210.25
L0015342,INV-2025-007396,INV,,20250109,202501,89,8,932,18,OM,OMR,0.3845,1,800.0,0.0441,800.0,35.29,764.71,440.0,324.71,1.0,,0,294.03
L0014750,INV-2025-007100,INV,,20250109,202501,41,4,379,10,SA,USD,1.0,1,3000.0,0.0303,3000.0,90.9,2909.1,900.0,2009.1,1.25,,0,2909.1
L0014295,INV-2025-006870,INV,,20250109,202501,16,1,50,10,EG,EGP,49.6787,4,3000.0,0.0742,12000.0,890.4,11109.6,3600.0,7509.6,1.25,,0,551910.49
L0014218,INV-2025-006844,INV,,20250109,202501,13,1,14,7,EG,EGP,49.6787,1,1200.0,0.1742,1200.0,209.04,990.96,360.0,630.96,1.0,,0,49229.6
L0015341,INV-2025-007396,INV,,20250109,202501,89,8,932,12,OM,OMR,0.3845,1,4800.0,0.0264,4800.0,126.71,4673.29,2160.0,2513.29,1.25,,0,1796.88
L0015201,INV-2025-007315,INV,,20250109,202501,71,7,815,7,AE,AED,3.6725,9,1200.0,0.1942,10800.0,2097.36,8702.64,3240.0,5462.64,1.0,,0,31960.45
L0031004,CN-2025-00146,CN,INV-2024-005729,20250110,202501,45,4,407,10,SA,SAR,3.75,-17,3000.0,0.1275,-51000.0,-6502.5,-44497.5,-15300.0,-29197.5,1.25,41.0,0,-166865.62
L0014906,INV-2025-007171,INV,,20250110,202501,48,5,635,8,SA,SAR,3.75,1,1500.0,0.0,1500.0,0.0,1500.0,1050.0,450.0,1.0,,0,5625.0
L0014360,INV-2025-006901,INV,,20250111,202501,19,2,130,20,EG,EGP,49.6787,2,1500.0,0.0374,3000.0,112.2,2887.8,1500.0,1387.8,1.0,,0,143462.15
L0014557,INV-2025-007020,INV,,20250111,202501,87,2,124,17,EG,EGP,49.6787,6,450.0,0.0325,2700.0,87.75,2612.25,2025.0,587.25,1.0,,0,129773.21
L0014447,INV-2025-006956,INV,,20250112,202501,25,2,315,17,EG,EGP,49.6787,2,450.0,0.0386,900.0,34.74,865.26,675.0,190.26,1.0,,0,42985.0
L0015314,INV-2025-007379,INV,,20250112,202501,76,8,885,1,OM,OMR,0.3845,1,2400.0,0.0832,2400.0,199.69,2200.31,1320.0,880.31,1.0,,0,846.02
L0014727,INV-2025-007093,INV,,20250112,202501,39,4,396,9,SA,SAR,3.75,1,6000.0,0.0576,6000.0,345.6,5654.4,2100.0,3554.4,1.25,,0,21204.0
L0014859,INV-2025-007144,INV,,20250112,202501,47,5,652,16,SA,SAR,3.75,3,2200.0,0.1111,6600.0,733.26,5866.74,5280.0,586.74,1.0,,0,22000.28
L0014808,INV-2025-007122,INV,,20250112,202501,45,4,387,5,SA,SAR,3.75,23,1800.0,0.107,41400.0,4429.8,36970.2,16560.0,20410.2,1.0,,0,138638.25
L0014880,INV-2025-007155,INV,,20250114,202501,47,5,687,18,SA,SAR,3.75,4,800.0,0.0672,3200.0,215.04,2984.96,1760.0,1224.96,1.0,,0,11193.6
L0014665,INV-2025-007073,INV,,20250114,202501,36,4,433,3,SA,SAR,3.75,2,3600.0,0.1066,7200.0,767.52,6432.48,3240.0,3192.48,1.0,,0,24121.8
L0014570,INV-2025-007027,INV,,20250115,202501,29,3,338,16,EG,EGP,49.6787,3,2200.0,0.2206,6600.0,1455.96,5144.04,5280.0,-135.96,1.0,,0,255549.22
L0014764,INV-2025-007105,INV,,20250115,202501,43,4,424,1,SA,SAR,3.75,1,2400.0,0.1159,2400.0,278.16,2121.84,1320.0,801.84,1.0,,0,7956.9
L0014267,INV-2025-006860,INV,,20250115,202501,14,1,63,12,EG,EGP,49.6787,1,4800.0,0.0877,4800.0,420.96,4379.04,2160.0,2219.04,1.25,,0,217545.01
L0014245,INV-2025-006853,INV,,20250115,202501,14,1,66,10,EG,EGP,49.6787,1,3000.0,0.0881,3000.0,264.3,2735.7,900.0,1835.7,1.25,,0,135906.02
L0014244,INV-2025-006853,INV,,20250115,202501,14,1,66,1,EG,EGP,49.6787,2,2400.0,0.1159,4800.0,556.32,4243.68,2640.0,1603.68,1.0,,0,210820.51
L0014691,INV-2025-007082,INV,,20250115,202501,39,4,401,12,SA,SAR,3.75,1,4800.0,0.0839,4800.0,402.72,4397.28,2160.0,2237.28,1.25,,0,16489.8
L0015118,INV-2025-007278,INV,,20250116,202501,63,6,765,5,AE,AED,3.6725,6,1800.0,0.0933,10800.0,1007.64,9792.36,4320.0,5472.36,1.0,,0,35962.44
L0015041,INV-2025-007248,INV,,20250116,202501,56,6,766,6,AE,AED,3.6725,1,7500.0,0.1564,7500.0,1173.0,6327.0,2850.0,3477.0,1.0,,0,23235.91
L0015039,INV-2025-007248,INV,,20250116,202501,56,6,766,8,AE,AED,3.6725,7,1500.0,0.1817,10500.0,1907.85,8592.15,7350.0,1242.15,1.0,,0,31554.67
L0014239,INV-2025-006851,INV,,20250116,202501,14,1,4,1,EG,EGP,49.6787,1,2400.0,0.1552,2400.0,372.48,2027.52,1320.0,707.52,1.0,,0,100724.56
L0015003,INV-2025-007230,INV,,20250116,202501,55,5,660,15,SA,SAR,3.75,1,1100.0,0.0098,1100.0,10.78,1089.22,858.0,231.22,1.0,,0,4084.58
L0015291,INV-2025-007366,INV,,20250116,202501,75,8,838,1,OM,OMR,0.3845,1,2400.0,0.0631,2400.0,151.44,2248.56,1320.0,928.56,1.0,,0,864.57
L0014479,INV-2025-006980,INV,,20250116,202501,28,2,326,17,EG,EGP,49.6787,1,450.0,0.0444,450.0,19.98,430.02,337.5,92.52,1.0,,0,21362.84
L0015038,INV-2025-007248,INV,,20250116,202501,56,6,766,20,AE,AED,3.6725,1,1500.0,0.1652,1500.0,247.8,1252.2,750.0,502.2,1.0,,0,4598.7
L0014189,INV-2025-006835,INV,,20250116,202501,11,1,19,1,EG,EGP,49.6787,3,2400.0,0.0978,7200.0,704.16,6495.84,3960.0,2535.84,1.0,,0,322704.89
L0015119,INV-2025-007278,INV,,20250116,202501,63,6,765,18,AE,AED,3.6725,6,800.0,0.0748,4800.0,359.04,4440.96,2640.0,1800.96,1.0,,0,16309.43
L0014191,INV-2025-006835,INV,,20250116,202501,11,1,19,12,EG,EGP,49.6787,1,4800.0,0.0497,4800.0,238.56,4561.44,2160.0,2401.44,1.25,,0,226606.41
L0014871,INV-2025-007152,INV,,20250116,202501,47,5,561,7,SA,SAR,3.75,1,1200.0,0.1028,1200.0,123.36,1076.64,360.0,716.64,1.0,,0,4037.4
L0014621,INV-2025-007050,INV,,20250117,202501,33,3,364,6,EG,EGP,49.6787,1,7500.0,0.1696,7500.0,1272.0,6228.0,2850.0,3378.0,1.0,,0,309398.94
L0014540,INV-2025-007011,INV,,20250117,202501,9,2,221,7,EG,EGP,49.6787,1,1200.0,0.0231,1200.0,27.72,1172.28,360.0,812.28,1.0,,0,58237.35
L0014758,INV-2025-007102,INV,,20250117,202501,42,4,433,10,SA,SAR,3.75,1,3000.0,0.0894,3000.0,268.2,2731.8,900.0,1831.8,1.25,,0,10244.25
L0015168,INV-2025-007298,INV,,20250117,202501,66,7,779,16,AE,AED,3.6725,3,2200.0,0.1793,6600.0,1183.38,5416.62,5280.0,136.62,1.0,,0,19892.54
L0014615,INV-2025-007047,INV,,20250117,202501,32,3,335,10,EG,EGP,49.6787,1,3000.0,0.2216,3000.0,664.8,2335.2,900.0,1435.2,1.25,,0,116009.7
L0014962,INV-2025-007207,INV,,20250117,202501,53,5,680,10,SA,SAR,3.75,1,3000.0,0.1154,3000.0,346.2,2653.8,900.0,1753.8,1.25,,0,9951.75
L0030968,CN-2025-00131,CN,INV-2024-005276,20250118,202501,57,6,773,4,AE,AED,3.6725,-2,9000.0,0.1031,-18000.0,-1855.8,-16144.2,-9900.0,-6244.2,1.0,82.0,0,-59289.57
L0014796,INV-2025-007118,INV,,20250118,202501,45,4,420,8,SA,SAR,3.75,2,1500.0,0.096,3000.0,288.0,2712.0,2100.0,612.0,1.0,,0,10170.0
L0014412,INV-2025-006934,INV,,20250118,202501,24,2,240,8,EG,EGP,49.6787,1,1500.0,0.1294,1500.0,194.1,1305.9,1050.0,255.9,1.0,,0,64875.41
L0014528,INV-2025-007006,INV,,20250118,202501,9,2,130,1,EG,EGP,49.6787,1,2400.0,0.0435,2400.0,104.4,2295.6,1320.0,975.6,1.0,,0,114042.42
L0014722,INV-2025-007091,INV,,20250119,202501,39,4,379,7,SA,SAR,3.75,2,1200.0,0.0855,2400.0,205.2,2194.8,720.0,1474.8,1.0,,0,8230.5
L0014720,INV-2025-007091,INV,,20250119,202501,39,4,379,7,SA,SAR,3.75,1,1200.0,0.0877,1200.0,105.24,1094.76,360.0,734.76,1.0,,0,4105.35
L0014348,INV-2025-006893,INV,,20250119,202501,18,2,183,7,EG,EGP,49.6787,1,1200.0,0.0342,1200.0,41.04,1158.96,360.0,798.96,1.0,,0,57575.63
L0015244,INV-2025-007339,INV,,20250120,202501,73,8,875,7,OM,OMR,0.3845,3,1200.0,0.0,3600.0,0.0,3600.0,1080.0,2520.0,1.0,,0,1384.2
L0015151,INV-2025-007291,INV,,20250120,202501,65,7,796,10,AE,AED,3.6725,2,3000.0,0.1759,6000.0,1055.4,4944.6,1800.0,3144.6,1.25,,0,18159.04
L0015339,INV-2025-007395,INV,,20250120,202501,89,8,907,1,OM,OMR,0.3845,1,2400.0,0.0191,2400.0,45.85,2354.15,1320.0,1034.15,1.0,,0,905.17
L0015305,INV-2025-007374,INV,,20250120,202501,76,8,888,8,OM,OMR,0.3845,1,1500.0,0.0731,1500.0,109.65,1390.35,1050.0,340.35,1.0,,0,534.59
L0014978,INV-2025-007215,INV,,20250120,202501,54,5,521,3,SA,SAR,3.75,1,3600.0,0.063,3600.0,226.8,3373.2,1620.0,1753.2,1.0,,0,12649.5
L0015220,INV-2025-007324,INV,,20250121,202501,79,7,777,17,AE,AED,3.6725,6,450.0,0.2004,2699.99,541.08,2158.91,2025.0,133.91,1.0,,0,7928.61
L0015258,INV-2025-007346,INV,,20250121,202501,73,8,864,10,OM,OMR,0.3845,1,3000.0,0.0502,3000.0,150.61,2849.39,900.0,1949.39,1.25,,0,1095.59
L0014309,INV-2025-006874,INV,,20250121,202501,17,1,34,7,EG,EGP,49.6787,1,1200.0,0.1071,1200.0,128.52,1071.48,360.0,711.48,1.0,,0,53229.73
L0014305,INV-2025-006874,INV,,20250121,202501,17,1,34,12,EG,EGP,49.6787,1,4800.0,0.1061,4800.0,509.28,4290.72,2160.0,2130.72,1.25,,0,213157.39
L0015182,INV-2025-007306,INV,,20250121,202501,68,7,812,7,AE,AED,3.6725,2,1200.0,0.2053,2400.0,492.72,1907.28,720.0,1187.28,1.0,,0,7004.49
L0014306,INV-2025-006874,INV,,20250121,202501,17,1,34,1,EG,EGP,49.6787,1,2400.0,0.0787,2400.0,188.88,2211.12,1320.0,891.12,1.0,,0,109845.57
L0014308,INV-2025-006874,INV,,20250121,202501,17,1,34,18,EG,EGP,49.6787,8,800.0,0.1012,6400.0,647.68,5752.32,3520.0,2232.32,1.0,,0,285767.78
L0015330,INV-2025-007390,INV,,20250122,202501,82,8,885,7,OM,OMR,0.3845,1,1200.0,0.065,1200.0,78.0,1122.0,360.0,762.0,1.0,,0,431.41
L0014850,INV-2025-007140,INV,,20250122,202501,46,5,581,17,SA,SAR,3.75,6,450.0,0.0524,2700.0,141.48,2558.52,2025.0,533.52,1.0,,0,9594.45
L0015204,INV-2025-007316,INV,,20250122,202501,71,7,813,17,AE,AED,3.6725,39,450.0,0.1706,17549.95,2994.02,14555.93,13162.5,1393.43,1.0,,0,53456.64
L0014714,INV-2025-007088,INV,,20250122,202501,39,4,433,10,SA,SAR,3.75,1,3000.0,0.0903,3000.0,270.9,2729.1,900.0,1829.1,1.25,,0,10234.12
L0030989,CN-2025-00141,CN,INV-2024-005648,20250122,202501,32,3,370,1,EG,EGP,49.6787,-1,2400.0,0.2625,-2400.0,-630.0,-1770.0,-1320.0,-450.0,1.0,53.0,0,-87931.3
L0014559,INV-2025-007022,INV,,20250123,202501,87,2,244,15,EG,EGP,49.6787,1,1100.0,0.0334,1100.0,36.74,1063.26,858.0,205.26,1.0,,0,52821.37
L0014766,INV-2025-007106,INV,,20250123,202501,43,4,424,1,SA,SAR,3.75,1,2400.0,0.117,2400.0,280.8,2119.2,1320.0,799.2,1.0,,0,7947.0
L0014573,INV-2025-007028,INV,,20250123,202501,29,3,373,10,EG,EGP,49.6787,1,3000.0,0.21,3000.0,630.0,2370.0,900.0,1470.0,1.25,,0,117738.52
L0014702,INV-2025-007085,INV,,20250123,202501,39,4,400,1,SA,SAR,3.75,7,2400.0,0.1032,16800.0,1733.76,15066.24,9240.0,5826.24,1.0,,0,56498.4
L0014683,INV-2025-007079,INV,,20250124,202501,37,4,421,18,SA,SAR,3.75,12,800.0,0.1363,9600.0,1308.48,8291.52,5280.0,3011.52,1.0,,0,31093.2
L0014364,INV-2025-006904,INV,,20250124,202501,19,2,315,5,EG,EGP,49.6787,1,1800.0,0.0245,1800.0,44.1,1755.9,720.0,1035.9,1.0,,0,87230.83
L0014328,INV-2025-006883,INV,,20250124,202501,18,2,103,7,EG,EGP,49.6787,1,1200.0,0.0382,1200.0,45.84,1154.16,360.0,794.16,1.0,,0,57337.17
L0014366,INV-2025-006905,INV,,20250124,202501,19,2,143,15,EG,EGP,49.6787,2,1100.0,0.002,2200.0,4.4,2195.6,1716.0,479.6,1.0,,0,109074.55
L0014827,INV-2025-007130,INV,,20250125,202501,78,4,417,10,SA,SAR,3.75,1,3000.0,0.1369,3000.0,410.7,2589.3,900.0,1689.3,1.25,,0,9709.88
L0014709,INV-2025-007087,INV,,20250125,202501,39,4,403,10,SA,SAR,3.75,1,3000.0,0.053,3000.0,159.0,2841.0,900.0,1941.0,1.25,,0,10653.75
L0015110,INV-2025-007275,INV,,20250125,202501,62,6,736,10,AE,AED,3.6725,2,3000.0,0.0847,6000.0,508.2,5491.8,1800.0,3691.8,1.25,,0,20168.64
L0014710,INV-2025-007087,INV,,20250125,202501,39,4,403,4,SA,SAR,3.75,2,9000.0,0.0908,18000.0,1634.4,16365.6,9900.0,6465.6,1.0,,0,61371.0
L0014481,INV-2025-006981,INV,,20250126,202501,28,2,113,17,EG,EGP,49.6787,1,450.0,0.0682,450.0,30.69,419.31,337.5,81.81,1.0,,0,20830.78
L0014395,INV-2025-006923,INV,,20250127,202501,23,2,278,7,EG,EGP,49.6787,1,1200.0,0.0924,1200.0,110.88,1089.12,360.0,729.12,1.0,,0,54106.07
L0014379,INV-2025-006913,INV,,20250127,202501,21,2,217,7,EG,EGP,49.6787,1,1200.0,0.0319,1200.0,38.28,1161.72,360.0,801.72,1.0,,0,57712.74
L0014922,INV-2025-007183,INV,,20250127,202501,51,5,673,1,SA,SAR,3.75,3,2400.0,0.0592,7200.0,426.24,6773.76,3960.0,2813.76,1.0,,0,25401.6
L0014612,INV-2025-007046,INV,,20250127,202501,32,3,354,17,EG,EGP,49.6787,5,450.0,0.2053,2250.0,461.92,1788.08,1687.5,100.58,1.0,,0,88829.26
L0014589,INV-2025-007035,INV,,20250127,202501,30,3,334,17,EG,EGP,49.6787,11,450.0,0.1376,4950.0,681.12,4268.88,3712.5,556.38,1.0,,0,212072.46
L0014552,INV-2025-007017,INV,,20250127,202501,86,2,298,18,EG,EGP,49.6787,1,800.0,0.1422,800.0,113.76,686.24,440.0,246.24,1.0,,0,34091.51
L0015177,INV-2025-007303,INV,,20250127,202501,67,7,804,7,AE,AED,3.6725,8,1200.0,0.1827,9600.0,1753.92,7846.08,2880.0,4966.08,1.0,,0,28814.73
L0014248,INV-2025-006854,INV,,20250127,202501,14,1,6,10,EG,EGP,49.6787,1,3000.0,0.1355,3000.0,406.5,2593.5,900.0,1693.5,1.25,,0,128841.71
L0015142,INV-2025-007287,INV,,20250127,202501,80,6,757,7,AE,AED,3.6725,14,1200.0,0.0741,16800.0,1244.88,15555.12,5040.0,10515.12,1.0,,0,57126.18
L0015289,INV-2025-007365,INV,,20250127,202501,75,8,854,17,OM,OMR,0.3845,6,449.99,0.0888,2699.92,239.76,2460.16,2025.0,435.16,1.0,,0,945.93
L0014600,INV-2025-007040,INV,,20250127,202501,31,3,348,7,EG,EGP,49.6787,4,1200.0,0.1824,4800.0,875.52,3924.48,1440.0,2484.48,1.0,,0,194963.06
L0014433,INV-2025-006948,INV,,20250127,202501,25,2,74,1,EG,EGP,49.6787,1,2400.0,0.027,2400.0,64.8,2335.2,1320.0,1015.2,1.0,,0,116009.7
L0015290,INV-2025-007365,INV,,20250127,202501,75,8,854,1,OM,OMR,0.3845,1,2400.0,0.0532,2400.0,127.67,2272.33,1320.0,952.33,1.0,,0,873.71
L0014270,INV-2025-006861,INV,,20250127,202501,14,1,62,18,EG,EGP,49.6787,1,800.0,0.0886,800.0,70.88,729.12,440.0,289.12,1.0,,0,36221.73
L0014609,INV-2025-007045,INV,,20250127,202501,32,3,365,5,EG,EGP,49.6787,2,1800.0,0.2253,3600.0,811.08,2788.92,1440.0,1348.92,1.0,,0,138549.92
L0014998,INV-2025-007227,INV,,20250128,202501,55,5,618,15,SA,SAR,3.75,4,1100.0,0.047,4400.0,206.8,4193.2,3432.0,761.2,1.0,,0,15724.5
L0015326,INV-2025-007388,INV,,20250128,202501,82,8,907,8,OM,OMR,0.3845,3,1500.0,0.0487,4500.0,219.14,4280.86,3150.0,1130.86,1.0,,0,1645.99
L0014803,INV-2025-007120,INV,,20250128,202501,45,4,431,9,SA,SAR,3.75,2,6000.0,0.1003,12000.0,1203.6,10796.4,4200.0,6596.4,1.25,,0,40486.5
L0014299,INV-2025-006871,INV,,20250128,202501,17,1,58,12,EG,EGP,49.6787,1,4800.0,0.0895,4800.0,429.6,4370.4,2160.0,2210.4,1.25,,0,217115.79
L0014517,INV-2025-007000,INV,,20250128,202501,9,2,328,1,EG,EGP,49.6787,1,2400.0,0.0353,2400.0,84.72,2315.28,1320.0,995.28,1.0,,0,115020.1
L0014441,INV-2025-006953,INV,,20250128,202501,25,2,112,1,EG,EGP,49.6787,1,2400.0,0.0354,2400.0,84.96,2315.04,1320.0,995.04,1.0,,0,115008.18
L0014300,INV-2025-006871,INV,,20250128,202501,17,1,58,20,EG,EGP,49.6787,1,1500.0,0.1245,1500.0,186.75,1313.25,750.0,563.25,1.0,,0,65240.55
L0014487,INV-2025-006984,INV,,20250128,202501,28,2,221,20,EG,EGP,49.6787,2,1500.0,0.0306,3000.0,91.8,2908.2,1500.0,1408.2,1.0,,0,144475.6
L0014583,INV-2025-007032,INV,,20250128,202501,30,3,333,15,EG,EGP,49.6787,2,1100.0,0.1661,2200.0,365.42,1834.58,1716.0,118.58,1.0,,0,91139.55
L0014731,INV-2025-007094,INV,,20250128,202501,40,4,401,1,SA,SAR,3.75,2,2400.0,0.0852,4800.0,408.96,4391.04,2640.0,1751.04,1.0,,0,16466.4
L0014196,INV-2025-006837,INV,,20250128,202501,11,1,67,10,EG,EGP,49.6787,1,3000.0,0.0665,3000.0,199.5,2800.5,900.0,1900.5,1.25,,0,139125.2
L0014729,INV-2025-007094,INV,,20250128,202501,40,4,401,3,SA,SAR,3.75,1,3600.0,0.1089,3600.0,392.04,3207.96,1620.0,1587.96,1.0,,0,12029.85
L0014439,INV-2025-006951,INV,,20250129,202501,25,2,144,7,EG,EGP,49.6787,1,1200.0,0.1078,1200.0,129.36,1070.64,360.0,710.64,1.0,,1,53188.0
L0015275,INV-2025-007356,INV,,20250129,202501,74,8,905,10,OM,OMR,0.3845,1,3000.0,0.0835,3000.0,250.51,2749.49,900.0,1849.49,1.25,,1,1057.18
L0015235,INV-2025-007332,INV,,20250129,202501,73,8,842,1,OM,OMR,0.3845,1,2400.0,0.0399,2400.0,95.76,2304.24,1320.0,984.24,1.0,,1,885.98
L0014832,INV-2025-007131,INV,,20250129,202501,83,4,413,10,SA,SAR,3.75,4,3000.0,0.1131,12000.0,1357.2,10642.8,3600.0,7042.8,1.25,,1,39910.5
L0014725,INV-2025-007092,INV,,20250129,202501,39,4,423,7,SA,SAR,3.75,13,1200.0,0.1216,15600.0,1896.96,13703.04,4680.0,9023.04,1.0,,1,51386.4
L0014466,INV-2025-006973,INV,,20250129,202501,27,2,84,7,EG,EGP,49.6787,1,1200.0,0.0987,1200.0,118.44,1081.56,360.0,721.56,1.0,,1,53730.49
L0014376,INV-2025-006911,INV,,20250129,202501,21,2,150,1,EG,EGP,49.6787,1,2400.0,0.1023,2400.0,245.52,2154.48,1320.0,834.48,1.0,,1,107031.77
L0014777,INV-2025-007112,INV,,20250129,202501,43,4,443,18,SA,SAR,3.75,15,800.0,0.0973,12000.0,1167.6,10832.4,6600.0,4232.4,1.0,,1,40621.5
L0015249,INV-2025-007341,INV,,20250129,202501,73,8,903,1,OM,OMR,0.3845,1,2400.0,0.0238,2400.0,57.11,2342.89,1320.0,1022.89,1.0,,1,900.84
L0014716,INV-2025-007089,INV,,20250129,202501,39,4,415,1,SA,SAR,3.75,7,2400.0,0.1348,16800.0,2264.64,14535.36,9240.0,5295.36,1.0,,1,54507.6
L0015132,INV-2025-007284,INV,,20250129,202501,64,6,743,12,AE,AED,3.6725,1,4800.0,0.1288,4800.0,618.24,4181.76,2160.0,2021.76,1.25,,1,15357.51
L0014404,INV-2025-006928,INV,,20250129,202501,23,2,152,5,EG,EGP,49.6787,1,1800.0,0.1222,1800.0,219.96,1580.04,720.0,860.04,1.0,,1,78494.33
L0015107,INV-2025-007274,INV,,20250129,202501,62,6,758,19,AE,AED,3.6725,2,5500.0,0.1097,11000.0,1206.7,9793.3,4950.0,4843.3,1.0,,1,35965.89
L0014898,INV-2025-007168,INV,,20250130,202501,48,5,506,10,SA,SAR,3.75,1,3000.0,0.0,3000.0,0.0,3000.0,900.0,2100.0,1.25,,1,11250.0
L0014801,INV-2025-007119,INV,,20250130,202501,45,4,425,16,SA,SAR,3.75,1,2200.0,0.1188,2200.0,261.36,1938.64,1760.0,178.64,1.0,,1,7269.9
L0014846,INV-2025-007138,INV,,20250130,202501,46,5,635,1,SA,SAR,3.75,1,2400.0,0.0752,2400.0,180.48,2219.52,1320.0,899.52,1.0,,1,8323.2
L0014206,INV-2025-006840,INV,,20250130,202501,11,1,6,1,EG,EGP,49.6787,2,2400.0,0.1519,4800.0,729.12,4070.88,2640.0,1430.88,1.0,,1,202236.03
L0014355,INV-2025-006897,INV,,20250130,202501,19,2,243,17,EG,EGP,49.6787,4,450.0,0.0708,1800.0,127.44,1672.56,1350.0,322.56,1.0,,1,83090.63
L0014982,INV-2025-007217,INV,,20250130,202501,54,5,581,1,SA,SAR,3.75,1,2400.0,0.0884,2400.0,212.16,2187.84,1320.0,867.84,1.0,,1,8204.4
L0014578,INV-2025-007029,INV,,20250130,202501,29,3,361,7,EG,EGP,49.6787,3,1200.0,0.2319,3600.0,834.84,2765.16,1080.0,1685.16,1.0,,1,137369.55
L0015044,INV-2025-007250,INV,,20250130,202501,56,6,731,8,AE,USD,1.0,17,1500.0,0.1937,25500.0,4939.35,20560.65,17850.0,2710.65,1.0,,1,20560.65
L0014845,INV-2025-007138,INV,,20250130,202501,46,5,635,12,SA,SAR,3.75,1,4800.0,0.0707,4800.0,339.36,4460.64,2160.0,2300.64,1.25,,1,16727.4
L0014356,INV-2025-006898,INV,,20250130,202501,19,2,165,12,EG,EGP,49.6787,1,4800.0,0.0682,4800.0,327.36,4472.64,2160.0,2312.64,1.25,,1,222194.94
L0015281,INV-2025-007360,INV,,20250130,202501,75,8,859,8,OM,OMR,0.3845,2,1500.0,0.0775,3000.0,232.51,2767.49,2100.0,667.49,1.0,,1,1064.1
L0014592,INV-2025-007037,INV,,20250130,202501,31,3,366,15,EG,EGP,49.6787,5,1100.0,0.1781,5500.0,979.55,4520.45,4290.0,230.45,1.0,,1,224570.08
L0014529,INV-2025-007007,INV,,20250130,202501,9,2,326,17,EG,EGP,49.6787,6,450.0,0.0607,2700.0,163.89,2536.11,2025.0,511.11,1.0,,1,125990.68
L0014814,INV-2025-007124,INV,,20250130,202501,78,4,407,3,SA,SAR,3.75,2,3600.0,0.1196,7200.0,861.12,6338.88,3240.0,3098.88,1.0,,1,23770.8
L0014647,INV-2025-007065,INV,,20250130,202501,35,3,347,8,EG,EGP,49.6787,4,1500.0,0.2266,6000.0,1359.6,4640.4,4200.0,440.4,1.0,,1,230529.04
L0014240,INV-2025-006852,INV,,20250130,202501,14,1,4,20,EG,EGP,49.6787,2,1500.0,0.16,3000.0,480.0,2520.0,1500.0,1020.0,1.0,,1,125190.32
L0015045,INV-2025-007250,INV,,20250130,202501,56,6,731,1,AE,USD,1.0,1,2400.0,0.1453,2400.0,348.72,2051.28,1320.0,731.28,1.0,,1,2051.28
L0015188,INV-2025-007309,INV,,20250131,202501,69,7,807,7,AE,AED,3.6725,3,1200.0,0.201,3600.0,723.6,2876.4,1080.0,1796.4,1.0,,1,10563.58
L0014806,INV-2025-007121,INV,,20250131,202501,45,4,444,5,SA,SAR,3.75,1,1800.0,0.1137,1800.0,204.66,1595.34,720.0,875.34,1.0,,1,5982.52
L0014163,INV-2025-006827,INV,,20250131,202501,10,1,63,1,EG,EGP,49.6787,3,2400.0,0.1282,7200.0,923.04,6276.96,3960.0,2316.96,1.0,,1,311831.21
L0014785,INV-2025-007113,INV,,20250131,202501,43,4,420,15,SA,SAR,3.75,9,1100.0,0.1426,9900.0,1411.74,8488.26,7722.0,766.26,1.0,,1,31830.98
L0015224,INV-2025-007326,INV,,20250131,202501,79,7,776,7,AE,AED,3.6725,2,1200.0,0.2239,2400.0,537.36,1862.64,720.0,1142.64,1.0,,1,6840.55
L0015068,INV-2025-007258,INV,,20250131,202501,58,6,714,1,AE,AED,3.6725,1,2400.0,0.124,2400.0,297.6,2102.4,1320.0,782.4,1.0,,1,7721.06
L0014925,INV-2025-007186,INV,,20250131,202501,51,5,526,15,SA,SAR,3.75,4,1100.0,0.0647,4400.0,284.68,4115.32,3432.0,683.32,1.0,,1,15432.45
L0014513,INV-2025-006998,INV,,20250131,202501,85,2,248,7,EG,EGP,49.6787,1,1200.0,0.1081,1200.0,129.72,1070.28,360.0,710.28,1.0,,1,53170.12
L0014582,INV-2025-007031,INV,,20250131,202501,30,3,373,17,EG,EGP,49.6787,1,450.0,0.1874,450.0,84.33,365.67,337.5,28.17,1.0,,1,18166.01
L0014820,INV-2025-007127,INV,,20250131,202501,78,4,405,10,SA,SAR,3.75,1,3000.0,0.0984,3000.0,295.2,2704.8,900.0,1804.8,1.25,,1,10143.0
L0014494,INV-2025-006989,INV,,20250131,202501,28,2,171,7,EG,EGP,49.6787,4,1200.0,0.0825,4800.0,396.0,4404.0,1440.0,2964.0,1.0,,1,218784.99
L0015228,INV-2025-007327,INV,,20250131,202501,81,7,816,7,AE,AED,3.6725,2,1200.0,0.1634,2400.0,392.16,2007.84,720.0,1287.84,1.0,,1,7373.79
L0015295,INV-2025-007369,INV,,20250131,202501,75,8,901,17,OM,OMR,0.3845,1,449.99,0.0721,449.99,32.43,417.56,337.5,80.06,1.0,,1,160.55
L0015066,INV-2025-007258,INV,,20250131,202501,58,6,714,10,AE,AED,3.6725,3,3000.0,0.1382,9000.0,1243.8,7756.2,2700.0,5056.2,1.25,,1,28484.64
L0014432,INV-2025-006947,INV,,20250131,202501,25,2,223,17,EG,EGP,49.6787,1,450.0,0.0545,450.0,24.52,425.48,337.5,87.98,1.0,,1,21137.05
L0015614,INV-2025-007534,INV,,20250201,202502,25,2,316,1,EG,EGP,49.1127,1,2400.0,0.0364,2400.0,87.36,2312.64,1320.0,992.64,1.0,,0,113579.99
L0031046,CN-2025-00172,CN,INV-2024-006333,20250201,202502,32,3,365,16,EG,EGP,49.1127,-4,2200.0,0.189,-8800.0,-1663.2,-7136.8,-7040.0,-96.8,1.0,36.0,0,-350507.52
L0015775,INV-2025-007617,INV,,20250201,202502,31,3,370,6,EG,EGP,49.1127,1,7500.0,0.1475,7500.0,1106.25,6393.75,2850.0,3543.75,1.0,,0,314014.33
L0016187,INV-2025-007825,INV,,20250201,202502,55,5,458,1,SA,SAR,3.75,1,2400.0,0.0363,2400.0,87.12,2312.88,1320.0,992.88,1.0,,0,8673.3
L0016269,INV-2025-007855,INV,,20250202,202502,61,6,720,15,AE,AED,3.6725,4,1100.0,0.0433,4400.0,190.52,4209.48,3432.0,777.48,1.0,,0,15459.32
L0016334,INV-2025-007882,INV,,20250202,202502,80,6,715,12,AE,AED,3.6725,1,4800.0,0.1056,4800.0,506.88,4293.12,2160.0,2133.12,1.25,,0,15766.48
L0016166,INV-2025-007812,INV,,20250202,202502,54,5,504,15,SA,SAR,3.75,2,1100.0,0.0768,2200.0,168.96,2031.04,1716.0,315.04,1.0,,0,7616.4
L0016266,INV-2025-007855,INV,,20250202,202502,61,6,720,6,AE,AED,3.6725,1,7500.0,0.0673,7500.0,504.75,6995.25,2850.0,4145.25,1.0,,0,25690.06
L0015752,INV-2025-007606,INV,,20250202,202502,29,3,370,3,EG,EGP,49.1127,1,3600.0,0.1947,3600.0,700.92,2899.08,1620.0,1279.08,1.0,,0,142381.65
L0015631,INV-2025-007542,INV,,20250203,202502,26,2,135,12,EG,EGP,49.1127,1,4800.0,0.118,4800.0,566.4,4233.6,2160.0,2073.6,1.25,,0,207923.53
L0015884,INV-2025-007662,INV,,20250203,202502,41,4,425,18,SA,SAR,3.75,1,800.0,0.0485,800.0,38.8,761.2,440.0,321.2,1.0,,0,2854.5
L0015559,INV-2025-007501,INV,,20250203,202502,23,2,97,5,EG,EGP,49.1127,1,1800.0,0.1093,1800.0,196.74,1603.26,720.0,883.26,1.0,,0,78740.43
L0016201,INV-2025-007834,INV,,20250203,202502,56,6,732,10,AE,AED,3.6725,3,3000.0,0.1541,9000.0,1386.9,7613.1,2700.0,4913.1,1.25,,0,27959.11
L0016293,INV-2025-007866,INV,,20250203,202502,62,6,727,10,AE,AED,3.6725,1,3000.0,0.1043,3000.0,312.9,2687.1,900.0,1787.1,1.25,,0,9868.37
L0016563,INV-2025-008005,INV,,20250203,202502,89,8,888,10,OM,OMR,0.3845,1,3000.0,0.0202,3000.0,60.6,2939.4,900.0,2039.4,1.25,,0,1130.2
L0015622,INV-2025-007537,INV,,20250203,202502,25,2,188,8,EG,EGP,49.1127,1,1500.0,0.0361,1500.0,54.15,1445.85,1050.0,395.85,1.0,,0,71009.6
L0015836,INV-2025-007643,INV,,20250204,202502,36,4,382,9,SA,SAR,3.75,1,6000.0,0.0986,6000.0,591.6,5408.4,2100.0,3308.4,1.25,,0,20281.5
L0015834,INV-2025-007643,INV,,20250204,202502,36,4,382,4,SA,SAR,3.75,1,9000.0,0.0219,9000.0,197.1,8802.9,4950.0,3852.9,1.0,,0,33010.88
L0015832,INV-2025-007643,INV,,20250204,202502,36,4,382,4,SA,SAR,3.75,1,9000.0,0.0828,9000.0,745.2,8254.8,4950.0,3304.8,1.0,,0,30955.5
L0015627,INV-2025-007540,INV,,20250204,202502,26,2,98,5,EG,EGP,49.1127,3,1800.0,0.1085,5400.0,585.9,4814.1,2160.0,2654.1,1.0,,0,236433.45
L0016323,INV-2025-007877,INV,,20250204,202502,64,6,734,12,AE,AED,3.6725,1,4800.0,0.0668,4800.0,320.64,4479.36,2160.0,2319.36,1.25,,0,16450.45
L0015490,INV-2025-007458,INV,,20250204,202502,18,2,103,15,EG,EGP,49.1127,2,1100.0,0.033,2200.0,72.6,2127.4,1716.0,411.4,1.0,,0,104482.36
L0016405,INV-2025-007917,INV,,20250205,202502,71,7,813,15,AE,AED,3.6725,25,1100.0,0.1611,27500.0,4430.25,23069.75,21450.0,1619.75,1.0,,0,84723.66
L0015629,INV-2025-007541,INV,,20250205,202502,26,2,106,15,EG,EGP,49.1127,1,1100.0,0.1323,1100.0,145.53,954.47,858.0,96.47,1.0,,0,46876.6
L0016139,INV-2025-007798,INV,,20250205,202502,53,5,669,7,SA,SAR,3.75,1,1200.0,0.1029,1200.0,123.48,1076.52,360.0,716.52,1.0,,0,4036.95
L0016129,INV-2025-007794,INV,,20250205,202502,53,5,545,10,SA,SAR,3.75,1,3000.0,0.1008,3000.0,302.4,2697.6,900.0,1797.6,1.25,,0,10116.0
L0015778,INV-2025-007619,INV,,20250205,202502,31,3,337,1,EG,EGP,49.1127,1,2400.0,0.1774,2400.0,425.76,1974.24,1320.0,654.24,1.0,,0,96960.26
L0015628,INV-2025-007541,INV,,20250205,202502,26,2,106,7,EG,EGP,49.1127,1,1200.0,0.1248,1200.0,149.76,1050.24,360.0,690.24,1.0,,0,51580.12
L0015713,INV-2025-007586,INV,,20250206,202502,86,2,238,8,EG,EGP,49.1127,2,1500.0,0.1199,3000.0,359.7,2640.3,2100.0,540.3,1.0,,0,129672.26
L0015926,INV-2025-007679,INV,,20250206,202502,78,4,418,3,SA,SAR,3.75,1,3600.0,0.1227,3600.0,441.72,3158.28,1620.0,1538.28,1.0,,0,11843.55
L0016546,INV-2025-007996,INV,,20250206,202502,88,8,830,7,OM,OMR,0.3845,1,1200.0,0.0354,1200.0,42.47,1157.53,360.0,797.53,1.0,,0,445.07
L0016365,INV-2025-007897,INV,,20250207,202502,67,7,811,15,AE,AED,3.6725,1,1100.0,0.2188,1100.0,240.68,859.32,858.0,1.32,1.0,,0,3155.85
L0016223,INV-2025-007841,INV,,20250207,202502,57,6,738,12,AE,USD,1.0,1,4800.0,0.1105,4800.0,530.4,4269.6,2160.0,2109.6,1.25,,0,4269.6
L0016084,INV-2025-007765,INV,,20250207,202502,51,5,462,3,SA,SAR,3.75,2,3600.0,0.0472,7200.0,339.84,6860.16,3240.0,3620.16,1.0,,0,25725.6
L0016398,INV-2025-007913,INV,,20250207,202502,71,7,800,10,AE,AED,3.6725,2,3000.0,0.135,6000.0,810.0,5190.0,1800.0,3390.0,1.25,,0,19060.28
L0015426,INV-2025-007432,INV,,20250207,202502,14,1,6,5,EG,EGP,49.1127,7,1800.0,0.1214,12600.0,1529.64,11070.36,5040.0,6030.36,1.0,,0,543695.27
L0031086,CN-2025-00193,CN,INV-2025-006836,20250207,202502,11,1,15,12,EG,EGP,49.1127,-1,4800.0,0.0965,-4800.0,-463.2,-4336.8,-2160.0,-2176.8,1.25,13.0,0,-212991.96
L0016224,INV-2025-007841,INV,,20250207,202502,57,6,738,5,AE,USD,1.0,5,1800.0,0.1028,9000.0,925.2,8074.8,3600.0,4474.8,1.0,,0,8074.8
L0015552,INV-2025-007497,INV,,20250207,202502,23,2,187,1,EG,EGP,49.1127,1,2400.0,0.0877,2400.0,210.48,2189.52,1320.0,869.52,1.0,,0,107533.24
L0015390,INV-2025-007419,INV,,20250208,202502,11,1,70,1,EG,EGP,49.1127,1,2400.0,0.0696,2400.0,167.04,2232.96,1320.0,912.96,1.0,,0,109666.69
L0031023,CN-2025-00157,CN,INV-2024-006053,20250208,202502,75,8,883,1,OM,OMR,0.3845,-1,2400.0,0.0586,-2400.0,-140.65,-2259.35,-1320.0,-939.35,1.0,88.0,0,-868.72
L0016348,INV-2025-007890,INV,,20250209,202502,65,7,798,1,AE,AED,3.6725,1,2400.0,0.158,2400.0,379.2,2020.8,1320.0,700.8,1.0,,0,7421.39
L0015555,INV-2025-007499,INV,,20250209,202502,23,2,264,1,EG,EGP,49.1127,1,2400.0,0.1027,2400.0,246.48,2153.52,1320.0,833.52,1.0,,0,105765.18
L0016275,INV-2025-007858,INV,,20250209,202502,61,6,720,2,AE,AED,3.6725,1,14000.0,0.1113,14000.0,1558.2,12441.8,7000.0,5441.8,1.0,,0,45692.51
L0016513,INV-2025-007979,INV,,20250209,202502,82,8,846,10,OM,OMR,0.3845,1,3000.0,0.0134,3000.0,40.21,2959.79,900.0,2059.79,1.25,,0,1138.04
L0016171,INV-2025-007815,INV,,20250209,202502,55,5,495,15,SA,SAR,3.75,3,1100.0,0.0523,3300.0,172.59,3127.41,2574.0,553.41,1.0,,0,11727.79
L0015889,INV-2025-007665,INV,,20250209,202502,41,4,431,8,SA,SAR,3.75,3,1500.0,0.0428,4500.0,192.6,4307.4,3150.0,1157.4,1.0,,0,16152.75
L0016475,INV-2025-007957,INV,,20250209,202502,75,8,946,17,OM,OMR,0.3845,4,449.99,0.0522,1799.95,93.97,1705.98,1350.0,355.98,1.0,,0,655.95
L0015867,INV-2025-007657,INV,,20250209,202502,41,4,405,1,SA,SAR,3.75,1,2400.0,0.0442,2400.0,106.08,2293.92,1320.0,973.92,1.0,,0,8602.2
L0016128,INV-2025-007793,INV,,20250209,202502,53,5,701,7,SA,SAR,3.75,1,1200.0,0.0828,1200.0,99.36,1100.64,360.0,740.64,1.0,,0,4127.4
L0016303,INV-2025-007869,INV,,20250209,202502,63,6,756,17,AE,AED,3.6725,23,450.0,0.1193,10349.97,1234.75,9115.22,7762.5,1352.72,1.0,,0,33475.64
L0015543,INV-2025-007490,INV,,20250210,202502,21,2,290,7,EG,EGP,49.1127,2,1200.0,0.0168,2400.0,40.32,2359.68,720.0,1639.68,1.0,,0,115890.26
L0015809,INV-2025-007634,INV,,20250210,202502,35,3,341,16,EG,EGP,49.1127,1,2200.0,0.2092,2200.0,460.24,1739.76,1760.0,-20.24,1.0,,0,85444.31
L0015998,INV-2025-007711,INV,,20250210,202502,47,5,686,16,SA,SAR,3.75,3,2200.0,0.1018,6600.0,671.88,5928.12,5280.0,648.12,1.0,,0,22230.45
L0015810,INV-2025-007634,INV,,20250210,202502,35,3,341,7,EG,EGP,49.1127,1,1200.0,0.1781,1200.0,213.72,986.28,360.0,626.28,1.0,,0,48438.87
L0016190,INV-2025-007827,INV,,20250210,202502,84,5,675,10,SA,SAR,3.75,2,3000.0,0.0762,6000.0,457.2,5542.8,1800.0,3742.8,1.25,,0,20785.5
L0015861,INV-2025-007654,INV,,20250211,202502,40,4,376,1,SA,SAR,3.75,1,2400.0,0.0954,2400.0,228.96,2171.04,1320.0,851.04,1.0,,0,8141.4
L0015469,INV-2025-007448,INV,,20250211,202502,17,1,10,1,EG,EGP,49.1127,1,2400.0,0.0783,2400.0,187.92,2212.08,1320.0,892.08,1.0,,0,108641.22
L0015898,INV-2025-007670,INV,,20250211,202502,43,4,405,10,SA,SAR,3.75,5,3000.0,0.0854,15000.0,1281.0,13719.0,4500.0,9219.0,1.25,,0,51446.25
L0015899,INV-2025-007670,INV,,20250211,202502,43,4,405,10,SA,SAR,3.75,5,3000.0,0.1155,15000.0,1732.5,13267.5,4500.0,8767.5,1.25,,0,49753.12
L0015515,INV-2025-007474,INV,,20250211,202502,19,2,296,1,EG,EGP,49.1127,1,2400.0,0.0346,2400.0,83.04,2316.96,1320.0,996.96,1.0,,0,113792.16
L0015416,INV-2025-007428,INV,,20250211,202502,13,1,58,3,EG,EGP,49.1127,1,3600.0,0.1883,3600.0,677.88,2922.12,1620.0,1302.12,1.0,,0,143513.2
L0015593,INV-2025-007520,INV,,20250211,202502,24,2,76,1,EG,EGP,49.1127,1,2400.0,0.1084,2400.0,260.16,2139.84,1320.0,819.84,1.0,,0,105093.32
L0016045,INV-2025-007741,INV,,20250211,202502,48,5,585,1,SA,SAR,3.75,1,2400.0,0.0,2400.0,0.0,2400.0,1320.0,1080.0,1.0,,0,9000.0
L0015689,INV-2025-007576,INV,,20250211,202502,9,2,81,7,EG,EGP,49.1127,1,1200.0,0.0411,1200.0,49.32,1150.68,360.0,790.68,1.0,,0,56513.0
L0016208,INV-2025-007836,INV,,20250211,202502,56,6,741,17,AE,AED,3.6725,30,450.0,0.1337,13499.96,1804.95,11695.01,10125.0,1570.01,1.0,,0,42949.94
L0016442,INV-2025-007936,INV,,20250212,202502,73,8,912,17,OM,OMR,0.3845,2,449.99,0.0307,899.97,27.62,872.35,675.0,197.35,1.0,,0,335.42
L0015886,INV-2025-007663,INV,,20250212,202502,41,4,425,10,SA,SAR,3.75,4,3000.0,0.0275,12000.0,330.0,11670.0,3600.0,8070.0,1.25,,0,43762.5
L0015786,INV-2025-007623,INV,,20250212,202502,32,3,366,16,EG,EGP,49.1127,4,2200.0,0.2399,8800.0,2111.12,6688.88,7040.0,-351.12,1.0,,0,328508.96
L0016262,INV-2025-007854,INV,,20250212,202502,59,6,769,15,AE,AED,3.6725,5,1100.0,0.1414,5500.0,777.7,4722.3,4290.0,432.3,1.0,,0,17342.65
L0015962,INV-2025-007690,INV,,20250212,202502,46,5,675,7,SA,SAR,3.75,1,1200.0,0.0865,1200.0,103.8,1096.2,360.0,736.2,1.0,,0,4110.75
L0015885,INV-2025-007663,INV,,20250212,202502,41,4,425,12,SA,SAR,3.75,1,4800.0,0.0551,4800.0,264.48,4535.52,2160.0,2375.52,1.25,,0,17008.2
L0015735,INV-2025-007599,INV,,20250212,202502,29,3,365,14,EG,EGP,49.1127,1,9600.0,0.1856,9600.0,1781.76,7818.24,4800.0,3018.24,1.25,,0,383974.88
L0016453,INV-2025-007943,INV,,20250213,202502,74,8,886,15,OM,OMR,0.3845,2,1100.0,0.0729,2200.0,160.39,2039.61,1716.0,323.61,1.0,,0,784.23
L0016454,INV-2025-007943,INV,,20250213,202502,74,8,886,8,OM,OMR,0.3845,1,1500.0,0.0269,1500.0,40.34,1459.66,1050.0,409.66,1.0,,0,561.24
L0016049,INV-2025-007744,INV,,20250213,202502,48,5,645,20,SA,SAR,3.75,4,1500.0,0.0,6000.0,0.0,6000.0,3000.0,3000.0,1.0,,0,22500.0
L0015692,INV-2025-007577,INV,,20250213,202502,9,2,305,17,EG,EGP,49.1127,2,450.0,0.0347,900.0,31.23,868.77,675.0,193.77,1.0,,0,42667.65
L0015623,INV-2025-007538,INV,,20250213,202502,26,2,132,1,EG,EGP,49.1127,1,2400.0,0.1273,2400.0,305.52,2094.48,1320.0,774.48,1.0,,0,102865.57
L0015693,INV-2025-007577,INV,,20250213,202502,9,2,305,7,EG,EGP,49.1127,1,1200.0,0.0378,1200.0,45.36,1154.64,360.0,794.64,1.0,,0,56707.49
L0016417,INV-2025-007924,INV,,20250214,202502,79,7,783,15,AE,AED,3.6725,13,1100.0,0.2126,14300.0,3040.18,11259.82,11154.0,105.82,1.0,,0,41351.69
L0015444,INV-2025-007439,INV,,20250214,202502,15,1,60,12,EG,EGP,49.1127,1,4800.0,0.1322,4800.0,634.56,4165.44,2160.0,2005.44,1.25,,0,204576.01
L0016199,INV-2025-007833,INV,,20250214,202502,84,5,569,5,SA,SAR,3.75,1,1800.0,0.0581,1800.0,104.58,1695.42,720.0,975.42,1.0,,0,6357.82
L0016097,INV-2025-007773,INV,,20250215,202502,52,5,471,7,SA,SAR,3.75,1,1200.0,0.0,1200.0,0.0,1200.0,360.0,840.0,1.0,,0,4500.0
L0015369,INV-2025-007410,INV,,20250215,202502,11,1,42,15,EG,EGP,49.1127,5,1100.0,0.0938,5500.0,515.9,4984.1,4290.0,694.1,1.0,,0,244782.61
L0015480,INV-2025-007451,INV,,20250215,202502,90,1,13,12,EG,EGP,49.1127,1,4800.0,0.132,4800.0,633.6,4166.4,2160.0,2006.4,1.25,,0,204623.15
L0016240,INV-2025-007847,INV,,20250216,202502,58,6,723,14,AE,AED,3.6725,1,9600.0,0.0753,9600.0,722.88,8877.12,4800.0,4077.12,1.25,,0,32601.22
L0015802,INV-2025-007632,INV,,20250216,202502,35,3,346,10,EG,EGP,49.1127,1,3000.0,0.2056,3000.0,616.8,2383.2,900.0,1483.2,1.25,,0,117045.39
L0015803,INV-2025-007632,INV,,20250216,202502,35,3,346,16,EG,EGP,49.1127,1,2200.0,0.167,2200.0,367.4,1832.6,1760.0,72.6,1.0,,0,90003.93
L0016062,INV-2025-007752,INV,,20250217,202502,50,5,486,8,SA,SAR,3.75,1,1500.0,0.0889,1500.0,133.35,1366.65,1050.0,316.65,1.0,,0,5124.94
L0015744,INV-2025-007604,INV,,20250217,202502,29,3,351,12,EG,EGP,49.1127,1,4800.0,0.1998,4800.0,959.04,3840.96,2160.0,1680.96,1.25,,0,188639.92
L0016061,INV-2025-007752,INV,,20250217,202502,50,5,486,16,SA,SAR,3.75,1,2200.0,0.0693,2200.0,152.46,2047.54,1760.0,287.54,1.0,,0,7678.28
L0015393,INV-2025-007420,INV,,20250217,202502,11,1,13,10,EG,EGP,49.1127,1,3000.0,0.1336,3000.0,400.8,2599.2,900.0,1699.2,1.25,,0,127653.73
L0015461,INV-2025-007445,INV,,20250217,202502,16,1,51,12,EG,EGP,49.1127,1,4800.0,0.0907,4800.0,435.36,4364.64,2160.0,2204.64,1.25,,0,214359.25
L0015607,INV-2025-007531,INV,,20250217,202502,25,2,226,17,EG,EGP,49.1127,1,450.0,0.0418,450.0,18.81,431.19,337.5,93.69,1.0,,0,21176.91
L0016451,INV-2025-007942,INV,,20250218,202502,73,8,858,17,OM,OMR,0.3845,1,449.99,0.0163,449.99,7.34,442.65,337.5,105.15,1.0,,0,170.2
L0016285,INV-2025-007863,INV,,20250218,202502,62,6,773,12,AE,AED,3.6725,1,4800.0,0.0948,4800.0,455.04,4344.96,2160.0,2184.96,1.25,,0,15956.87
L0030977,CN-2025-00136,CN,INV-2024-005616,20250219,202502,29,3,360,8,EG,EGP,49.1127,-1,1500.0,0.2146,-1500.0,-321.9,-1178.1,-1050.0,-128.1,1.0,106.0,0,-57859.67
L0016372,INV-2025-007900,INV,,20250219,202502,67,7,801,15,AE,AED,3.6725,1,1100.0,0.2074,1100.0,228.14,871.86,858.0,13.86,1.0,,0,3201.91
L0015547,INV-2025-007493,INV,,20250219,202502,23,2,196,1,EG,EGP,49.1127,1,2400.0,0.0969,2400.0,232.56,2167.44,1320.0,847.44,1.0,,0,106448.83
L0015848,INV-2025-007649,INV,,20250219,202502,37,4,405,8,SA,SAR,3.75,3,1500.0,0.1366,4500.0,614.7,3885.3,3150.0,735.3,1.0,,0,14569.87
L0015931,INV-2025-007680,INV,,20250219,202502,83,4,412,1,SA,SAR,3.75,3,2400.0,0.0715,7200.0,514.8,6685.2,3960.0,2725.2,1.0,,0,25069.5
L0015932,INV-2025-007680,INV,,20250219,202502,83,4,412,8,SA,SAR,3.75,1,1500.0,0.0976,1500.0,146.4,1353.6,1050.0,303.6,1.0,,0,5076.0
L0015729,INV-2025-007595,INV,,20250219,202502,87,2,323,10,EG,EGP,49.1127,1,3000.0,0.0441,3000.0,132.3,2867.7,900.0,1967.7,1.25,,0,140840.49
L0015446,INV-2025-007440,INV,,20250219,202502,15,1,37,1,EG,EGP,49.1127,1,2400.0,0.1136,2400.0,272.64,2127.36,1320.0,807.36,1.0,,0,104480.39
L0016373,INV-2025-007900,INV,,20250219,202502,67,7,801,1,AE,AED,3.6725,1,2400.0,0.1775,2400.0,426.0,1974.0,1320.0,654.0,1.0,,0,7249.52
L0016065,INV-2025-007754,INV,,20250219,202502,50,5,675,7,SA,SAR,3.75,2,1200.0,0.0754,2400.0,180.96,2219.04,720.0,1499.04,1.0,,0,8321.4
L0031078,CN-2025-00190,CN,INV-2024-006726,20250219,202502,69,7,782,18,AE,AED,3.6725,-1,800.0,0.1918,-800.0,-153.44,-646.56,-440.0,-206.56,1.0,74.0,0,-2374.49
L0015676,INV-2025-007569,INV,,20250220,202502,85,2,124,16,EG,EGP,49.1127,3,2200.0,0.0348,6600.0,229.68,6370.32,5280.0,1090.32,1.0,,0,312863.62
L0016142,INV-2025-007799,INV,,20250220,202502,53,5,461,17,SA,SAR,3.75,1,450.0,0.1158,450.0,52.11,397.89,337.5,60.39,1.0,,0,1492.09
L0016023,INV-2025-007727,INV,,20250220,202502,47,5,604,1,SA,SAR,3.75,1,2400.0,0.1173,2400.0,281.52,2118.48,1320.0,798.48,1.0,,0,7944.3
L0016434,INV-2025-007931,INV,,20250220,202502,73,8,912,7,OM,OMR,0.3845,1,1200.0,0.0,1200.0,0.0,1200.0,360.0,840.0,1.0,,0,461.4
L0015488,INV-2025-007456,INV,,20250220,202502,18,2,240,16,EG,EGP,49.1127,1,2200.0,0.0555,2200.0,122.1,2077.9,1760.0,317.9,1.0,,0,102051.28
L0015699,INV-2025-007580,INV,,20250220,202502,9,2,310,16,EG,EGP,49.1127,1,2200.0,0.0262,2200.0,57.64,2142.36,1760.0,382.36,1.0,,0,105217.08
L0015934,INV-2025-007681,INV,,20250221,202502,83,4,438,17,SA,SAR,3.75,80,450.0,0.082,36000.0,2952.0,33048.0,27000.0,6048.0,1.0,,0,123930.0
L0016359,INV-2025-007895,INV,,20250221,202502,67,7,776,5,AE,AED,3.6725,2,1800.0,0.2198,3600.0,791.28,2808.72,1440.0,1368.72,1.0,,0,10315.02
L0016557,INV-2025-008002,INV,,20250221,202502,89,8,852,17,OM,OMR,0.3845,1,449.99,0.0405,449.99,18.23,431.76,337.5,94.26,1.0,,0,166.01
L0016363,INV-2025-007896,INV,,20250221,202502,67,7,776,16,AE,AED,3.6725,5,2200.0,0.1701,11000.0,1871.1,9128.9,8800.0,328.9,1.0,,0,33525.89
L0015606,INV-2025-007530,INV,,20250221,202502,25,2,253,15,EG,EGP,49.1127,3,1100.0,0.0196,3300.0,64.68,3235.32,2574.0,661.32,1.0,,0,158895.3
L0031093,CN-2025-00198,CN,INV-2025-007176,20250221,202502,50,5,479,5,SA,SAR,3.75,-2,1800.0,0.1058,-3600.0,-380.88,-3219.12,-1440.0,-1779.12,1.0,21.0,0,-12071.7
L0015895,INV-2025-007667,INV,,20250221,202502,42,4,433,13,SA,SAR,3.75,1,12000.0,0.0714,12000.0,856.8,11143.2,5040.0,6103.2,1.25,,0,41787.0
L0016256,INV-2025-007852,INV,,20250222,202502,58,6,718,7,AE,AED,3.6725,1,1200.0,0.1249,1200.0,149.88,1050.12,360.0,690.12,1.0,,0,3856.57
L0015498,INV-2025-007462,INV,,20250222,202502,18,2,184,17,EG,EGP,49.1127,1,450.0,0.0,450.0,0.0,450.0,337.5,112.5,1.0,,0,22100.72
L0016068,INV-2025-007756,INV,,20250222,202502,50,5,512,18,SA,SAR,3.75,4,800.0,0.0624,3200.0,199.68,3000.32,1760.0,1240.32,1.0,,0,11251.2
L0016561,INV-2025-008004,INV,,20250222,202502,89,8,829,7,OM,OMR,0.3845,4,1200.0,0.0362,4800.0,173.76,4626.24,1440.0,3186.24,1.0,,0,1778.79
L0016494,INV-2025-007966,INV,,20250222,202502,76,8,852,7,OM,OMR,0.3845,1,1200.0,0.1405,1200.0,168.61,1031.39,360.0,671.39,1.0,,0,396.57
L0016469,INV-2025-007954,INV,,20250223,202502,74,8,876,3,OM,OMR,0.3845,1,3600.0,0.0287,3600.0,103.33,3496.67,1620.0,1876.67,1.0,,0,1344.47
L0015795,INV-2025-007628,INV,,20250224,202502,34,3,364,18,EG,EGP,49.1127,7,800.0,0.1932,5600.0,1081.92,4518.08,3080.0,1438.08,1.0,,0,221895.11
L0015584,INV-2025-007515,INV,,20250224,202502,24,2,82,1,EG,EGP,49.1127,1,2400.0,0.1305,2400.0,313.2,2086.8,1320.0,766.8,1.0,,0,102488.38
L0016529,INV-2025-007987,INV,,20250224,202502,82,8,920,10,OM,OMR,0.3845,2,3000.0,0.0552,6000.0,331.21,5668.79,1800.0,3868.79,1.25,,0,2179.65
L0015347,INV-2025-007400,INV,,20250224,202502,10,1,23,15,EG,EGP,49.1127,19,1100.0,0.1747,20900.0,3651.23,17248.77,16302.0,946.77,1.0,,0,847133.67
L0016105,INV-2025-007777,INV,,20250224,202502,52,5,535,1,SA,SAR,3.75,1,2400.0,0.0497,2400.0,119.28,2280.72,1320.0,960.72,1.0,,0,8552.7
L0015837,INV-2025-007644,INV,,20250224,202502,36,4,425,10,SA,SAR,3.75,3,3000.0,0.0706,9000.0,635.4,8364.6,2700.0,5664.6,1.25,,0,31367.25
L0016175,INV-2025-007819,INV,,20250225,202502,55,5,694,1,SA,SAR,3.75,1,2400.0,0.0384,2400.0,92.16,2307.84,1320.0,987.84,1.0,,0,8654.4
L0016517,INV-2025-007980,INV,,20250225,202502,82,8,850,17,OM,OMR,0.3845,1,449.99,0.0409,449.99,18.42,431.57,337.5,94.07,1.0,,0,165.94
L0015408,INV-2025-007424,INV,,20250225,202502,12,1,41,12,EG,EGP,49.1127,1,4800.0,0.0932,4800.0,447.36,4352.64,2160.0,2192.64,1.25,,0,213769.9
L0016242,INV-2025-007848,INV,,20250225,202502,58,6,750,12,AE,USD,1.0,1,4800.0,0.1204,4800.0,577.92,4222.08,2160.0,2062.08,1.25,,0,4222.08
L0015504,INV-2025-007466,INV,,20250225,202502,18,2,313,1,EG,EGP,49.1127,1,2400.0,0.0418,2400.0,100.32,2299.68,1320.0,979.68,1.0,,0,112943.49
L0016092,INV-2025-007770,INV,,20250225,202502,52,5,539,17,SA,SAR,3.75,17,450.0,0.038,7650.0,290.7,7359.3,5737.5,1621.8,1.0,,0,27597.38
L0015401,INV-2025-007422,INV,,20250225,202502,12,1,51,12,EG,EGP,49.1127,1,4800.0,0.0709,4800.0,340.32,4459.68,2160.0,2299.68,1.25,,0,219026.93
L0015574,INV-2025-007510,INV,,20250225,202502,24,2,277,1,EG,EGP,49.1127,1,2400.0,0.0808,2400.0,193.92,2206.08,1320.0,886.08,1.0,,0,108346.55
L0015573,INV-2025-007510,INV,,20250225,202502,24,2,277,1,EG,EGP,49.1127,1,2400.0,0.0852,2400.0,204.48,2195.52,1320.0,875.52,1.0,,0,107827.92
L0016031,INV-2025-007731,INV,,20250225,202502,48,5,459,10,SA,SAR,3.75,1,3000.0,0.0,3000.0,0.0,3000.0,900.0,2100.0,1.25,,0,11250.0
L0015858,INV-2025-007653,INV,,20250225,202502,39,4,385,6,SA,SAR,3.75,2,7500.0,0.1155,15000.0,1732.5,13267.5,5700.0,7567.5,1.0,,0,49753.12
L0016244,INV-2025-007848,INV,,20250225,202502,58,6,750,9,AE,USD,1.0,4,6000.0,0.084,24000.0,2016.0,21984.0,8400.0,13584.0,1.25,,0,21984.0
L0016029,INV-2025-007731,INV,,20250225,202502,48,5,459,10,SA,SAR,3.75,1,3000.0,0.0,3000.0,0.0,3000.0,900.0,2100.0,1.25,,0,11250.0
L0015366,INV-2025-007409,INV,,20250225,202502,11,1,19,18,EG,EGP,49.1127,1,800.0,0.0982,800.0,78.56,721.44,440.0,281.44,1.0,,0,35431.87
L0016515,INV-2025-007980,INV,,20250225,202502,82,8,850,7,OM,OMR,0.3845,1,1200.0,0.0572,1200.0,68.63,1131.37,360.0,771.37,1.0,,0,435.01
L0016162,INV-2025-007810,INV,,20250225,202502,54,5,609,1,SA,SAR,3.75,1,2400.0,0.0463,2400.0,111.12,2288.88,1320.0,968.88,1.0,,0,8583.3
L0016041,INV-2025-007738,INV,,20250225,202502,48,5,478,3,SA,SAR,3.75,3,3600.0,0.0,10800.0,0.0,10800.0,4860.0,5940.0,1.0,,0,40500.0
L0015402,INV-2025-007422,INV,,20250225,202502,12,1,51,10,EG,EGP,49.1127,1,3000.0,0.0882,3000.0,264.6,2735.4,900.0,1835.4,1.25,,0,134342.88
L0015512,INV-2025-007471,INV,,20250226,202502,19,2,115,17,EG,EGP,49.1127,1,450.0,0.0515,450.0,23.17,426.83,337.5,89.33,1.0,,1,20962.53
L0016174,INV-2025-007818,INV,,20250226,202502,55,5,561,3,SA,SAR,3.75,2,3600.0,0.0585,7200.0,421.2,6778.8,3240.0,3538.8,1.0,,1,25420.5
L0015522,INV-2025-007477,INV,,20250226,202502,19,2,234,7,EG,EGP,49.1127,1,1200.0,0.049,1200.0,58.8,1141.2,360.0,781.2,1.0,,1,56047.41
L0016133,INV-2025-007795,INV,,20250226,202502,53,5,462,17,SA,SAR,3.75,3,450.0,0.1055,1350.0,142.42,1207.58,1012.5,195.08,1.0,,1,4528.41
L0015412,INV-2025-007426,INV,,20250226,202502,13,1,45,18,EG,EGP,49.1127,3,800.0,0.198,2400.0,475.2,1924.8,1320.0,604.8,1.0,,1,94532.12
L0015978,INV-2025-007699,INV,,20250226,202502,46,5,501,16,SA,SAR,3.75,1,2200.0,0.1226,2200.0,269.72,1930.28,1760.0,170.28,1.0,,1,7238.55
L0016090,INV-2025-007769,INV,,20250226,202502,51,5,674,9,SA,SAR,3.75,1,6000.0,0.098,6000.0,588.0,5412.0,2100.0,3312.0,1.25,,1,20295.0
L0016011,INV-2025-007721,INV,,20250226,202502,47,5,633,1,SA,SAR,3.75,2,2400.0,0.1158,4800.0,555.84,4244.16,2640.0,1604.16,1.0,,1,15915.6
L0016306,INV-2025-007870,INV,,20250226,202502,63,6,748,17,AE,AED,3.6725,41,450.0,0.1235,18449.94,2278.56,16171.38,13837.5,2333.88,1.0,,1,59389.38
L0015915,INV-2025-007675,INV,,20250226,202502,45,4,439,18,SA,SAR,3.75,1,800.0,0.1758,800.0,140.64,659.36,440.0,219.36,1.0,,1,2472.6
L0015414,INV-2025-007426,INV,,20250226,202502,13,1,45,10,EG,EGP,49.1127,1,3000.0,0.1599,3000.0,479.7,2520.3,900.0,1620.3,1.25,,1,123778.74
L0016054,INV-2025-007748,INV,,20250226,202502,50,5,627,5,SA,SAR,3.75,2,1800.0,0.0485,3600.0,174.6,3425.4,1440.0,1985.4,1.0,,1,12845.25
L0015822,INV-2025-007640,INV,,20250226,202502,36,4,395,1,SA,SAR,3.75,1,2400.0,0.0939,2400.0,225.36,2174.64,1320.0,854.64,1.0,,1,8154.9
L0015904,INV-2025-007671,INV,,20250227,202502,43,4,419,3,SA,SAR,3.75,2,3600.0,0.1226,7200.0,882.72,6317.28,3240.0,3077.28,1.0,,1,23689.8
L0016472,INV-2025-007955,INV,,20250227,202502,75,8,959,1,OM,OMR,0.3845,1,2400.0,0.0759,2400.0,182.16,2217.84,1320.0,897.84,1.0,,1,852.76
L0015902,INV-2025-007671,INV,,20250227,202502,43,4,419,10,SA,SAR,3.75,1,3000.0,0.1395,3000.0,418.5,2581.5,900.0,1681.5,1.25,,1,9680.62
L0016302,INV-2025-007868,INV,,20250227,202502,63,6,756,1,AE,AED,3.6725,5,2400.0,0.1049,12000.0,1258.8,10741.2,6600.0,4141.2,1.0,,1,39447.06
L0015968,INV-2025-007694,INV,,20250227,202502,46,5,532,1,SA,SAR,3.75,1,2400.0,0.066,2400.0,158.4,2241.6,1320.0,921.6,1.0,,1,8406.0
L0015817,INV-2025-007638,INV,,20250227,202502,36,4,404,12,SA,SAR,3.75,1,4800.0,0.1188,4800.0,570.24,4229.76,2160.0,2069.76,1.25,,1,15861.6
L0015969,INV-2025-007694,INV,,20250227,202502,46,5,532,15,SA,SAR,3.75,2,1100.0,0.1032,2200.0,227.04,1972.96,1716.0,256.96,1.0,,1,7398.6
L0016301,INV-2025-007868,INV,,20250227,202502,63,6,756,10,AE,AED,3.6725,1,3000.0,0.0877,3000.0,263.1,2736.9,900.0,1836.9,1.25,,1,10051.27
L0016073,INV-2025-007758,INV,,20250227,202502,50,5,624,10,SA,SAR,3.75,1,3000.0,0.0991,3000.0,297.3,2702.7,900.0,1802.7,1.25,,1,10135.12
L0015908,INV-2025-007673,INV,,20250227,202502,45,4,415,8,SA,SAR,3.75,4,1500.0,0.1596,6000.0,957.6,5042.4,4200.0,842.4,1.0,,1,18909.0
L0016470,INV-2025-007955,INV,,20250227,202502,75,8,959,18,OM,OMR,0.3845,1,800.0,0.0773,800.0,61.85,738.15,440.0,298.15,1.0,,1,283.82
L0016300,INV-2025-007868,INV,,20250227,202502,63,6,756,10,AE,AED,3.6725,4,3000.0,0.1309,12000.0,1570.8,10429.2,3600.0,6829.2,1.25,,1,38301.24
L0015567,INV-2025-007505,INV,,20250227,202502,23,2,298,1,EG,EGP,49.1127,1,2400.0,0.1232,2400.0,295.68,2104.32,1320.0,784.32,1.0,,1,103348.84
L0015361,INV-2025-007407,INV,,20250227,202502,10,1,70,12,EG,EGP,49.1127,1,4800.0,0.1721,4800.0,826.08,3973.92,2160.0,1813.92,1.25,,1,195169.94
L0015360,INV-2025-007406,INV,,20250227,202502,10,1,57,10,EG,EGP,49.1127,1,3000.0,0.154,3000.0,462.0,2538.0,900.0,1638.0,1.25,,1,124648.03
L0016471,INV-2025-007955,INV,,20250227,202502,75,8,959,7,OM,OMR,0.3845,1,1200.0,0.0959,1200.0,115.08,1084.92,360.0,724.92,1.0,,1,417.15
L0016181,INV-2025-007822,INV,,20250227,202502,55,5,664,8,SA,SAR,3.75,5,1500.0,0.0309,7500.0,231.75,7268.25,5250.0,2018.25,1.0,,1,27255.94
L0015818,INV-2025-007638,INV,,20250227,202502,36,4,404,12,SA,SAR,3.75,1,4800.0,0.12,4800.0,576.0,4224.0,2160.0,2064.0,1.25,,1,15840.0
L0016273,INV-2025-007857,INV,,20250228,202502,61,6,768,6,AE,AED,3.6725,2,7500.0,0.1016,15000.0,1524.0,13476.0,5700.0,7776.0,1.0,,1,49490.61
L0015549,INV-2025-007495,INV,,20250228,202502,23,2,117,7,EG,EGP,49.1127,1,1200.0,0.0983,1200.0,117.96,1082.04,360.0,722.04,1.0,,1,53141.91
L0015782,INV-2025-007621,INV,,20250228,202502,32,3,338,1,EG,EGP,49.1127,1,2400.0,0.2388,2400.0,573.12,1826.88,1320.0,506.88,1.0,,1,89723.01
L0015632,INV-2025-007543,INV,,20250228,202502,26,2,242,7,EG,EGP,49.1127,1,1200.0,0.1476,1200.0,177.12,1022.88,360.0,662.88,1.0,,1,50236.4
L0015683,INV-2025-007572,INV,,20250228,202502,85,2,138,1,EG,EGP,49.1127,1,2400.0,0.0632,2400.0,151.68,2248.32,1320.0,928.32,1.0,,1,110421.07
L0015434,INV-2025-007436,INV,,20250228,202502,15,1,49,15,EG,EGP,49.1127,7,1100.0,0.1248,7700.0,960.96,6739.04,6006.0,733.04,1.0,,1,330972.45
L0015800,INV-2025-007631,INV,,20250228,202502,35,3,357,7,EG,EGP,49.1127,2,1200.0,0.1966,2400.0,471.84,1928.16,720.0,1208.16,1.0,,1,94697.14
L0016232,INV-2025-007844,INV,,20250228,202502,57,6,748,1,AE,AED,3.6725,6,2400.0,0.1276,14400.0,1837.44,12562.56,7920.0,4642.56,1.0,,1,46136.0
L0015579,INV-2025-007512,INV,,20250228,202502,24,2,258,18,EG,EGP,49.1127,2,800.0,0.16,1600.0,256.0,1344.0,880.0,464.0,1.0,,1,66007.47
L0015578,INV-2025-007512,INV,,20250228,202502,24,2,258,1,EG,EGP,49.1127,1,2400.0,0.1414,2400.0,339.36,2060.64,1320.0,740.64,1.0,,1,101203.59
L0015988,INV-2025-007705,INV,,20250228,202502,46,5,660,3,SA,SAR,3.75,2,3600.0,0.0894,7200.0,643.68,6556.32,3240.0,3316.32,1.0,,1,24586.2
L0015452,INV-2025-007442,INV,,20250228,202502,16,1,29,1,EG,EGP,49.1127,1,2400.0,0.1248,2400.0,299.52,2100.48,1320.0,780.48,1.0,,1,103160.24
L0016464,INV-2025-007951,INV,,20250228,202502,74,8,842,20,OM,OMR,0.3845,8,1500.0,0.0419,12000.0,502.81,11497.19,6000.0,5497.19,1.0,,1,4420.67
L0016102,INV-2025-007776,INV,,20250228,202502,52,5,613,7,SA,SAR,3.75,1,1200.0,0.073,1200.0,87.6,1112.4,360.0,752.4,1.0,,1,4171.5
L0017656,INV-2025-008538,INV,,20250301,202503,82,8,943,7,OM,OMR,0.3845,1,1200.0,0.0509,1200.0,61.09,1138.91,360.0,778.91,1.0,,0,437.91
L0016802,INV-2025-008125,INV,,20250301,202503,27,2,145,1,EG,EGP,48.9489,1,2400.0,0.0313,2400.0,75.12,2324.88,1320.0,1004.88,1.0,,0,113800.32
L0017152,INV-2025-008290,INV,,20250301,202503,45,4,428,1,SA,SAR,3.75,1,2400.0,0.0916,2400.0,219.84,2180.16,1320.0,860.16,1.0,,0,8175.6
L0016821,INV-2025-008136,INV,,20250302,202503,27,2,135,1,EG,EGP,48.9489,1,2400.0,0.0232,2400.0,55.68,2344.32,1320.0,1024.32,1.0,,0,114751.89
L0016822,INV-2025-008136,INV,,20250302,202503,27,2,135,17,EG,EGP,48.9489,3,450.0,0.0376,1350.0,50.76,1299.24,1012.5,286.74,1.0,,0,63596.35
L0016740,INV-2025-008087,INV,,20250302,202503,21,2,233,1,EG,EGP,48.9489,1,2400.0,0.013,2400.0,31.2,2368.8,1320.0,1048.8,1.0,,0,115950.15
L0016753,INV-2025-008094,INV,,20250303,202503,23,2,298,8,EG,EGP,48.9489,3,1500.0,0.1032,4500.0,464.4,4035.6,3150.0,885.6,1.0,,0,197538.18
L0017150,INV-2025-008289,INV,,20250303,202503,45,4,439,6,SA,USD,1.0,4,7500.0,0.1064,30000.0,3192.0,26808.0,11400.0,15408.0,1.0,,0,26808.0
L0017307,INV-2025-008370,INV,,20250303,202503,51,5,477,17,SA,SAR,3.75,1,450.0,0.0446,450.0,20.07,429.93,337.5,92.43,1.0,,0,1612.24
L0017514,INV-2025-008471,INV,,20250304,202503,64,6,728,1,AE,AED,3.6725,1,2400.0,0.1077,2400.0,258.48,2141.52,1320.0,821.52,1.0,,0,7864.73
L0017621,INV-2025-008518,INV,,20250304,202503,73,8,882,20,OM,OMR,0.3845,2,1500.0,0.0092,3000.0,27.59,2972.41,1500.0,1472.41,1.0,,0,1142.89
L0017149,INV-2025-008288,INV,,20250304,202503,43,4,376,3,SA,SAR,3.75,1,3600.0,0.0638,3600.0,229.68,3370.32,1620.0,1750.32,1.0,,0,12638.7
L0017226,INV-2025-008326,INV,,20250304,202503,47,5,650,7,SA,SAR,3.75,1,1200.0,0.0978,1200.0,117.36,1082.64,360.0,722.64,1.0,,0,4059.9
L0017158,INV-2025-008292,INV,,20250304,202503,78,4,386,10,SA,SAR,3.75,3,3000.0,0.1206,9000.0,1085.4,7914.6,2700.0,5214.6,1.25,,0,29679.75
L0017605,INV-2025-008512,INV,,20250304,202503,57,7,804,6,AE,AED,3.6725,1,7500.0,0.167,7500.0,1252.5,6247.5,2850.0,3397.5,1.0,,0,22943.94
L0016735,INV-2025-008083,INV,,20250305,202503,19,2,254,7,EG,EGP,48.9489,3,1200.0,0.0643,3600.0,231.48,3368.52,1080.0,2288.52,1.0,,0,164885.35
L0016674,INV-2025-008050,INV,,20250305,202503,16,1,39,12,EG,EGP,48.9489,5,4800.0,0.0987,24000.0,2368.8,21631.2,10800.0,10831.2,1.25,,0,1058823.45
L0017410,INV-2025-008432,INV,,20250305,202503,84,5,488,5,SA,SAR,3.75,3,1800.0,0.0654,5400.0,353.16,5046.84,2160.0,2886.84,1.0,,0,18925.65
L0016772,INV-2025-008107,INV,,20250305,202503,25,2,204,10,EG,EGP,48.9489,1,3000.0,0.0467,3000.0,140.1,2859.9,900.0,1959.9,1.25,,0,139988.96
L0016660,INV-2025-008044,INV,,20250305,202503,15,1,30,2,EG,EGP,48.9489,1,14000.0,0.1134,14000.0,1587.6,12412.4,7000.0,5412.4,1.0,,0,607573.33
L0017266,INV-2025-008350,INV,,20250306,202503,50,5,609,10,SA,SAR,3.75,1,3000.0,0.0737,3000.0,221.1,2778.9,900.0,1878.9,1.25,,0,10420.88
L0016677,INV-2025-008051,INV,,20250306,202503,17,1,33,7,EG,EGP,48.9489,1,1200.0,0.0761,1200.0,91.32,1108.68,360.0,748.68,1.0,,0,54268.67
L0016585,INV-2025-008013,INV,,20250307,202503,10,1,52,12,EG,EGP,48.9489,1,4800.0,0.1327,4800.0,636.96,4163.04,2160.0,2003.04,1.25,,0,203776.23
L0016786,INV-2025-008116,INV,,20250307,202503,26,2,265,7,EG,EGP,48.9489,1,1200.0,0.1054,1200.0,126.48,1073.52,360.0,713.52,1.0,,0,52547.62
L0017671,INV-2025-008548,INV,,20250307,202503,88,8,893,10,OM,OMR,0.3845,2,3000.0,0.076,6000.0,455.99,5544.01,1800.0,3744.01,1.25,,0,2131.67
L0016655,INV-2025-008041,INV,,20250307,202503,15,1,3,1,EG,EGP,48.9489,2,2400.0,0.1204,4800.0,577.92,4222.08,2640.0,1582.08,1.0,,0,206666.17
L0017352,INV-2025-008395,INV,,20250307,202503,52,5,446,6,SA,SAR,3.75,1,7500.0,0.0827,7500.0,620.25,6879.75,2850.0,4029.75,1.0,,0,25799.06
L0017338,INV-2025-008387,INV,,20250307,202503,52,5,684,3,SA,SAR,3.75,2,3600.0,0.0455,7200.0,327.6,6872.4,3240.0,3632.4,1.0,,0,25771.5
L0016827,INV-2025-008138,INV,,20250308,202503,27,2,84,18,EG,EGP,48.9489,1,800.0,0.0041,800.0,3.28,796.72,440.0,356.72,1.0,,0,38998.57
L0016626,INV-2025-008029,INV,,20250308,202503,12,1,56,10,EG,EGP,48.9489,3,3000.0,0.0672,9000.0,604.8,8395.2,2700.0,5695.2,1.25,,0,410935.81
L0017260,INV-2025-008346,INV,,20250308,202503,50,5,519,8,SA,SAR,3.75,2,1500.0,0.0736,3000.0,220.8,2779.2,2100.0,679.2,1.0,,0,10422.0
L0017104,INV-2025-008270,INV,,20250308,202503,42,4,431,9,SA,SAR,3.75,2,6000.0,0.1025,12000.0,1230.0,10770.0,4200.0,6570.0,1.25,,0,40387.5
L0017695,INV-2025-008565,INV,,20250308,202503,89,8,963,3,OM,OMR,0.3845,1,3600.0,0.0181,3600.0,65.15,3534.85,1620.0,1914.85,1.0,,0,1359.15
L0017088,INV-2025-008265,INV,,20250309,202503,40,4,386,12,SA,SAR,3.75,2,4800.0,0.0859,9600.0,824.64,8775.36,4320.0,4455.36,1.25,,0,32907.6
L0016751,INV-2025-008092,INV,,20250309,202503,23,2,161,15,EG,EGP,48.9489,3,1100.0,0.1011,3300.0,333.63,2966.37,2574.0,392.37,1.0,,0,145200.55
L0016750,INV-2025-008092,INV,,20250309,202503,23,2,161,5,EG,EGP,48.9489,1,1800.0,0.0738,1800.0,132.84,1667.16,720.0,947.16,1.0,,0,81605.65
L0017677,INV-2025-008553,INV,,20250309,202503,88,8,909,8,OM,OMR,0.3845,1,1500.0,0.0649,1500.0,97.35,1402.65,1050.0,352.65,1.0,,0,539.32
L0016790,INV-2025-008118,INV,,20250309,202503,26,2,204,5,EG,EGP,48.9489,2,1800.0,0.1161,3600.0,417.96,3182.04,1440.0,1742.04,1.0,,0,155757.36
L0016763,INV-2025-008101,INV,,20250309,202503,24,2,316,10,EG,EGP,48.9489,1,3000.0,0.1273,3000.0,381.9,2618.1,900.0,1718.1,1.25,,0,128153.12
L0016613,INV-2025-008025,INV,,20250310,202503,12,1,41,12,EG,EGP,48.9489,1,4800.0,0.0616,4800.0,295.68,4504.32,2160.0,2344.32,1.25,,0,220481.51
L0017588,INV-2025-008503,INV,,20250310,202503,79,7,779,1,AE,AED,3.6725,2,2400.0,0.1773,4800.0,851.04,3948.96,2640.0,1308.96,1.0,,0,14502.56
L0016884,INV-2025-008173,INV,,20250310,202503,9,2,285,8,EG,EGP,48.9489,2,1500.0,0.1074,3000.0,322.2,2677.8,2100.0,577.8,1.0,,0,131075.36
L0016615,INV-2025-008025,INV,,20250310,202503,12,1,41,10,EG,EGP,48.9489,1,3000.0,0.0875,3000.0,262.5,2737.5,900.0,1837.5,1.25,,0,133997.61
L0017437,INV-2025-008444,INV,,20250311,202503,58,6,726,4,AE,AED,3.6725,1,9000.0,0.1163,9000.0,1046.7,7953.3,4950.0,3003.3,1.0,,0,29208.49
L0016996,INV-2025-008231,INV,,20250311,202503,33,3,346,8,EG,EGP,48.9489,1,1500.0,0.2193,1500.0,328.95,1171.05,1050.0,121.05,1.0,,0,57321.61
L0017435,INV-2025-008444,INV,,20250311,202503,58,6,726,18,AE,AED,3.6725,1,800.0,0.1446,800.0,115.68,684.32,440.0,244.32,1.0,,0,2513.17
L0017087,INV-2025-008264,INV,,20250312,202503,40,4,377,8,SA,SAR,3.75,8,1500.0,0.1233,12000.0,1479.6,10520.4,8400.0,2120.4,1.0,,0,39451.5
L0016912,INV-2025-008190,INV,,20250312,202503,86,2,298,1,EG,EGP,48.9489,1,2400.0,0.1301,2400.0,312.24,2087.76,1320.0,767.76,1.0,,0,102193.56
L0017441,INV-2025-008445,INV,,20250312,202503,58,6,706,7,AE,AED,3.6725,1,1200.0,0.1006,1200.0,120.72,1079.28,360.0,719.28,1.0,,0,3963.66
L0017401,INV-2025-008426,INV,,20250312,202503,55,5,560,1,SA,SAR,3.75,1,2400.0,0.0243,2400.0,58.32,2341.68,1320.0,1021.68,1.0,,0,8781.3
L0017532,INV-2025-008477,INV,,20250313,202503,65,7,806,17,AE,AED,3.6725,1,450.0,0.1267,450.0,57.02,392.98,337.5,55.48,1.0,,0,1443.23
L0016905,INV-2025-008185,INV,,20250313,202503,86,2,287,7,EG,EGP,48.9489,1,1200.0,0.1009,1200.0,121.08,1078.92,360.0,718.92,1.0,,0,52811.95
L0017214,INV-2025-008320,INV,,20250314,202503,47,5,557,15,SA,SAR,3.75,1,1100.0,0.0891,1100.0,98.01,1001.99,858.0,143.99,1.0,,0,3757.46
L0017015,INV-2025-008239,INV,,20250314,202503,35,3,360,1,EG,EGP,48.9489,2,2400.0,0.1777,4800.0,852.96,3947.04,2640.0,1307.04,1.0,,0,193203.27
L0016832,INV-2025-008140,INV,,20250314,202503,27,2,290,17,EG,EGP,48.9489,1,450.0,0.0093,450.0,4.19,445.81,337.5,108.31,1.0,,0,21822.15
L0017572,INV-2025-008496,INV,,20250314,202503,71,7,788,15,AE,AED,3.6725,8,1100.0,0.1726,8800.0,1518.88,7281.12,6864.0,417.12,1.0,,0,26739.91
L0017213,INV-2025-008320,INV,,20250314,202503,47,5,557,10,SA,SAR,3.75,1,3000.0,0.0877,3000.0,263.1,2736.9,900.0,1836.9,1.25,,0,10263.38
L0017350,INV-2025-008394,INV,,20250314,202503,52,5,478,5,SA,SAR,3.75,3,1800.0,0.0528,5400.0,285.12,5114.88,2160.0,2954.88,1.0,,0,19180.8
L0017016,INV-2025-008239,INV,,20250314,202503,35,3,360,17,EG,EGP,48.9489,6,450.0,0.2221,2700.0,599.67,2100.33,2025.0,75.33,1.0,,0,102808.82
L0017546,INV-2025-008484,INV,,20250314,202503,68,7,818,15,AE,AED,3.6725,5,1100.0,0.1876,5500.0,1031.8,4468.2,4290.0,178.2,1.0,,0,16409.46
L0016873,INV-2025-008168,INV,,20250315,202503,85,2,206,10,EG,EGP,48.9489,1,3000.0,0.0389,3000.0,116.7,2883.3,900.0,1983.3,1.25,,0,141134.36
L0016837,INV-2025-008144,INV,,20250315,202503,27,2,111,17,EG,EGP,48.9489,1,450.0,0.016,450.0,7.2,442.8,337.5,105.3,1.0,,0,21674.57
L0016833,INV-2025-008141,INV,,20250315,202503,27,2,200,8,EG,EGP,48.9489,1,1500.0,0.02,1500.0,30.0,1470.0,1050.0,420.0,1.0,,0,71954.88
L0016955,INV-2025-008212,INV,,20250315,202503,31,3,369,18,EG,EGP,48.9489,1,800.0,0.1819,800.0,145.52,654.48,440.0,214.48,1.0,,0,32036.08
L0017538,INV-2025-008480,INV,,20250315,202503,65,7,797,17,AE,AED,3.6725,1,450.0,0.1799,450.0,80.96,369.04,337.5,31.54,1.0,,0,1355.31
L0017558,INV-2025-008489,INV,,20250315,202503,69,7,780,5,AE,AED,3.6725,2,1800.0,0.1726,3600.0,621.36,2978.64,1440.0,1538.64,1.0,,0,10939.06
L0016636,INV-2025-008033,INV,,20250315,202503,14,1,62,20,EG,EGP,48.9489,3,1500.0,0.1735,4500.0,780.75,3719.25,2250.0,1469.25,1.0,,0,182053.2
L0016917,INV-2025-008193,INV,,20250316,202503,87,2,95,15,EG,EGP,48.9489,1,1100.0,0.0662,1100.0,72.82,1027.18,858.0,169.18,1.0,,0,50279.33
L0017521,INV-2025-008474,INV,,20250317,202503,80,6,738,19,AE,AED,3.6725,4,5500.0,0.054,22000.0,1188.0,20812.0,9900.0,10912.0,1.0,,0,76432.07
L0016853,INV-2025-008155,INV,,20250317,202503,28,2,201,1,EG,EGP,48.9489,1,2400.0,0.0475,2400.0,114.0,2286.0,1320.0,966.0,1.0,,0,111897.19
L0016948,INV-2025-008208,INV,,20250317,202503,30,3,346,8,EG,EGP,48.9489,1,1500.0,0.1809,1500.0,271.35,1228.65,1050.0,178.65,1.0,,0,60141.07
L0017062,INV-2025-008255,INV,,20250318,202503,39,4,428,7,SA,SAR,3.75,1,1200.0,0.082,1200.0,98.4,1101.6,360.0,741.6,1.0,,0,4131.0
L0017252,INV-2025-008341,INV,,20250319,202503,50,5,575,5,SA,SAR,3.75,1,1800.0,0.0777,1800.0,139.86,1660.14,720.0,940.14,1.0,,0,6225.52
L0016689,INV-2025-008056,INV,,20250319,202503,90,1,18,10,EG,EGP,48.9489,1,3000.0,0.1197,3000.0,359.1,2640.9,900.0,1740.9,1.25,,0,129269.15
L0017411,INV-2025-008433,INV,,20250319,202503,84,5,518,3,SA,SAR,3.75,1,3600.0,0.0583,3600.0,209.88,3390.12,1620.0,1770.12,1.0,,0,12712.95
L0017196,INV-2025-008309,INV,,20250319,202503,46,5,680,17,SA,SAR,3.75,1,450.0,0.0719,450.0,32.35,417.65,337.5,80.15,1.0,,0,1566.17
L0017028,INV-2025-008245,INV,,20250319,202503,36,4,376,1,SA,SAR,3.75,1,2400.0,0.083,2400.0,199.2,2200.8,1320.0,880.8,1.0,,0,8253.0
L0016856,INV-2025-008157,INV,,20250319,202503,28,2,139,12,EG,EGP,48.9489,1,4800.0,0.0538,4800.0,258.24,4541.76,2160.0,2381.76,1.25,,0,222314.16
L0017281,INV-2025-008357,INV,,20250319,202503,51,5,474,1,SA,SAR,3.75,1,2400.0,0.0429,2400.0,102.96,2297.04,1320.0,977.04,1.0,,0,8613.9
L0016658,INV-2025-008043,INV,,20250319,202503,15,1,59,3,EG,EGP,48.9489,2,3600.0,0.064,7200.0,460.8,6739.2,3240.0,3499.2,1.0,,0,329876.43
L0017283,INV-2025-008357,INV,,20250319,202503,51,5,474,7,SA,SAR,3.75,1,1200.0,0.0609,1200.0,73.08,1126.92,360.0,766.92,1.0,,0,4225.95
L0016844,INV-2025-008148,INV,,20250319,202503,28,2,142,17,EG,EGP,48.9489,2,450.0,0.0699,900.0,62.91,837.09,675.0,162.09,1.0,,0,40974.63
L0017634,INV-2025-008525,INV,,20250320,202503,74,8,965,16,OM,OMR,0.3845,2,2200.0,0.063,4400.0,277.19,4122.81,3520.0,602.81,1.0,,0,1585.22
L0017668,INV-2025-008546,INV,,20250320,202503,82,8,904,17,OM,OMR,0.3845,2,449.99,0.0459,899.97,41.3,858.67,675.0,183.67,1.0,,0,330.16
L0031007,CN-2025-00148,CN,INV-2024-005746,20250321,202503,83,4,417,3,SA,SAR,3.75,-7,3600.0,0.138,-25200.0,-3477.6,-21722.4,-11340.0,-10382.4,1.0,119.0,0,-81459.0
L0017079,INV-2025-008260,INV,,20250321,202503,40,4,393,12,SA,SAR,3.75,1,4800.0,0.1284,4800.0,616.32,4183.68,2160.0,2023.68,1.25,,0,15688.8
L0017699,INV-2025-008567,INV,,20250321,202503,89,8,960,1,OM,OMR,0.3845,3,2400.0,0.0161,7200.0,115.92,7084.08,3960.0,3124.08,1.0,,0,2723.83
L0017694,INV-2025-008564,INV,,20250321,202503,89,8,917,8,OM,OMR,0.3845,2,1500.0,0.0319,3000.0,95.71,2904.29,2100.0,804.29,1.0,,0,1116.7
L0017136,INV-2025-008284,INV,,20250321,202503,43,4,415,12,SA,SAR,3.75,1,4800.0,0.1148,4800.0,551.04,4248.96,2160.0,2088.96,1.25,,0,15933.6
L0016930,INV-2025-008202,INV,,20250321,202503,29,3,356,10,EG,EGP,48.9489,1,3000.0,0.1774,3000.0,532.2,2467.8,900.0,1567.8,1.25,,0,120796.1
L0016617,INV-2025-008027,INV,,20250321,202503,12,1,36,10,EG,EGP,48.9489,1,3000.0,0.0943,3000.0,282.9,2717.1,900.0,1817.1,1.25,,0,132999.06
L0016911,INV-2025-008189,INV,,20250321,202503,86,2,117,17,EG,EGP,48.9489,4,450.0,0.1051,1800.0,189.18,1610.82,1350.0,260.82,1.0,,0,78847.85
L0017322,INV-2025-008377,INV,,20250321,202503,51,5,595,1,SA,SAR,3.75,2,2400.0,0.0523,4800.0,251.04,4548.96,2640.0,1908.96,1.0,,0,17058.6
L0017258,INV-2025-008345,INV,,20250322,202503,50,5,535,15,SA,SAR,3.75,2,1100.0,0.0589,2200.0,129.58,2070.42,1716.0,354.42,1.0,,0,7764.08
L0016963,INV-2025-008216,INV,,20250322,202503,31,3,336,7,EG,EGP,48.9489,1,1200.0,0.1673,1200.0,200.76,999.24,360.0,639.24,1.0,,0,48911.7
L0016776,INV-2025-008109,INV,,20250323,202503,25,2,145,1,EG,EGP,48.9489,1,2400.0,0.0586,2400.0,140.64,2259.36,1320.0,939.36,1.0,,0,110593.19
L0017187,INV-2025-008304,INV,,20250323,202503,46,5,601,3,SA,SAR,3.75,1,3600.0,0.1011,3600.0,363.96,3236.04,1620.0,1616.04,1.0,,0,12135.15
L0017050,INV-2025-008252,INV,,20250323,202503,37,4,397,1,SA,SAR,3.75,1,2400.0,0.1304,2400.0,312.96,2087.04,1320.0,767.04,1.0,,0,7826.4
L0016687,INV-2025-008055,INV,,20250323,202503,90,1,25,9,EG,EGP,48.9489,2,6000.0,0.0966,12000.0,1159.2,10840.8,4200.0,6640.8,1.25,,0,530645.24
L0017585,INV-2025-008502,INV,,20250323,202503,79,7,819,15,AE,AED,3.6725,3,1100.0,0.1782,3300.0,588.06,2711.94,2574.0,137.94,1.0,,0,9959.6
L0017586,INV-2025-008502,INV,,20250323,202503,79,7,819,7,AE,AED,3.6725,1,1200.0,0.2195,1200.0,263.4,936.6,360.0,576.6,1.0,,0,3439.66
L0017188,INV-2025-008304,INV,,20250323,202503,46,5,601,17,SA,SAR,3.75,2,450.0,0.0747,900.0,67.23,832.77,675.0,157.77,1.0,,0,3122.89
L0016877,INV-2025-008170,INV,,20250323,202503,9,2,318,10,EG,EGP,48.9489,1,3000.0,0.0703,3000.0,210.9,2789.1,900.0,1889.1,1.25,,0,136523.38
L0017084,INV-2025-008263,INV,,20250323,202503,40,4,415,7,SA,SAR,3.75,1,1200.0,0.1205,1200.0,144.6,1055.4,360.0,695.4,1.0,,0,3957.75
L0016875,INV-2025-008170,INV,,20250323,202503,9,2,318,18,EG,EGP,48.9489,1,800.0,0.0715,800.0,57.2,742.8,440.0,302.8,1.0,,0,36359.24
L0017446,INV-2025-008446,INV,,20250324,202503,58,6,730,12,AE,AED,3.6725,1,4800.0,0.1225,4800.0,588.0,4212.0,2160.0,2052.0,1.25,,0,15468.57
L0017394,INV-2025-008422,INV,,20250324,202503,55,5,465,10,SA,SAR,3.75,1,3000.0,0.0489,3000.0,146.7,2853.3,900.0,1953.3,1.25,,0,10699.88
L0016824,INV-2025-008137,INV,,20250324,202503,27,2,110,8,EG,EGP,48.9489,1,1500.0,0.03,1500.0,45.0,1455.0,1050.0,405.0,1.0,,0,71220.65
L0017490,INV-2025-008463,INV,,20250325,202503,62,6,706,1,AE,USD,1.0,1,2400.0,0.1391,2400.0,333.84,2066.16,1320.0,746.16,1.0,,0,2066.16
L0017499,INV-2025-008466,INV,,20250325,202503,62,6,744,6,AE,AED,3.6725,1,7500.0,0.1012,7500.0,759.0,6741.0,2850.0,3891.0,1.0,,0,24756.32
L0016926,INV-2025-008200,INV,,20250325,202503,87,2,113,12,EG,EGP,48.9489,1,4800.0,0.0469,4800.0,225.12,4574.88,2160.0,2414.88,1.25,,0,223935.34
L0017129,INV-2025-008281,INV,,20250325,202503,43,4,390,7,SA,SAR,3.75,4,1200.0,0.1345,4800.0,645.6,4154.4,1440.0,2714.4,1.0,,0,15579.0
L0017270,INV-2025-008352,INV,,20250325,202503,50,5,542,1,SA,SAR,3.75,1,2400.0,0.049,2400.0,117.6,2282.4,1320.0,962.4,1.0,,0,8559.0
L0016661,INV-2025-008045,INV,,20250326,202503,15,1,50,10,EG,EGP,48.9489,1,3000.0,0.0917,3000.0,275.1,2724.9,900.0,1824.9,1.25,,0,133380.86
L0017592,INV-2025-008504,INV,,20250326,202503,79,7,800,17,AE,AED,3.6725,12,450.0,0.1955,5399.98,1055.69,4344.29,4050.0,294.29,1.0,,0,15954.39
L0017392,INV-2025-008421,INV,,20250327,202503,55,5,607,1,SA,SAR,3.75,1,2400.0,0.0304,2400.0,72.96,2327.04,1320.0,1007.04,1.0,,0,8726.4
L0017242,INV-2025-008336,INV,,20250327,202503,50,5,628,4,SA,SAR,3.75,1,9000.0,0.0887,9000.0,798.3,8201.7,4950.0,3251.7,1.0,,0,30756.38
L0017403,INV-2025-008428,INV,,20250327,202503,84,5,508,1,SA,SAR,3.75,3,2400.0,0.0572,7200.0,411.84,6788.16,3960.0,2828.16,1.0,,0,25455.6
L0017212,INV-2025-008319,INV,,20250327,202503,47,5,679,5,SA,SAR,3.75,3,1800.0,0.096,5400.0,518.4,4881.6,2160.0,2721.6,1.0,,0,18306.0
L0017631,INV-2025-008524,INV,,20250327,202503,74,8,835,7,OM,OMR,0.3845,1,1200.0,0.0697,1200.0,83.64,1116.36,360.0,756.36,1.0,,0,429.24
L0017232,INV-2025-008330,INV,,20250327,202503,48,5,540,3,SA,SAR,3.75,2,3600.0,0.0,7200.0,0.0,7200.0,3240.0,3960.0,1.0,,0,27000.0
L0017665,INV-2025-008544,INV,,20250327,202503,82,8,896,7,OM,OMR,0.3845,4,1200.0,0.0627,4800.0,300.96,4499.04,1440.0,3059.04,1.0,,0,1729.88
L0016851,INV-2025-008153,INV,,20250327,202503,28,2,110,1,EG,EGP,48.9489,1,2400.0,0.0793,2400.0,190.32,2209.68,1320.0,889.68,1.0,,0,108161.41
L0017624,INV-2025-008519,INV,,20250327,202503,73,8,886,17,OM,OMR,0.3845,2,449.99,0.0,899.97,0.0,899.97,675.0,224.97,1.0,,0,346.04
L0017219,INV-2025-008323,INV,,20250327,202503,47,5,565,10,SA,SAR,3.75,1,3000.0,0.1046,3000.0,313.8,2686.2,900.0,1786.2,1.25,,0,10073.25
L0017220,INV-2025-008323,INV,,20250327,202503,47,5,565,1,SA,SAR,3.75,1,2400.0,0.1243,2400.0,298.32,2101.68,1320.0,781.68,1.0,,0,7881.3
L0017279,INV-2025-008356,INV,,20250328,202503,50,5,651,3,SA,SAR,3.75,1,3600.0,0.0608,3600.0,218.88,3381.12,1620.0,1761.12,1.0,,0,12679.2
L0017507,INV-2025-008469,INV,,20250328,202503,63,6,714,12,AE,AED,3.6725,1,4800.0,0.0727,4800.0,348.96,4451.04,2160.0,2291.04,1.25,,0,16346.44
L0017418,INV-2025-008437,INV,,20250328,202503,84,5,494,1,SA,SAR,3.75,1,2400.0,0.0374,2400.0,89.76,2310.24,1320.0,990.24,1.0,,0,8663.4
L0016892,INV-2025-008177,INV,,20250328,202503,9,2,310,10,EG,EGP,48.9489,1,3000.0,0.0228,3000.0,68.4,2931.6,900.0,2031.6,1.25,,0,143498.6
L0017496,INV-2025-008465,INV,,20250328,202503,62,6,765,19,AE,AED,3.6725,5,5500.0,0.1203,27500.0,3308.25,24191.75,12375.0,11816.75,1.0,,0,88844.2
L0017189,INV-2025-008305,INV,,20250328,202503,46,5,545,20,SA,SAR,3.75,5,1500.0,0.07,7500.0,525.0,6975.0,3750.0,3225.0,1.0,,0,26156.25
L0017272,INV-2025-008353,INV,,20250328,202503,50,5,465,18,SA,SAR,3.75,1,800.0,0.0437,800.0,34.96,765.04,440.0,325.04,1.0,,0,2868.9
L0016924,INV-2025-008199,INV,,20250328,202503,87,2,163,7,EG,EGP,48.9489,1,1200.0,0.083,1200.0,99.6,1100.4,360.0,740.4,1.0,,0,53863.37
L0017465,INV-2025-008453,INV,,20250328,202503,59,6,707,19,AE,AED,3.6725,2,5500.0,0.1594,11000.0,1753.4,9246.6,4950.0,4296.6,1.0,,0,33958.14
L0017361,INV-2025-008401,INV,,20250328,202503,53,5,526,8,SA,SAR,3.75,5,1500.0,0.0973,7500.0,729.75,6770.25,5250.0,1520.25,1.0,,0,25388.44
L0017395,INV-2025-008423,INV,,20250328,202503,55,5,570,7,SA,SAR,3.75,3,1200.0,0.0276,3600.0,99.36,3500.64,1080.0,2420.64,1.0,,0,13127.4
L0017330,INV-2025-008381,INV,,20250329,202503,52,5,681,8,SA,SAR,3.75,2,1500.0,0.0641,3000.0,192.3,2807.7,2100.0,707.7,1.0,,1,10528.88
L0017323,INV-2025-008378,INV,,20250329,202503,51,5,665,18,SA,SAR,3.75,2,800.0,0.0725,1600.0,116.0,1484.0,880.0,604.0,1.0,,1,5565.0
L0017414,INV-2025-008435,INV,,20250329,202503,84,5,619,10,SA,SAR,3.75,1,3000.0,0.0393,3000.0,117.9,2882.1,900.0,1982.1,1.25,,1,10807.88
L0017565,INV-2025-008494,INV,,20250329,202503,71,7,785,17,AE,AED,3.6725,9,450.0,0.1784,4049.99,722.52,3327.47,3037.5,289.97,1.0,,1,12220.13
L0016610,INV-2025-008024,INV,,20250329,202503,12,1,20,10,EG,EGP,48.9489,1,3000.0,0.086,3000.0,258.0,2742.0,900.0,1842.0,1.25,,1,134217.88
L0017473,INV-2025-008456,INV,,20250329,202503,59,6,733,1,AE,USD,1.0,1,2400.0,0.176,2400.0,422.4,1977.6,1320.0,657.6,1.0,,1,1977.6
L0017566,INV-2025-008494,INV,,20250329,202503,71,7,785,1,AE,AED,3.6725,2,2400.0,0.1966,4800.0,943.68,3856.32,2640.0,1216.32,1.0,,1,14162.34
L0017065,INV-2025-008256,INV,,20250329,202503,39,4,435,12,SA,SAR,3.75,2,4800.0,0.1107,9600.0,1062.72,8537.28,4320.0,4217.28,1.25,,1,32014.8
L0016834,INV-2025-008142,INV,,20250329,202503,27,2,130,1,EG,EGP,48.9489,1,2400.0,0.0616,2400.0,147.84,2252.16,1320.0,932.16,1.0,,1,110240.75
L0017067,INV-2025-008256,INV,,20250329,202503,39,4,435,3,SA,SAR,3.75,1,3600.0,0.0829,3600.0,298.44,3301.56,1620.0,1681.56,1.0,,1,12380.85
L0016754,INV-2025-008095,INV,,20250329,202503,23,2,249,17,EG,EGP,48.9489,3,450.0,0.1227,1350.0,165.65,1184.35,1012.5,171.85,1.0,,1,57972.86
L0016920,INV-2025-008195,INV,,20250329,202503,87,2,152,3,EG,EGP,48.9489,1,3600.0,0.0738,3600.0,265.68,3334.32,1620.0,1714.32,1.0,,1,163211.3
L0016695,INV-2025-008058,INV,,20250329,202503,18,2,190,7,EG,EGP,48.9489,1,1200.0,0.0856,1200.0,102.72,1097.28,360.0,737.28,1.0,,1,53710.65
L0016669,INV-2025-008048,INV,,20250329,202503,16,1,48,10,EG,EGP,48.9489,1,3000.0,0.0999,3000.0,299.7,2700.3,900.0,1800.3,1.25,,1,132176.71
L0017523,INV-2025-008475,INV,,20250329,202503,80,6,757,4,AE,AED,3.6725,4,9000.0,0.0735,36000.0,2646.0,33354.0,19800.0,13554.0,1.0,,1,122492.56
L0017021,INV-2025-008242,INV,,20250329,202503,36,4,425,9,SA,SAR,3.75,2,6000.0,0.1155,12000.0,1386.0,10614.0,4200.0,6414.0,1.25,,1,39802.5
L0017058,INV-2025-008254,INV,,20250329,202503,37,4,398,12,SA,SAR,3.75,2,4800.0,0.1413,9600.0,1356.48,8243.52,4320.0,3923.52,1.25,,1,30913.2
L0016707,INV-2025-008067,INV,,20250329,202503,18,2,269,17,EG,EGP,48.9489,1,450.0,0.0518,450.0,23.31,426.69,337.5,89.19,1.0,,1,20886.0
L0016881,INV-2025-008172,INV,,20250329,202503,9,2,274,12,EG,EGP,48.9489,1,4800.0,0.0619,4800.0,297.12,4502.88,2160.0,2342.88,1.25,,1,220411.02
L0016882,INV-2025-008172,INV,,20250329,202503,9,2,274,7,EG,EGP,48.9489,1,1200.0,0.0544,1200.0,65.28,1134.72,360.0,774.72,1.0,,1,55543.3
L0016593,INV-2025-008018,INV,,20250329,202503,11,1,24,6,EG,EGP,48.9489,2,7500.0,0.1585,15000.0,2377.5,12622.5,5700.0,6922.5,1.0,,1,617857.49
L0017515,INV-2025-008472,INV,,20250329,202503,64,6,720,9,AE,AED,3.6725,1,6000.0,0.1676,6000.0,1005.6,4994.4,2100.0,2894.4,1.25,,1,18341.93
L0017406,INV-2025-008430,INV,,20250330,202503,84,5,448,17,SA,SAR,3.75,1,450.0,0.0947,450.0,42.62,407.38,337.5,69.88,1.0,,1,1527.69
L0016868,INV-2025-008165,INV,,20250330,202503,85,2,206,1,EG,EGP,48.9489,1,2400.0,0.093,2400.0,223.2,2176.8,1320.0,856.8,1.0,,1,106551.97
L0016721,INV-2025-008074,INV,,20250330,202503,19,2,305,16,EG,EGP,48.9489,2,2200.0,0.0715,4400.0,314.6,4085.4,3520.0,565.4,1.0,,1,199975.84
L0016972,INV-2025-008220,INV,,20250330,202503,32,3,342,1,EG,EGP,48.9489,2,2400.0,0.2633,4800.0,1263.84,3536.16,2640.0,896.16,1.0,,1,173091.14
L0016598,INV-2025-008020,INV,,20250330,202503,11,1,27,5,EG,EGP,48.9489,2,1800.0,0.1128,3600.0,406.08,3193.92,1440.0,1753.92,1.0,,1,156338.87
L0017594,INV-2025-008505,INV,,20250330,202503,79,7,808,15,AE,AED,3.6725,8,1100.0,0.1718,8800.0,1511.84,7288.16,6864.0,424.16,1.0,,1,26765.77
L0016990,INV-2025-008228,INV,,20250330,202503,32,3,350,15,EG,EGP,48.9489,5,1100.0,0.2227,5500.0,1224.85,4275.15,4290.0,-14.85,1.0,,1,209263.89
L0017628,INV-2025-008521,INV,,20250330,202503,73,8,947,7,OM,OMR,0.3845,2,1200.0,0.0686,2400.0,164.63,2235.37,720.0,1515.37,1.0,,1,859.5
L0017698,INV-2025-008566,INV,,20250330,202503,89,8,872,1,OM,OMR,0.3845,1,2400.0,0.0724,2400.0,173.76,2226.24,1320.0,906.24,1.0,,1,855.99
L0016982,INV-2025-008224,INV,,20250330,202503,32,3,355,8,EG,EGP,48.9489,1,1500.0,0.2093,1500.0,313.95,1186.05,1050.0,136.05,1.0,,1,58055.84
L0017661,INV-2025-008542,INV,,20250330,202503,82,8,955,1,OM,OMR,0.3845,1,2400.0,0.0977,2400.0,234.49,2165.51,1320.0,845.51,1.0,,1,832.64
L0016984,INV-2025-008224,INV,,20250330,202503,32,3,355,7,EG,EGP,48.9489,1,1200.0,0.2086,1200.0,250.32,949.68,360.0,589.68,1.0,,1,46485.79
L0016958,INV-2025-008213,INV,,20250331,202503,31,3,375,17,EG,EGP,48.9489,2,450.0,0.2105,900.0,189.45,710.55,675.0,35.55,1.0,,1,34780.63
L0016760,INV-2025-008098,INV,,20250331,202503,23,2,165,1,EG,EGP,48.9489,1,2400.0,0.0898,2400.0,215.52,2184.48,1320.0,864.48,1.0,,1,106927.89
L0017140,INV-2025-008285,INV,,20250331,202503,43,4,384,4,SA,SAR,3.75,2,9000.0,0.1445,18000.0,2601.0,15399.0,9900.0,5499.0,1.0,,1,57746.25
L0017108,INV-2025-008271,INV,,20250331,202503,42,4,443,13,SA,SAR,3.75,3,12000.0,0.1206,36000.0,4341.6,31658.4,15120.0,16538.4,1.25,,1,118719.0
L0017466,INV-2025-008454,INV,,20250331,202503,59,6,744,4,AE,AED,3.6725,4,9000.0,0.1626,36000.0,5853.6,30146.4,19800.0,10346.4,1.0,,1,110712.65
L0017080,INV-2025-008261,INV,,20250331,202503,40,4,438,4,SA,SAR,3.75,2,9000.0,0.1054,18000.0,1897.2,16102.8,9900.0,6202.8,1.0,,1,60385.5
L0017082,INV-2025-008261,INV,,20250331,202503,40,4,438,12,SA,SAR,3.75,1,4800.0,0.1225,4800.0,588.0,4212.0,2160.0,2052.0,1.25,,1,15795.0
L0016645,INV-2025-008036,INV,,20250331,202503,14,1,58,1,EG,EGP,48.9489,1,2400.0,0.1744,2400.0,418.56,1981.44,1320.0,661.44,1.0,,1,96989.31
L0017120,INV-2025-008277,INV,,20250331,202503,43,4,430,9,SA,SAR,3.75,2,6000.0,0.1442,12000.0,1730.4,10269.6,4200.0,6069.6,1.25,,1,38511.0
L0016602,INV-2025-008021,INV,,20250331,202503,12,1,66,12,EG,EGP,48.9489,1,4800.0,0.0813,4800.0,390.24,4409.76,2160.0,2249.76,1.25,,1,215852.9
L0018901,INV-2025-009156,INV,,20250401,202504,75,8,852,1,OM,OMR,0.3845,1,2400.0,0.0735,2400.0,176.41,2223.59,1320.0,903.59,1.0,,0,854.97
L0018956,INV-2025-009189,INV,,20250401,202504,89,8,880,12,OM,OMR,0.3845,1,4800.0,0.0581,4800.0,278.88,4521.12,2160.0,2361.12,1.25,,0,1738.37
L0018279,INV-2025-008851,INV,,20250401,202504,41,4,407,1,SA,SAR,3.75,1,2400.0,0.06,2400.0,144.0,2256.0,1320.0,936.0,1.0,,0,8460.0
L0018424,INV-2025-008921,INV,,20250401,202504,47,5,487,12,SA,SAR,3.75,2,4800.0,0.0849,9600.0,815.04,8784.96,4320.0,4464.96,1.25,,0,32943.6
L0018192,INV-2025-008818,INV,,20250401,202504,35,3,374,7,EG,EGP,49.133,3,1200.0,0.1594,3600.0,573.84,3026.16,1080.0,1946.16,1.0,,0,148684.32
L0018280,INV-2025-008851,INV,,20250401,202504,41,4,407,10,SA,SAR,3.75,1,3000.0,0.0667,3000.0,200.1,2799.9,900.0,1899.9,1.25,,0,10499.62
L0018906,INV-2025-009159,INV,,20250402,202504,75,8,890,17,OM,OMR,0.3845,3,449.99,0.0804,1349.96,108.53,1241.43,1012.5,228.93,1.0,,0,477.33
L0017980,INV-2025-008714,INV,,20250402,202504,85,2,185,1,EG,EGP,49.133,1,2400.0,0.0619,2400.0,148.56,2251.44,1320.0,931.44,1.0,,0,110620.0
L0017788,INV-2025-008602,INV,,20250402,202504,17,1,3,1,EG,EGP,49.133,1,2400.0,0.112,2400.0,268.8,2131.2,1320.0,811.2,1.0,,0,104712.25
L0017785,INV-2025-008601,INV,,20250402,202504,17,1,55,8,EG,EGP,49.133,2,1500.0,0.1015,3000.0,304.5,2695.5,2100.0,595.5,1.0,,0,132438.0
L0017985,INV-2025-008716,INV,,20250402,202504,85,2,248,10,EG,EGP,49.133,1,3000.0,0.0629,3000.0,188.7,2811.3,900.0,1911.3,1.25,,0,138127.6
L0018907,INV-2025-009159,INV,,20250402,202504,75,8,890,12,OM,OMR,0.3845,1,4800.0,0.0518,4800.0,248.63,4551.37,2160.0,2391.37,1.25,,0,1750.0
L0017724,INV-2025-008577,INV,,20250402,202504,11,1,69,10,EG,EGP,49.133,1,3000.0,0.0925,3000.0,277.5,2722.5,900.0,1822.5,1.25,,0,133764.59
L0017723,INV-2025-008577,INV,,20250402,202504,11,1,69,12,EG,EGP,49.133,1,4800.0,0.0999,4800.0,479.52,4320.48,2160.0,2160.48,1.25,,0,212278.14
L0017982,INV-2025-008714,INV,,20250402,202504,85,2,185,12,EG,EGP,49.133,1,4800.0,0.0638,4800.0,306.24,4493.76,2160.0,2333.76,1.25,,0,220791.91
L0017717,INV-2025-008576,INV,,20250402,202504,11,1,17,3,EG,EGP,49.133,1,3600.0,0.0795,3600.0,286.2,3313.8,1620.0,1693.8,1.0,,0,162816.94
L0018123,INV-2025-008788,INV,,20250402,202504,33,3,364,5,EG,EGP,49.133,2,1800.0,0.1889,3600.0,680.04,2919.96,1440.0,1479.96,1.0,,0,143466.39
L0018015,INV-2025-008735,INV,,20250402,202504,86,2,303,1,EG,EGP,49.133,1,2400.0,0.0963,2400.0,231.12,2168.88,1320.0,848.88,1.0,,0,106563.58
L0018719,INV-2025-009069,INV,,20250403,202504,64,6,746,9,AE,AED,3.6725,2,6000.0,0.0868,12000.0,1041.6,10958.4,4200.0,6758.4,1.25,,0,40244.72
L0018254,INV-2025-008841,INV,,20250404,202504,39,4,390,10,SA,SAR,3.75,2,3000.0,0.0523,6000.0,313.8,5686.2,1800.0,3886.2,1.25,,0,21323.25
L0018340,INV-2025-008877,INV,,20250404,202504,78,4,420,10,SA,SAR,3.75,2,3000.0,0.1404,6000.0,842.4,5157.6,1800.0,3357.6,1.25,,0,19341.0
L0018253,INV-2025-008841,INV,,20250404,202504,39,4,390,13,SA,SAR,3.75,1,12000.0,0.0868,12000.0,1041.6,10958.4,5040.0,5918.4,1.25,,0,41094.0
L0018856,INV-2025-009131,INV,,20250404,202504,57,7,784,7,AE,AED,3.6725,1,1200.0,0.1949,1200.0,233.88,966.12,360.0,606.12,1.0,,0,3548.08
L0018692,INV-2025-009062,INV,,20250404,202504,62,6,724,10,AE,AED,3.6725,1,3000.0,0.0981,3000.0,294.3,2705.7,900.0,1805.7,1.25,,0,9936.68
L0017712,INV-2025-008575,INV,,20250404,202504,11,1,50,20,EG,EGP,49.133,2,1500.0,0.0668,3000.0,200.4,2799.6,1500.0,1299.6,1.0,,0,137552.75
L0018825,INV-2025-009115,INV,,20250405,202504,79,7,777,3,AE,AED,3.6725,1,3600.0,0.1971,3600.0,709.56,2890.44,1620.0,1270.44,1.0,,0,10615.14
L0018519,INV-2025-008978,INV,,20250405,202504,52,5,580,16,SA,SAR,3.75,1,2200.0,0.0234,2200.0,51.48,2148.52,1760.0,388.52,1.0,,0,8056.95
L0018441,INV-2025-008932,INV,,20250406,202504,50,5,702,10,SA,SAR,3.75,1,3000.0,0.0681,3000.0,204.3,2795.7,900.0,1895.7,1.25,,0,10483.88
L0018943,INV-2025-009180,INV,,20250406,202504,88,8,902,7,OM,OMR,0.3845,1,1200.0,0.1129,1200.0,135.47,1064.53,360.0,704.53,1.0,,0,409.31
L0018985,INV-2025-009207,INV,,20250406,202504,92,8,943,10,OM,OMR,0.3845,1,3000.0,0.0701,3000.0,210.3,2789.7,900.0,1889.7,1.25,,0,1072.64
L0018276,INV-2025-008849,INV,,20250407,202504,40,4,380,3,SA,SAR,3.75,5,3600.0,0.0956,18000.0,1720.8,16279.2,8100.0,8179.2,1.0,,0,61047.0
L0018608,INV-2025-009029,INV,,20250407,202504,84,5,506,15,SA,SAR,3.75,1,1100.0,0.0426,1100.0,46.86,1053.14,858.0,195.14,1.0,,0,3949.28
L0018373,INV-2025-008888,INV,,20250407,202504,93,4,443,7,SA,SAR,3.75,3,1200.0,0.1052,3600.0,378.72,3221.28,1080.0,2141.28,1.0,,0,12079.8
L0018028,INV-2025-008742,INV,,20250407,202504,86,2,150,17,EG,EGP,49.133,2,450.0,0.1262,900.0,113.58,786.42,675.0,111.42,1.0,,0,38639.17
L0018027,INV-2025-008742,INV,,20250407,202504,86,2,150,1,EG,EGP,49.133,1,2400.0,0.1054,2400.0,252.96,2147.04,1320.0,827.04,1.0,,0,105490.52
L0018352,INV-2025-008880,INV,,20250407,202504,78,4,416,13,SA,SAR,3.75,4,12000.0,0.1379,48000.0,6619.2,41380.8,20160.0,21220.8,1.25,,0,155178.0
L0018874,INV-2025-009141,INV,,20250407,202504,73,8,839,3,OM,OMR,0.3845,1,3600.0,0.0134,3600.0,48.24,3551.76,1620.0,1931.76,1.0,,0,1365.65
L0018607,INV-2025-009029,INV,,20250407,202504,84,5,506,1,SA,SAR,3.75,1,2400.0,0.0267,2400.0,64.08,2335.92,1320.0,1015.92,1.0,,0,8759.7
L0018154,INV-2025-008800,INV,,20250408,202504,34,3,334,16,EG,EGP,49.133,2,2200.0,0.1583,4400.0,696.52,3703.48,3520.0,183.48,1.0,,0,181963.08
L0018390,INV-2025-008899,INV,,20250408,202504,46,5,462,1,SA,SAR,3.75,1,2400.0,0.1464,2400.0,351.36,2048.64,1320.0,728.64,1.0,,0,7682.4
L0018582,INV-2025-009017,INV,,20250408,202504,55,5,555,7,SA,SAR,3.75,5,1200.0,0.0163,6000.0,97.8,5902.2,1800.0,4102.2,1.0,,0,22133.25
L0017727,INV-2025-008579,INV,,20250408,202504,12,1,62,8,EG,EGP,49.133,1,1500.0,0.065,1500.0,97.5,1402.5,1050.0,352.5,1.0,,0,68909.03
L0018217,INV-2025-008827,INV,,20250408,202504,36,4,380,9,SA,SAR,3.75,1,6000.0,0.0823,6000.0,493.8,5506.2,2100.0,3406.2,1.25,,0,20648.25
L0017767,INV-2025-008593,INV,,20250408,202504,15,1,47,20,EG,EGP,49.133,3,1500.0,0.0959,4500.0,431.55,4068.45,2250.0,1818.45,1.0,,0,199895.15
L0018600,INV-2025-009026,INV,,20250409,202504,55,5,507,8,SA,SAR,3.75,3,1500.0,0.0121,4500.0,54.45,4445.55,3150.0,1295.55,1.0,,0,16670.81
L0030992,CN-2025-00143,CN,INV-2024-005697,20250409,202504,40,4,425,8,SA,SAR,3.75,-3,1500.0,0.1424,-4500.0,-640.8,-3859.2,-3150.0,-709.2,1.0,150.0,0,-14472.0
L0018860,INV-2025-009134,INV,,20250409,202504,57,7,789,10,AE,AED,3.6725,1,3000.0,0.1777,3000.0,533.1,2466.9,900.0,1566.9,1.25,,0,9059.69
L0018309,INV-2025-008861,INV,,20250410,202504,43,4,400,19,SA,SAR,3.75,3,5500.0,0.1245,16500.0,2054.25,14445.75,7425.0,7020.75,1.0,,0,54171.56
L0018867,INV-2025-009138,INV,,20250410,202504,73,8,824,1,OM,OMR,0.3845,1,2400.0,0.0,2400.0,0.0,2400.0,1320.0,1080.0,1.0,,0,922.8
L0018501,INV-2025-008966,INV,,20250410,202504,51,5,616,5,SA,SAR,3.75,1,1800.0,0.0499,1800.0,89.82,1710.18,720.0,990.18,1.0,,0,6413.17
L0018872,INV-2025-009140,INV,,20250411,202504,73,8,876,10,OM,OMR,0.3845,1,3000.0,0.0138,3000.0,41.4,2958.6,900.0,2058.6,1.25,,0,1137.58
L0018218,INV-2025-008828,INV,,20250411,202504,37,4,402,10,SA,SAR,3.75,5,3000.0,0.1324,15000.0,1986.0,13014.0,4500.0,8514.0,1.25,,0,48802.5
L0018051,INV-2025-008756,INV,,20250411,202504,29,3,365,7,EG,EGP,49.133,3,1200.0,0.2092,3600.0,753.12,2846.88,1080.0,1766.88,1.0,,0,139875.76
L0018481,INV-2025-008955,INV,,20250412,202504,51,5,511,1,SA,SAR,3.75,1,2400.0,0.0559,2400.0,134.16,2265.84,1320.0,945.84,1.0,,0,8496.9
L0018039,INV-2025-008749,INV,,20250412,202504,87,2,305,7,EG,EGP,49.133,1,1200.0,0.0392,1200.0,47.04,1152.96,360.0,792.96,1.0,,0,56648.38
L0018480,INV-2025-008955,INV,,20250412,202504,51,5,511,12,SA,SAR,3.75,1,4800.0,0.0556,4800.0,266.88,4533.12,2160.0,2373.12,1.25,,0,16999.2
L0017960,INV-2025-008701,INV,,20250412,202504,28,2,148,7,EG,EGP,49.133,2,1200.0,0.0416,2400.0,99.84,2300.16,720.0,1580.16,1.0,,0,113013.76
L0017805,INV-2025-008607,INV,,20250413,202504,18,2,104,7,EG,EGP,49.133,1,1200.0,0.0485,1200.0,58.2,1141.8,360.0,781.8,1.0,,0,56100.06
L0031166,CN-2025-00242,CN,INV-2025-009045,20250413,202504,58,6,706,15,AE,AED,3.6725,-18,1100.0,0.1261,-19800.0,-2496.78,-17303.22,-15444.0,-1859.22,1.0,8.0,0,-63546.08
L0017818,INV-2025-008615,INV,,20250413,202504,18,2,172,1,EG,EGP,49.133,1,2400.0,0.0355,2400.0,85.2,2314.8,1320.0,994.8,1.0,,0,113733.07
L0017764,INV-2025-008592,INV,,20250414,202504,15,1,38,12,EG,EGP,49.133,2,4800.0,0.1365,9600.0,1310.4,8289.6,4320.0,3969.6,1.25,,0,407292.92
L0018263,INV-2025-008844,INV,,20250414,202504,40,4,388,9,SA,SAR,3.75,1,6000.0,0.1148,6000.0,688.8,5311.2,2100.0,3211.2,1.25,,0,19917.0
L0018758,INV-2025-009081,INV,,20250414,202504,65,7,776,1,AE,AED,3.6725,1,2400.0,0.1789,2400.0,429.36,1970.64,1320.0,650.64,1.0,,0,7237.18
L0017772,INV-2025-008596,INV,,20250414,202504,16,1,32,10,EG,EGP,49.133,2,3000.0,0.0671,6000.0,402.6,5597.4,1800.0,3797.4,1.25,,0,275017.05
L0018196,INV-2025-008819,INV,,20250414,202504,35,3,369,10,EG,EGP,49.133,1,3000.0,0.2527,3000.0,758.1,2241.9,900.0,1341.9,1.25,,0,110151.27
L0017822,INV-2025-008618,INV,,20250415,202504,18,2,83,1,EG,EGP,49.133,1,2400.0,0.0108,2400.0,25.92,2374.08,1320.0,1054.08,1.0,,0,116645.67
L0018451,INV-2025-008939,INV,,20250416,202504,50,5,665,17,SA,SAR,3.75,3,450.0,0.0094,1350.0,12.69,1337.31,1012.5,324.81,1.0,,0,5014.91
L0018139,INV-2025-008794,INV,,20250416,202504,33,3,338,1,EG,EGP,49.133,1,2400.0,0.1859,2400.0,446.16,1953.84,1320.0,633.84,1.0,,0,95998.02
L0018189,INV-2025-008817,INV,,20250417,202504,35,3,366,7,EG,EGP,49.133,1,1200.0,0.1884,1200.0,226.08,973.92,360.0,613.92,1.0,,0,47851.61
L0018108,INV-2025-008781,INV,,20250417,202504,32,3,358,18,EG,EGP,49.133,3,800.0,0.165,2400.0,396.0,2004.0,1320.0,684.0,1.0,,0,98462.53
L0018284,INV-2025-008852,INV,,20250417,202504,41,4,396,10,SA,SAR,3.75,2,3000.0,0.053,6000.0,318.0,5682.0,1800.0,3882.0,1.25,,0,21307.5
L0018083,INV-2025-008769,INV,,20250417,202504,32,3,332,16,EG,EGP,49.133,7,2200.0,0.2376,15400.0,3659.04,11740.96,12320.0,-579.04,1.0,,0,576868.59
L0017876,INV-2025-008649,INV,,20250417,202504,23,2,261,12,EG,EGP,49.133,1,4800.0,0.08,4800.0,384.0,4416.0,2160.0,2256.0,1.25,,0,216971.33
L0018940,INV-2025-009178,INV,,20250417,202504,88,8,830,1,OM,OMR,0.3845,1,2400.0,0.105,2400.0,251.99,2148.01,1320.0,828.01,1.0,,0,825.91
L0018709,INV-2025-009066,INV,,20250417,202504,63,6,724,10,AE,AED,3.6725,1,3000.0,0.1205,3000.0,361.5,2638.5,900.0,1738.5,1.25,,0,9689.89
L0018711,INV-2025-009066,INV,,20250417,202504,63,6,724,7,AE,AED,3.6725,1,1200.0,0.0422,1200.0,50.64,1149.36,360.0,789.36,1.0,,0,4221.02
L0018093,INV-2025-008775,INV,,20250417,202504,32,3,346,8,EG,EGP,49.133,1,1500.0,0.1913,1500.0,286.95,1213.05,1050.0,163.05,1.0,,0,59600.79
L0018487,INV-2025-008958,INV,,20250418,202504,51,5,636,17,SA,SAR,3.75,1,450.0,0.0409,450.0,18.41,431.59,337.5,94.09,1.0,,0,1618.48
L0017909,INV-2025-008668,INV,,20250418,202504,25,2,220,1,EG,EGP,49.133,1,2400.0,0.0262,2400.0,62.88,2337.12,1320.0,1017.12,1.0,,0,114829.72
L0018138,INV-2025-008793,INV,,20250418,202504,33,3,359,15,EG,EGP,49.133,6,1100.0,0.1708,6600.0,1127.28,5472.72,5148.0,324.72,1.0,,0,268891.15
L0018010,INV-2025-008732,INV,,20250418,202504,86,2,105,17,EG,EGP,49.133,1,450.0,0.1199,450.0,53.95,396.05,337.5,58.55,1.0,,0,19458.88
L0017746,INV-2025-008585,INV,,20250418,202504,14,1,51,10,EG,EGP,49.133,1,3000.0,0.1196,3000.0,358.8,2641.2,900.0,1741.2,1.25,,0,129770.08
L0017893,INV-2025-008656,INV,,20250418,202504,24,2,180,7,EG,EGP,49.133,2,1200.0,0.1389,2400.0,333.36,2066.64,720.0,1346.64,1.0,,0,101540.22
L0018633,INV-2025-009040,INV,,20250418,202504,56,6,718,11,AE,AED,3.6725,4,18000.0,0.1573,72000.0,11325.6,60674.4,28800.0,31874.4,1.25,,0,222826.73
L0017745,INV-2025-008585,INV,,20250418,202504,14,1,51,10,EG,EGP,49.133,2,3000.0,0.1591,6000.0,954.6,5045.4,1800.0,3245.4,1.25,,0,247895.64
L0018357,INV-2025-008882,INV,,20250419,202504,83,4,378,10,SA,SAR,3.75,2,3000.0,0.0765,6000.0,459.0,5541.0,1800.0,3741.0,1.25,,0,20778.75
L0018078,INV-2025-008766,INV,,20250419,202504,32,3,362,10,EG,EGP,49.133,1,3000.0,0.2112,3000.0,633.6,2366.4,900.0,1466.4,1.25,,0,116268.33
L0018728,INV-2025-009072,INV,,20250419,202504,80,6,736,9,AE,AED,3.6725,3,6000.0,0.0572,18000.0,1029.6,16970.4,6300.0,10670.4,1.25,,0,62323.79
L0018250,INV-2025-008840,INV,,20250419,202504,39,4,386,5,SA,SAR,3.75,4,1800.0,0.0954,7200.0,686.88,6513.12,2880.0,3633.12,1.0,,0,24424.2
L0018173,INV-2025-008808,INV,,20250419,202504,35,3,357,17,EG,EGP,49.133,8,450.0,0.1894,3600.0,681.84,2918.16,2700.0,218.16,1.0,,0,143377.96
L0018808,INV-2025-009106,INV,,20250419,202504,71,7,793,1,AE,AED,3.6725,3,2400.0,0.1893,7200.0,1362.96,5837.04,3960.0,1877.04,1.0,,0,21436.53
L0018244,INV-2025-008836,INV,,20250419,202504,39,4,428,19,SA,SAR,3.75,4,5500.0,0.0934,22000.0,2054.8,19945.2,9900.0,10045.2,1.0,,0,74794.5
L0018356,INV-2025-008882,INV,,20250419,202504,83,4,378,18,SA,SAR,3.75,1,800.0,0.1189,800.0,95.12,704.88,440.0,264.88,1.0,,0,2643.3
L0018717,INV-2025-009068,INV,,20250419,202504,63,6,731,5,AE,AED,3.6725,1,1800.0,0.0576,1800.0,103.68,1696.32,720.0,976.32,1.0,,0,6229.74
L0018981,INV-2025-009204,INV,,20250419,202504,89,8,892,1,OM,OMR,0.3845,1,2400.0,0.0,2400.0,0.0,2400.0,1320.0,1080.0,1.0,,0,922.8
L0018993,INV-2025-009211,INV,,20250419,202504,92,8,828,7,OM,OMR,0.3845,1,1200.0,0.125,1200.0,150.01,1049.99,360.0,689.99,1.0,,0,403.72
L0018068,INV-2025-008763,INV,,20250419,202504,29,3,368,17,EG,EGP,49.133,1,450.0,0.1917,450.0,86.27,363.73,337.5,26.23,1.0,,0,17871.39
L0018243,INV-2025-008836,INV,,20250419,202504,39,4,428,3,SA,SAR,3.75,2,3600.0,0.1102,7200.0,793.44,6406.56,3240.0,3166.56,1.0,,0,24024.6
L0018977,INV-2025-009201,INV,,20250420,202504,89,8,877,10,OM,OMR,0.3845,2,3000.0,0.053,6000.0,318.0,5682.0,1800.0,3882.0,1.25,,0,2184.73
L0017735,INV-2025-008582,INV,,20250420,202504,13,1,50,12,EG,EGP,49.133,1,4800.0,0.1481,4800.0,710.88,4089.12,2160.0,1929.12,1.25,,0,200910.73
L0018122,INV-2025-008787,INV,,20250420,202504,33,3,339,3,EG,EGP,49.133,1,3600.0,0.1776,3600.0,639.36,2960.64,1620.0,1340.64,1.0,,0,145465.13
L0031169,CN-2025-00244,CN,INV-2025-009179,20250420,202504,88,8,839,7,OM,OMR,0.3845,-4,1200.0,0.0125,-4800.0,-60.0,-4740.0,-1440.0,-3300.0,1.0,19.0,0,-1822.53
L0031126,CN-2025-00221,CN,INV-2025-008229,20250421,202504,33,3,373,17,EG,EGP,49.133,-14,450.0,0.1848,-6300.0,-1164.24,-5135.76,-4725.0,-410.76,1.0,23.0,0,-252335.3
L0017989,INV-2025-008718,INV,,20250421,202504,85,2,234,16,EG,EGP,49.133,1,2200.0,0.089,2200.0,195.8,2004.2,1760.0,244.2,1.0,,0,98472.36
L0018615,INV-2025-009033,INV,,20250421,202504,84,5,696,1,SA,SAR,3.75,2,2400.0,0.0328,4800.0,157.44,4642.56,2640.0,2002.56,1.0,,0,17409.6
L0018344,INV-2025-008878,INV,,20250421,202504,78,4,394,1,SA,SAR,3.75,1,2400.0,0.0879,2400.0,210.96,2189.04,1320.0,869.04,1.0,,0,8208.9
L0018763,INV-2025-009083,INV,,20250421,202504,68,7,776,17,AE,AED,3.6725,2,450.0,0.1452,900.0,130.68,769.32,675.0,94.32,1.0,,0,2825.32
L0018691,INV-2025-009061,INV,,20250422,202504,62,6,714,3,AE,AED,3.6725,2,3600.0,0.1219,7200.0,877.68,6322.32,3240.0,3082.32,1.0,,0,23218.72
L0017887,INV-2025-008653,INV,,20250422,202504,23,2,136,15,EG,EGP,49.133,1,1100.0,0.1345,1100.0,147.95,952.05,858.0,94.05,1.0,,0,46777.07
L0018852,INV-2025-009129,INV,,20250422,202504,57,7,804,7,AE,AED,3.6725,2,1200.0,0.1907,2400.0,457.68,1942.32,720.0,1222.32,1.0,,0,7133.17
L0018729,INV-2025-009073,INV,,20250422,202504,80,6,774,8,AE,USD,1.0,2,1500.0,0.0746,3000.0,223.8,2776.2,2100.0,676.2,1.0,,0,2776.2
L0018730,INV-2025-009073,INV,,20250422,202504,80,6,774,10,AE,USD,1.0,1,3000.0,0.0923,3000.0,276.9,2723.1,900.0,1823.1,1.25,,0,2723.1
L0018688,INV-2025-009061,INV,,20250422,202504,62,6,714,5,AE,AED,3.6725,1,1800.0,0.1288,1800.0,231.84,1568.16,720.0,848.16,1.0,,0,5759.07
L0017901,INV-2025-008663,INV,,20250422,202504,25,2,164,7,EG,EGP,49.133,1,1200.0,0.0265,1200.0,31.8,1168.2,360.0,808.2,1.0,,0,57397.17
L0017842,INV-2025-008630,INV,,20250422,202504,19,2,216,7,EG,EGP,49.133,1,1200.0,0.0353,1200.0,42.36,1157.64,360.0,797.64,1.0,,0,56878.33
L0018177,INV-2025-008810,INV,,20250423,202504,35,3,365,1,EG,EGP,49.133,1,2400.0,0.168,2400.0,403.2,1996.8,1320.0,676.8,1.0,,0,98108.77
L0018919,INV-2025-009166,INV,,20250423,202504,75,8,896,7,OM,OMR,0.3845,1,1200.0,0.0818,1200.0,98.15,1101.85,360.0,741.85,1.0,,0,423.66
L0018178,INV-2025-008810,INV,,20250423,202504,35,3,365,16,EG,EGP,49.133,1,2200.0,0.166,2200.0,365.2,1834.8,1760.0,74.8,1.0,,0,90149.23
L0018270,INV-2025-008847,INV,,20250423,202504,40,4,386,5,SA,SAR,3.75,4,1800.0,0.0918,7200.0,660.96,6539.04,2880.0,3659.04,1.0,,0,24521.4
L0018679,INV-2025-009058,INV,,20250423,202504,61,6,714,4,AE,AED,3.6725,1,9000.0,0.0627,9000.0,564.3,8435.7,4950.0,3485.7,1.0,,0,30980.11
L0018667,INV-2025-009053,INV,,20250423,202504,59,6,763,1,AE,AED,3.6725,1,2400.0,0.1886,2400.0,452.64,1947.36,1320.0,627.36,1.0,,0,7151.68
L0017709,INV-2025-008573,INV,,20250423,202504,10,1,49,10,EG,EGP,49.133,1,3000.0,0.1519,3000.0,455.7,2544.3,900.0,1644.3,1.25,,0,125009.09
L0017902,INV-2025-008664,INV,,20250423,202504,25,2,255,1,EG,EGP,49.133,1,2400.0,0.0655,2400.0,157.2,2242.8,1320.0,922.8,1.0,,0,110195.49
L0018665,INV-2025-009053,INV,,20250423,202504,59,6,763,3,AE,AED,3.6725,1,3600.0,0.127,3600.0,457.2,3142.8,1620.0,1522.8,1.0,,0,11541.93
L0018735,INV-2025-009074,INV,,20250424,202504,80,6,734,1,AE,AED,3.6725,2,2400.0,0.0856,4800.0,410.88,4389.12,2640.0,1749.12,1.0,,0,16119.04
L0018428,INV-2025-008925,INV,,20250424,202504,48,5,657,1,SA,SAR,3.75,3,2400.0,0.0,7200.0,0.0,7200.0,3960.0,3240.0,1.0,,0,27000.0
L0018128,INV-2025-008790,INV,,20250424,202504,33,3,345,15,EG,EGP,49.133,5,1100.0,0.1828,5500.0,1005.4,4494.6,4290.0,204.6,1.0,,0,220833.18
L0018330,INV-2025-008871,INV,,20250424,202504,45,4,431,3,SA,SAR,3.75,14,3600.0,0.126,50400.0,6350.4,44049.6,22680.0,21369.6,1.0,,0,165186.0
L0018059,INV-2025-008759,INV,,20250424,202504,29,3,333,17,EG,EGP,49.133,1,450.0,0.1963,450.0,88.33,361.67,337.5,24.17,1.0,,0,17769.69
L0018682,INV-2025-009059,INV,,20250424,202504,61,6,717,1,AE,AED,3.6725,2,2400.0,0.0792,4800.0,380.16,4419.84,2640.0,1779.84,1.0,,0,16231.86
L0018681,INV-2025-009059,INV,,20250424,202504,61,6,717,7,AE,AED,3.6725,12,1200.0,0.1359,14400.0,1956.96,12443.04,4320.0,8123.04,1.0,,0,45697.06
L0017934,INV-2025-008686,INV,,20250425,202504,26,2,125,10,EG,EGP,49.133,1,3000.0,0.0877,3000.0,263.1,2736.9,900.0,1836.9,1.25,,0,134472.11
L0018400,INV-2025-008906,INV,,20250425,202504,47,5,578,16,SA,SAR,3.75,1,2200.0,0.1056,2200.0,232.32,1967.68,1760.0,207.68,1.0,,0,7378.8
L0017725,INV-2025-008578,INV,,20250425,202504,11,1,59,1,EG,EGP,49.133,1,2400.0,0.0784,2400.0,188.16,2211.84,1320.0,891.84,1.0,,0,108674.33
L0018406,INV-2025-008909,INV,,20250426,202504,47,5,532,1,SA,SAR,3.75,1,2400.0,0.1067,2400.0,256.08,2143.92,1320.0,823.92,1.0,,0,8039.7
L0018212,INV-2025-008825,INV,,20250426,202504,36,4,376,1,SA,SAR,3.75,2,2400.0,0.0985,4800.0,472.8,4327.2,2640.0,1687.2,1.0,,0,16227.0
L0017950,INV-2025-008696,INV,,20250426,202504,27,2,312,10,EG,EGP,49.133,1,3000.0,0.0218,3000.0,65.4,2934.6,900.0,2034.6,1.25,,0,144185.7
L0018884,INV-2025-009147,INV,,20250426,202504,74,8,827,3,OM,OMR,0.3845,1,3600.0,0.0715,3600.0,257.4,3342.6,1620.0,1722.6,1.0,,0,1285.23
L0018418,INV-2025-008917,INV,,20250426,202504,47,5,483,3,SA,SAR,3.75,1,3600.0,0.0784,3600.0,282.24,3317.76,1620.0,1697.76,1.0,,0,12441.6
L0018862,INV-2025-009135,INV,,20250426,202504,73,8,954,17,OM,OMR,0.3845,1,449.99,0.0225,449.99,10.12,439.87,337.5,102.37,1.0,,0,169.13
L0017838,INV-2025-008628,INV,,20250426,202504,19,2,232,1,EG,EGP,49.133,1,2400.0,0.0155,2400.0,37.2,2362.8,1320.0,1042.8,1.0,,0,116091.45
L0018260,INV-2025-008843,INV,,20250426,202504,39,4,439,3,SA,SAR,3.75,9,3600.0,0.0854,32400.0,2766.96,29633.04,14580.0,15053.04,1.0,,0,111123.9
L0017972,INV-2025-008708,INV,,20250426,202504,28,2,105,1,EG,EGP,49.133,3,2400.0,0.046,7200.0,331.2,6868.8,3960.0,2908.8,1.0,,0,337484.75
L0017763,INV-2025-008591,INV,,20250426,202504,14,1,30,7,EG,EGP,49.133,12,1200.0,0.1507,14400.0,2170.08,12229.92,4320.0,7909.92,1.0,,0,600892.66
L0018651,INV-2025-009047,INV,,20250427,202504,58,6,741,10,AE,AED,3.6725,1,3000.0,0.1422,3000.0,426.6,2573.4,900.0,1673.4,1.25,,0,9450.81
L0018878,INV-2025-009143,INV,,20250427,202504,73,8,857,1,OM,OMR,0.3845,1,2400.0,0.0,2400.0,0.0,2400.0,1320.0,1080.0,1.0,,0,922.8
L0018286,INV-2025-008853,INV,,20250427,202504,42,4,432,4,SA,SAR,3.75,1,9000.0,0.0706,9000.0,635.4,8364.6,4950.0,3414.6,1.0,,0,31367.25
L0017969,INV-2025-008706,INV,,20250427,202504,28,2,207,1,EG,EGP,49.133,1,2400.0,0.0399,2400.0,95.76,2304.24,1320.0,984.24,1.0,,0,113214.22
L0017836,INV-2025-008627,INV,,20250427,202504,19,2,198,7,EG,EGP,49.133,1,1200.0,0.012,1200.0,14.4,1185.6,360.0,825.6,1.0,,0,58252.08
L0017798,INV-2025-008605,INV,,20250427,202504,90,1,29,1,EG,EGP,49.133,1,2400.0,0.1012,2400.0,242.88,2157.12,1320.0,837.12,1.0,,0,105985.78
L0017770,INV-2025-008595,INV,,20250427,202504,16,1,70,4,EG,EGP,49.133,1,9000.0,0.0867,9000.0,780.3,8219.7,4950.0,3269.7,1.0,,0,403858.52
L0018915,INV-2025-009164,INV,,20250427,202504,75,8,948,7,OM,OMR,0.3845,3,1200.0,0.0927,3600.0,333.73,3266.27,1080.0,2186.27,1.0,,0,1255.88
L0017867,INV-2025-008644,INV,,20250427,202504,23,2,177,12,EG,EGP,49.133,1,4800.0,0.0873,4800.0,419.04,4380.96,2160.0,2220.96,1.25,,0,215249.71
L0018288,INV-2025-008854,INV,,20250427,202504,42,4,412,7,SA,SAR,3.75,25,1200.0,0.1197,30000.0,3591.0,26409.0,9000.0,17409.0,1.0,,0,99033.75
L0018427,INV-2025-008924,INV,,20250427,202504,48,5,609,5,SA,SAR,3.75,3,1800.0,0.0,5400.0,0.0,5400.0,2160.0,3240.0,1.0,,0,20250.0
L0018737,INV-2025-009075,INV,,20250427,202504,80,6,729,12,AE,USD,1.0,1,4800.0,0.0866,4800.0,415.68,4384.32,2160.0,2224.32,1.25,,0,4384.32
L0018421,INV-2025-008919,INV,,20250427,202504,47,5,547,3,SA,SAR,3.75,1,3600.0,0.1099,3600.0,395.64,3204.36,1620.0,1584.36,1.0,,0,12016.35
L0018495,INV-2025-008963,INV,,20250427,202504,51,5,533,1,SA,SAR,3.75,1,2400.0,0.063,2400.0,151.2,2248.8,1320.0,928.8,1.0,,0,8433.0
L0018883,INV-2025-009146,INV,,20250427,202504,74,8,870,9,OM,OMR,0.3845,2,6000.0,0.0895,12000.0,1073.99,10926.01,4200.0,6726.01,1.25,,0,4201.05
L0018592,INV-2025-009022,INV,,20250427,202504,55,5,660,1,SA,SAR,3.75,2,2400.0,0.0414,4800.0,198.72,4601.28,2640.0,1961.28,1.0,,0,17254.8
L0018569,INV-2025-009010,INV,,20250427,202504,54,5,459,5,SA,SAR,3.75,1,1800.0,0.0431,1800.0,77.58,1722.42,720.0,1002.42,1.0,,0,6459.08
L0018896,INV-2025-009153,INV,,20250428,202504,75,8,960,1,OM,OMR,0.3845,1,2400.0,0.0721,2400.0,173.03,2226.97,1320.0,906.97,1.0,,1,856.27
L0018363,INV-2025-008884,INV,,20250428,202504,83,4,413,12,SA,SAR,3.75,1,4800.0,0.1021,4800.0,490.08,4309.92,2160.0,2149.92,1.25,,1,16162.2
L0017991,INV-2025-008720,INV,,20250428,202504,9,2,169,1,EG,EGP,49.133,1,2400.0,0.0486,2400.0,116.64,2283.36,1320.0,963.36,1.0,,1,112188.33
L0017954,INV-2025-008698,INV,,20250428,202504,28,2,123,12,EG,EGP,49.133,1,4800.0,0.0534,4800.0,256.32,4543.68,2160.0,2383.68,1.25,,1,223244.63
L0018858,INV-2025-009133,INV,,20250428,202504,57,7,813,9,AE,AED,3.6725,2,6000.0,0.1995,12000.0,2394.0,9606.0,4200.0,5406.0,1.25,,1,35278.03
L0018958,INV-2025-009191,INV,,20250428,202504,89,8,912,1,OM,OMR,0.3845,1,2400.0,0.0513,2400.0,123.12,2276.88,1320.0,956.88,1.0,,1,875.46
L0018880,INV-2025-009145,INV,,20250428,202504,74,8,842,1,OM,OMR,0.3845,1,2400.0,0.0318,2400.0,76.33,2323.67,1320.0,1003.67,1.0,,1,893.45
L0018360,INV-2025-008884,INV,,20250428,202504,83,4,413,20,SA,SAR,3.75,3,1500.0,0.1257,4500.0,565.65,3934.35,2250.0,1684.35,1.0,,1,14753.81
L0018894,INV-2025-009153,INV,,20250428,202504,75,8,960,7,OM,OMR,0.3845,1,1200.0,0.1106,1200.0,132.72,1067.28,360.0,707.28,1.0,,1,410.37
L0017953,INV-2025-008698,INV,,20250428,202504,28,2,123,17,EG,EGP,49.133,5,450.0,0.0747,2250.0,168.08,2081.92,1687.5,394.42,1.0,,1,102291.22
L0018089,INV-2025-008773,INV,,20250428,202504,32,3,332,7,EG,EGP,49.133,8,1200.0,0.193,9600.0,1852.8,7747.2,2880.0,4867.2,1.0,,1,380643.18
L0018700,INV-2025-009064,INV,,20250428,202504,63,6,716,3,AE,AED,3.6725,1,3600.0,0.0788,3600.0,283.68,3316.32,1620.0,1696.32,1.0,,1,12179.19
L0017791,INV-2025-008603,INV,,20250428,202504,17,1,17,10,EG,EGP,49.133,1,3000.0,0.1105,3000.0,331.5,2668.5,900.0,1768.5,1.25,,1,131111.41
L0018355,INV-2025-008881,INV,,20250429,202504,83,4,426,19,SA,SAR,3.75,2,5500.0,0.1477,11000.0,1624.7,9375.3,4950.0,4425.3,1.0,,1,35157.38
L0017975,INV-2025-008710,INV,,20250429,202504,28,2,92,1,EG,EGP,49.133,1,2400.0,0.0615,2400.0,147.6,2252.4,1320.0,932.4,1.0,,1,110667.17
L0018148,INV-2025-008798,INV,,20250429,202504,34,3,357,7,EG,EGP,49.133,1,1200.0,0.1659,1200.0,199.08,1000.92,360.0,640.92,1.0,,1,49178.2
L0018555,INV-2025-009001,INV,,20250429,202504,53,5,639,7,SA,SAR,3.75,1,1200.0,0.1394,1200.0,167.28,1032.72,360.0,672.72,1.0,,1,3872.7
L0018450,INV-2025-008938,INV,,20250429,202504,50,5,677,5,SA,SAR,3.75,2,1800.0,0.0612,3600.0,220.32,3379.68,1440.0,1939.68,1.0,,1,12673.8
L0018130,INV-2025-008791,INV,,20250429,202504,33,3,350,16,EG,EGP,49.133,2,2200.0,0.2199,4400.0,967.56,3432.44,3520.0,-87.56,1.0,,1,168646.07
L0018312,INV-2025-008863,INV,,20250429,202504,43,4,421,15,SA,SAR,3.75,5,1100.0,0.1288,5500.0,708.4,4791.6,4290.0,501.6,1.0,,1,17968.5
L0018215,INV-2025-008826,INV,,20250429,202504,36,4,402,12,SA,SAR,3.75,1,4800.0,0.1076,4800.0,516.48,4283.52,2160.0,2123.52,1.25,,1,16063.2
L0017825,INV-2025-008620,INV,,20250429,202504,18,2,307,1,EG,EGP,49.133,1,2400.0,0.0453,2400.0,108.72,2291.28,1320.0,971.28,1.0,,1,112577.46
L0017756,INV-2025-008589,INV,,20250429,202504,14,1,38,3,EG,EGP,49.133,1,3600.0,0.1332,3600.0,479.52,3120.48,1620.0,1500.48,1.0,,1,153318.54
L0018381,INV-2025-008892,INV,,20250429,202504,46,5,620,18,SA,SAR,3.75,1,800.0,0.0989,800.0,79.12,720.88,440.0,280.88,1.0,,1,2703.3
L0018598,INV-2025-009025,INV,,20250429,202504,55,5,530,1,SA,SAR,3.75,2,2400.0,0.051,4800.0,244.8,4555.2,2640.0,1915.2,1.0,,1,17082.0
L0018413,INV-2025-008913,INV,,20250429,202504,47,5,460,1,SA,SAR,3.75,1,2400.0,0.0822,2400.0,197.28,2202.72,1320.0,882.72,1.0,,1,8260.2
L0017932,INV-2025-008684,INV,,20250429,202504,26,2,176,1,EG,EGP,49.133,1,2400.0,0.1594,2400.0,382.56,2017.44,1320.0,697.44,1.0,,1,99122.88
L0017903,INV-2025-008665,INV,,20250429,202504,25,2,247,12,EG,EGP,49.133,1,4800.0,0.0313,4800.0,150.24,4649.76,2160.0,2489.76,1.25,,1,228456.66
L0018725,INV-2025-009071,INV,,20250429,202504,64,6,757,1,AE,AED,3.6725,4,2400.0,0.1167,9600.0,1120.32,8479.68,5280.0,3199.68,1.0,,1,31141.62
L0018053,INV-2025-008757,INV,,20250429,202504,29,3,337,10,EG,EGP,49.133,1,3000.0,0.2601,3000.0,780.3,2219.7,900.0,1319.7,1.25,,1,109060.52
L0017995,INV-2025-008723,INV,,20250429,202504,9,2,88,1,EG,EGP,49.133,1,2400.0,0.0718,2400.0,172.32,2227.68,1320.0,907.68,1.0,,1,109452.6
L0018791,INV-2025-009096,INV,,20250430,202504,69,7,819,6,AE,AED,3.6725,2,7500.0,0.2063,15000.0,3094.5,11905.5,5700.0,6205.5,1.0,,1,43722.95
L0017910,INV-2025-008669,INV,,20250430,202504,25,2,118,7,EG,EGP,49.133,3,1200.0,0.0254,3600.0,91.44,3508.56,1080.0,2428.56,1.0,,1,172386.08
L0018705,INV-2025-009065,INV,,20250430,202504,63,6,722,10,AE,AED,3.6725,1,3000.0,0.0959,3000.0,287.7,2712.3,900.0,1812.3,1.25,,1,9960.92
L0018814,INV-2025-009109,INV,,20250430,202504,71,7,811,20,AE,AED,3.6725,2,1500.0,0.1745,3000.0,523.5,2476.5,1500.0,976.5,1.0,,1,9094.95
L0018294,INV-2025-008856,INV,,20250430,202504,42,4,445,9,SA,SAR,3.75,2,6000.0,0.1453,12000.0,1743.6,10256.4,4200.0,6056.4,1.25,,1,38461.5
L0018184,INV-2025-008813,INV,,20250430,202504,35,3,346,17,EG,EGP,49.133,6,450.0,0.1719,2700.0,464.13,2235.87,2025.0,210.87,1.0,,1,109855.0
L0018020,INV-2025-008738,INV,,20250430,202504,86,2,212,1,EG,EGP,49.133,1,2400.0,0.1374,2400.0,329.76,2070.24,1320.0,750.24,1.0,,1,101717.1
L0017795,INV-2025-008604,INV,,20250430,202504,90,1,69,10,EG,EGP,49.133,1,3000.0,0.1373,3000.0,411.9,2588.1,900.0,1688.1,1.25,,1,127161.12
L0018796,INV-2025-009101,INV,,20250430,202504,69,7,807,15,AE,AED,3.6725,8,1100.0,0.2019,8800.0,1776.72,7023.28,6864.0,159.28,1.0,,1,25793.0
L0018453,INV-2025-008940,INV,,20250430,202504,50,5,623,8,SA,SAR,3.75,1,1500.0,0.0998,1500.0,149.7,1350.3,1050.0,300.3,1.0,,1,5063.62
L0018165,INV-2025-008804,INV,,20250430,202504,35,3,369,5,EG,EGP,49.133,2,1800.0,0.2021,3600.0,727.56,2872.44,1440.0,1432.44,1.0,,1,141131.59
L0017987,INV-2025-008717,INV,,20250430,202504,85,2,250,7,EG,EGP,49.133,1,1200.0,0.0407,1200.0,48.84,1151.16,360.0,791.16,1.0,,1,56559.94
L0018185,INV-2025-008813,INV,,20250430,202504,35,3,346,10,EG,EGP,49.133,1,3000.0,0.183,3000.0,549.0,2451.0,900.0,1551.0,1.25,,1,120424.98
L0018301,INV-2025-008858,INV,,20250430,202504,42,4,409,3,SA,SAR,3.75,2,3600.0,0.0921,7200.0,663.12,6536.88,3240.0,3296.88,1.0,,1,24513.3
L0018293,INV-2025-008856,INV,,20250430,202504,42,4,445,4,SA,SAR,3.75,3,9000.0,0.1219,27000.0,3291.3,23708.7,14850.0,8858.7,1.0,,1,88907.62
L0018299,INV-2025-008858,INV,,20250430,202504,42,4,409,10,SA,SAR,3.75,4,3000.0,0.1795,12000.0,2154.0,9846.0,3600.0,6246.0,1.25,,1,36922.5
L0018452,INV-2025-008940,INV,,20250430,202504,50,5,623,15,SA,SAR,3.75,2,1100.0,0.0818,2200.0,179.96,2020.04,1716.0,304.04,1.0,,1,7575.15
L0018455,INV-2025-008942,INV,,20250430,202504,50,5,690,12,SA,SAR,3.75,1,4800.0,0.0844,4800.0,405.12,4394.88,2160.0,2234.88,1.25,,1,16480.8
L0018022,INV-2025-008739,INV,,20250430,202504,86,2,208,1,EG,EGP,49.133,1,2400.0,0.1512,2400.0,362.88,2037.12,1320.0,717.12,1.0,,1,100089.82
L0018484,INV-2025-008956,INV,,20250430,202504,51,5,594,17,SA,SAR,3.75,2,450.0,0.0718,900.0,64.62,835.38,675.0,160.38,1.0,,1,3132.68
L0018708,INV-2025-009065,INV,,20250430,202504,63,6,722,12,AE,AED,3.6725,1,4800.0,0.1195,4800.0,573.6,4226.4,2160.0,2066.4,1.25,,1,15521.45
L0018875,INV-2025-009142,INV,,20250430,202504,73,8,943,1,OM,OMR,0.3845,1,2400.0,0.0369,2400.0,88.56,2311.44,1320.0,991.44,1.0,,1,888.75
L0018658,INV-2025-009050,INV,,20250430,202504,59,6,744,3,AE,AED,3.6725,1,3600.0,0.135,3600.0,486.0,3114.0,1620.0,1494.0,1.0,,1,11436.16
L0018715,INV-2025-009067,INV,,20250430,202504,63,6,756,1,AE,AED,3.6725,1,2400.0,0.0744,2400.0,178.56,2221.44,1320.0,901.44,1.0,,1,8158.24
L0017792,INV-2025-008604,INV,,20250430,202504,90,1,69,9,EG,EGP,49.133,1,6000.0,0.1682,6000.0,1009.2,4990.8,2100.0,2890.8,1.25,,1,245212.98
L0018962,INV-2025-009193,INV,,20250430,202504,89,8,850,5,OM,OMR,0.3845,2,1800.0,0.0572,3600.0,205.93,3394.07,1440.0,1954.07,1.0,,1,1305.02
L0018307,INV-2025-008860,INV,,20250430,202504,43,4,436,7,SA,SAR,3.75,7,1200.0,0.2129,8400.0,1788.36,6611.64,2520.0,4091.64,1.0,,1,24793.65
L0020291,INV-2025-009849,INV,,20250501,202505,75,8,894,3,OM,OMR,0.3845,1,3600.0,0.0619,3600.0,222.83,3377.17,1620.0,1757.17,1.0,,0,1298.52
L0020137,INV-2025-009768,INV,,20250501,202505,68,7,788,17,AE,AED,3.6725,21,450.0,0.1757,9449.97,1660.36,7789.61,7087.5,702.11,1.0,,0,28607.35
L0019813,INV-2025-009620,INV,,20250501,202505,52,5,629,18,SA,SAR,3.75,3,800.0,0.0509,2400.0,122.16,2277.84,1320.0,957.84,1.0,,0,8541.9
L0019508,INV-2025-009469,INV,,20250501,202505,33,3,361,1,EG,EGP,49.9305,1,2400.0,0.1344,2400.0,322.56,2077.44,1320.0,757.44,1.0,,0,103727.62
L0019395,INV-2025-009410,INV,,20250501,202505,9,2,203,1,EG,EGP,49.9305,1,2400.0,0.0052,2400.0,12.48,2387.52,1320.0,1067.52,1.0,,0,119210.07
L0019969,INV-2025-009697,INV,,20250501,202505,56,6,772,8,AE,AED,3.6725,4,1500.0,0.1641,6000.0,984.6,5015.4,4200.0,815.4,1.0,,0,18419.06
L0019078,INV-2025-009241,INV,,20250501,202505,14,1,45,1,EG,EGP,49.9305,1,2400.0,0.1554,2400.0,372.96,2027.04,1320.0,707.04,1.0,,0,101211.12
L0020392,INV-2025-009911,INV,,20250502,202505,92,8,924,1,OM,OMR,0.3845,1,2400.0,0.0389,2400.0,93.37,2306.63,1320.0,986.63,1.0,,0,886.9
L0020261,INV-2025-009832,INV,,20250502,202505,73,8,858,8,OM,OMR,0.3845,1,1500.0,0.0048,1500.0,7.2,1492.8,1050.0,442.8,1.0,,0,573.98
L0019331,INV-2025-009375,INV,,20250502,202505,28,2,162,1,EG,EGP,49.9305,1,2400.0,0.0579,2400.0,138.96,2261.04,1320.0,941.04,1.0,,0,112894.86
L0019468,INV-2025-009452,INV,,20250502,202505,32,3,333,17,EG,EGP,49.9305,1,450.0,0.2253,450.0,101.39,348.61,337.5,11.11,1.0,,0,17406.52
L0020054,INV-2025-009730,INV,,20250502,202505,80,6,749,10,AE,AED,3.6725,2,3000.0,0.0501,6000.0,300.6,5699.4,1800.0,3899.4,1.25,,0,20931.05
L0020013,INV-2025-009712,INV,,20250503,202505,59,6,768,5,AE,AED,3.6725,2,1800.0,0.1414,3600.0,509.04,3090.96,1440.0,1650.96,1.0,,0,11351.55
L0019815,INV-2025-009621,INV,,20250503,202505,52,5,493,16,SA,SAR,3.75,2,2200.0,0.0628,4400.0,276.32,4123.68,3520.0,603.68,1.0,,0,15463.8
L0019610,INV-2025-009517,INV,,20250504,202505,41,4,394,9,SA,SAR,3.75,1,6000.0,0.0598,6000.0,358.8,5641.2,2100.0,3541.2,1.25,,0,21154.5
L0019452,INV-2025-009444,INV,,20250504,202505,29,3,348,12,EG,EGP,49.9305,1,4800.0,0.1715,4800.0,823.2,3976.8,2160.0,1816.8,1.25,,0,198563.61
L0020278,INV-2025-009842,INV,,20250504,202505,74,8,886,1,OM,OMR,0.3845,1,2400.0,0.0583,2400.0,139.92,2260.08,1320.0,940.08,1.0,,0,869.0
L0018998,INV-2025-009213,INV,,20250504,202505,10,1,58,1,EG,EGP,49.9305,1,2400.0,0.1199,2400.0,287.76,2112.24,1320.0,792.24,1.0,,0,105465.2
L0019955,INV-2025-009692,INV,,20250505,202505,56,6,715,7,AE,AED,3.6725,5,1200.0,0.1785,6000.0,1071.0,4929.0,1800.0,3129.0,1.0,,0,18101.75
L0019797,INV-2025-009612,INV,,20250505,202505,51,5,622,12,SA,SAR,3.75,1,4800.0,0.0277,4800.0,132.96,4667.04,2160.0,2507.04,1.25,,0,17501.4
L0019956,INV-2025-009692,INV,,20250505,202505,56,6,715,7,AE,AED,3.6725,8,1200.0,0.1408,9600.0,1351.68,8248.32,2880.0,5368.32,1.0,,0,30291.96
L0031047,CN-2025-00173,CN,INV-2024-006342,20250505,202505,33,3,371,8,EG,EGP,49.9305,-2,1500.0,0.1924,-3000.0,-577.2,-2422.8,-2100.0,-322.8,1.0,125.0,0,-120971.62
L0019679,INV-2025-009544,INV,,20250505,202505,83,4,378,18,SA,SAR,3.75,9,800.0,0.0821,7200.0,591.12,6608.88,3960.0,2648.88,1.0,,0,24783.3
L0019007,INV-2025-009216,INV,,20250505,202505,10,1,34,12,EG,EGP,49.9305,1,4800.0,0.1071,4800.0,514.08,4285.92,2160.0,2125.92,1.25,,0,213998.13
L0020027,INV-2025-009717,INV,,20250506,202505,62,6,716,9,AE,AED,3.6725,4,6000.0,0.1264,24000.0,3033.6,20966.4,8400.0,12566.4,1.25,,0,76999.1
L0019399,INV-2025-009413,INV,,20250506,202505,9,2,261,17,EG,EGP,49.9305,5,450.0,0.0434,2250.0,97.65,2152.35,1687.5,464.85,1.0,,0,107467.89
L0019380,INV-2025-009403,INV,,20250506,202505,9,2,125,7,EG,EGP,49.9305,1,1200.0,0.0366,1200.0,43.92,1156.08,360.0,796.08,1.0,,0,57723.65
L0019839,INV-2025-009633,INV,,20250506,202505,52,5,631,15,SA,SAR,3.75,1,1100.0,0.0221,1100.0,24.31,1075.69,858.0,217.69,1.0,,0,4033.84
L0019141,INV-2025-009263,INV,,20250507,202505,90,1,23,6,EG,EGP,49.9305,1,7500.0,0.1288,7500.0,966.0,6534.0,2850.0,3684.0,1.0,,0,326245.89
L0019613,INV-2025-009519,INV,,20250507,202505,42,4,396,12,SA,SAR,3.75,3,4800.0,0.0943,14400.0,1357.92,13042.08,6480.0,6562.08,1.25,,0,48907.8
L0020113,INV-2025-009755,INV,,20250507,202505,65,7,817,7,AE,AED,3.6725,3,1200.0,0.1842,3600.0,663.12,2936.88,1080.0,1856.88,1.0,,0,10785.69
L0019140,INV-2025-009263,INV,,20250507,202505,90,1,23,4,EG,EGP,49.9305,2,9000.0,0.1213,18000.0,2183.4,15816.6,9900.0,5916.6,1.0,,0,789730.75
L0020110,INV-2025-009755,INV,,20250507,202505,65,7,817,10,AE,AED,3.6725,1,3000.0,0.1631,3000.0,489.3,2510.7,900.0,1610.7,1.25,,0,9220.55
L0019614,INV-2025-009519,INV,,20250507,202505,42,4,396,12,SA,SAR,3.75,1,4800.0,0.1055,4800.0,506.4,4293.6,2160.0,2133.6,1.25,,0,16101.0
L0019389,INV-2025-009407,INV,,20250507,202505,9,2,306,1,EG,EGP,49.9305,1,2400.0,0.0418,2400.0,100.32,2299.68,1320.0,979.68,1.0,,0,114824.17
L0019892,INV-2025-009658,INV,,20250508,202505,54,5,534,1,SA,SAR,3.75,1,2400.0,0.0596,2400.0,143.04,2256.96,1320.0,936.96,1.0,,0,8463.6
L0019810,INV-2025-009619,INV,,20250508,202505,52,5,679,15,SA,SAR,3.75,1,1100.0,0.0549,1100.0,60.39,1039.61,858.0,181.61,1.0,,0,3898.54
L0019198,INV-2025-009295,INV,,20250509,202505,19,2,312,10,EG,EGP,49.9305,1,3000.0,0.0679,3000.0,203.7,2796.3,900.0,1896.3,1.25,,0,139620.66
L0019539,INV-2025-009485,INV,,20250509,202505,35,3,366,15,EG,EGP,49.9305,2,1100.0,0.2042,2200.0,449.24,1750.76,1716.0,34.76,1.0,,0,87416.32
L0019932,INV-2025-009680,INV,,20250509,202505,84,5,454,7,SA,SAR,3.75,2,1200.0,0.0435,2400.0,104.4,2295.6,720.0,1575.6,1.0,,0,8608.5
L0019272,INV-2025-009337,INV,,20250509,202505,24,2,324,1,EG,EGP,49.9305,1,2400.0,0.1194,2400.0,286.56,2113.44,1320.0,793.44,1.0,,0,105525.12
L0019296,INV-2025-009354,INV,,20250510,202505,26,2,206,7,EG,EGP,49.9305,1,1200.0,0.1113,1200.0,133.56,1066.44,360.0,706.44,1.0,,0,53247.88
L0019019,INV-2025-009221,INV,,20250510,202505,11,1,17,20,EG,EGP,49.9305,2,1500.0,0.0785,3000.0,235.5,2764.5,1500.0,1264.5,1.0,,0,138032.87
L0019755,INV-2025-009586,INV,,20250510,202505,50,5,576,17,SA,SAR,3.75,7,450.0,0.0357,3150.0,112.46,3037.54,2362.5,675.04,1.0,,0,11390.79
L0020121,INV-2025-009760,INV,,20250510,202505,68,7,817,5,AE,AED,3.6725,1,1800.0,0.1935,1800.0,348.3,1451.7,720.0,731.7,1.0,,0,5331.37
L0019204,INV-2025-009300,INV,,20250510,202505,21,2,99,7,EG,EGP,49.9305,1,1200.0,0.0238,1200.0,28.56,1171.44,360.0,811.44,1.0,,0,58490.58
L0031140,CN-2025-00230,CN,INV-2025-008587,20250510,202505,14,1,27,3,EG,EGP,49.9305,-1,3600.0,0.1334,-3600.0,-480.24,-3119.76,-1620.0,-1499.76,1.0,14.0,0,-155771.18
L0019522,INV-2025-009476,INV,,20250510,202505,34,3,370,7,EG,EGP,49.9305,4,1200.0,0.1644,4800.0,789.12,4010.88,1440.0,2570.88,1.0,,0,200265.24
L0020118,INV-2025-009760,INV,,20250510,202505,68,7,817,17,AE,AED,3.6725,2,450.0,0.1777,900.0,159.93,740.07,675.0,65.07,1.0,,0,2717.9
L0020120,INV-2025-009760,INV,,20250510,202505,68,7,817,16,AE,AED,3.6725,3,2200.0,0.1754,6600.0,1157.64,5442.36,5280.0,162.36,1.0,,0,19987.07
L0020284,INV-2025-009845,INV,,20250511,202505,75,8,910,5,OM,OMR,0.3845,1,1800.0,0.0637,1800.0,114.67,1685.33,720.0,965.33,1.0,,0,648.01
L0019242,INV-2025-009319,INV,,20250511,202505,23,2,266,7,EG,EGP,49.9305,1,1200.0,0.0779,1200.0,93.48,1106.52,360.0,746.52,1.0,,0,55249.1
L0019031,INV-2025-009226,INV,,20250511,202505,12,1,38,12,EG,EGP,49.9305,1,4800.0,0.058,4800.0,278.4,4521.6,2160.0,2361.6,1.25,,0,225765.75
L0019634,INV-2025-009525,INV,,20250511,202505,42,4,436,3,SA,SAR,3.75,3,3600.0,0.1129,10800.0,1219.32,9580.68,4860.0,4720.68,1.0,,0,35927.55
L0020401,INV-2025-009916,INV,,20250511,202505,92,8,900,17,OM,OMR,0.3845,1,449.99,0.1061,449.99,47.75,402.24,337.5,64.74,1.0,,0,154.66
L0019034,INV-2025-009226,INV,,20250511,202505,12,1,38,1,EG,EGP,49.9305,1,2400.0,0.0643,2400.0,154.32,2245.68,1320.0,925.68,1.0,,0,112127.93
L0019943,INV-2025-009686,INV,,20250511,202505,84,5,450,10,SA,SAR,3.75,1,3000.0,0.0524,3000.0,157.2,2842.8,900.0,1942.8,1.25,,0,10660.5
L0019554,INV-2025-009490,INV,,20250511,202505,35,3,341,15,EG,EGP,49.9305,5,1100.0,0.2236,5500.0,1229.8,4270.2,4290.0,-19.8,1.0,,0,213213.22
L0019067,INV-2025-009238,INV,,20250512,202505,14,1,8,12,EG,EGP,49.9305,1,4800.0,0.1191,4800.0,571.68,4228.32,2160.0,2068.32,1.25,,0,211122.13
L0020229,INV-2025-009814,INV,,20250512,202505,97,7,809,1,AE,AED,3.6725,3,2400.0,0.1908,7200.0,1373.76,5826.24,3960.0,1866.24,1.0,,0,21396.87
L0020165,INV-2025-009782,INV,,20250512,202505,71,7,810,9,AE,AED,3.6725,1,6000.0,0.1936,6000.0,1161.6,4838.4,2100.0,2738.4,1.25,,0,17769.02
L0019953,INV-2025-009691,INV,,20250512,202505,84,5,654,18,SA,SAR,3.75,1,800.0,0.0329,800.0,26.32,773.68,440.0,333.68,1.0,,0,2901.3
L0019225,INV-2025-009312,INV,,20250512,202505,23,2,281,15,EG,EGP,49.9305,1,1100.0,0.1072,1100.0,117.92,982.08,858.0,124.08,1.0,,0,49035.75
L0020164,INV-2025-009782,INV,,20250512,202505,71,7,810,10,AE,AED,3.6725,1,3000.0,0.1601,3000.0,480.3,2519.7,900.0,1619.7,1.25,,0,9253.6
L0019307,INV-2025-009360,INV,,20250512,202505,26,2,184,7,EG,EGP,49.9305,1,1200.0,0.1248,1200.0,149.76,1050.24,360.0,690.24,1.0,,0,52439.01
L0020109,INV-2025-009754,INV,,20250513,202505,65,7,811,17,AE,AED,3.6725,2,450.0,0.1717,900.0,154.53,745.47,675.0,70.47,1.0,,0,2737.73
L0019458,INV-2025-009447,INV,,20250513,202505,31,3,374,18,EG,EGP,49.9305,1,800.0,0.1995,800.0,159.6,640.4,440.0,200.4,1.0,,0,31975.49
L0020124,INV-2025-009762,INV,,20250513,202505,68,7,809,3,AE,AED,3.6725,5,3600.0,0.1831,18000.0,3295.8,14704.2,8100.0,6604.2,1.0,,0,54001.17
L0020017,INV-2025-009714,INV,,20250514,202505,59,6,750,10,AE,AED,3.6725,1,3000.0,0.1412,3000.0,423.6,2576.4,900.0,1676.4,1.25,,0,9461.83
L0019961,INV-2025-009694,INV,,20250514,202505,56,6,712,18,AE,USD,1.0,6,800.0,0.1731,4800.0,830.88,3969.12,2640.0,1329.12,1.0,,0,3969.12
L0019200,INV-2025-009296,INV,,20250514,202505,19,2,255,7,EG,EGP,49.9305,1,1200.0,0.0,1200.0,0.0,1200.0,360.0,840.0,1.0,,0,59916.6
L0019962,INV-2025-009694,INV,,20250514,202505,56,6,712,6,AE,USD,1.0,1,7500.0,0.1577,7500.0,1182.75,6317.25,2850.0,3467.25,1.0,,0,6317.25
L0020221,INV-2025-009811,INV,,20250515,202505,94,7,785,10,AE,AED,3.6725,1,3000.0,0.1986,3000.0,595.8,2404.2,900.0,1504.2,1.25,,0,8829.42
L0019649,INV-2025-009533,INV,,20250515,202505,43,4,411,4,SA,SAR,3.75,1,9000.0,0.1227,9000.0,1104.3,7895.7,4950.0,2945.7,1.0,,0,29608.88
L0019350,INV-2025-009386,INV,,20250515,202505,28,2,220,7,EG,EGP,49.9305,2,1200.0,0.0658,2400.0,157.92,2242.08,720.0,1522.08,1.0,,0,111948.18
L0019689,INV-2025-009547,INV,,20250515,202505,93,4,407,12,SA,SAR,3.75,1,4800.0,0.1053,4800.0,505.44,4294.56,2160.0,2134.56,1.25,,0,16104.6
L0019685,INV-2025-009547,INV,,20250515,202505,93,4,407,10,SA,SAR,3.75,1,3000.0,0.0927,3000.0,278.1,2721.9,900.0,1821.9,1.25,,0,10207.12
L0020087,INV-2025-009742,INV,,20250516,202505,81,6,715,16,AE,AED,3.6725,1,2200.0,0.0894,2200.0,196.68,2003.32,1760.0,243.32,1.0,,0,7357.19
L0019937,INV-2025-009682,INV,,20250516,202505,84,5,686,1,SA,SAR,3.75,1,2400.0,0.1032,2400.0,247.68,2152.32,1320.0,832.32,1.0,,0,8071.2
L0019749,INV-2025-009581,INV,,20250516,202505,48,5,645,7,SA,SAR,3.75,1,1200.0,0.0,1200.0,0.0,1200.0,360.0,840.0,1.0,,0,4500.0
L0019551,INV-2025-009489,INV,,20250516,202505,35,3,357,3,EG,EGP,49.9305,1,3600.0,0.1347,3600.0,484.92,3115.08,1620.0,1495.08,1.0,,0,155537.5
L0019168,INV-2025-009276,INV,,20250516,202505,18,2,145,3,EG,EGP,49.9305,1,3600.0,0.0179,3600.0,64.44,3535.56,1620.0,1915.56,1.0,,0,176532.28
L0020088,INV-2025-009742,INV,,20250516,202505,81,6,715,1,AE,AED,3.6725,2,2400.0,0.092,4800.0,441.6,4358.4,2640.0,1718.4,1.0,,0,16006.22
L0019713,INV-2025-009561,INV,,20250516,202505,47,5,653,7,SA,SAR,3.75,1,1200.0,0.0781,1200.0,93.72,1106.28,360.0,746.28,1.0,,0,4148.55
L0020307,INV-2025-009857,INV,,20250517,202505,75,8,926,18,OM,OMR,0.3845,1,800.0,0.0428,800.0,34.25,765.75,440.0,325.75,1.0,,0,294.43
L0020309,INV-2025-009857,INV,,20250517,202505,75,8,926,8,OM,OMR,0.3845,1,1500.0,0.0576,1500.0,86.4,1413.6,1050.0,363.6,1.0,,0,543.53
L0019221,INV-2025-009309,INV,,20250517,202505,23,2,161,1,EG,EGP,49.9305,1,2400.0,0.1021,2400.0,245.04,2154.96,1320.0,834.96,1.0,,0,107598.23
L0019575,INV-2025-009501,INV,,20250517,202505,36,4,405,3,SA,SAR,3.75,2,3600.0,0.0944,7200.0,679.68,6520.32,3240.0,3280.32,1.0,,0,24451.2
L0020173,INV-2025-009786,INV,,20250517,202505,71,7,777,5,AE,AED,3.6725,3,1800.0,0.1594,5400.0,860.76,4539.24,2160.0,2379.24,1.0,,0,16670.36
L0019202,INV-2025-009298,INV,,20250517,202505,19,2,282,8,EG,EGP,49.9305,1,1500.0,0.0291,1500.0,43.65,1456.35,1050.0,406.35,1.0,,0,72716.28
L0020086,INV-2025-009741,INV,,20250517,202505,81,6,762,12,AE,AED,3.6725,1,4800.0,0.0847,4800.0,406.56,4393.44,2160.0,2233.44,1.25,,0,16134.91
L0019561,INV-2025-009493,INV,,20250517,202505,35,3,348,15,EG,EGP,49.9305,4,1100.0,0.167,4400.0,734.8,3665.2,3432.0,233.2,1.0,,0,183005.27
L0020376,INV-2025-009901,INV,,20250517,202505,89,8,894,1,OM,OMR,0.3845,1,2400.0,0.0465,2400.0,111.6,2288.4,1320.0,968.4,1.0,,0,879.89
L0020355,INV-2025-009888,INV,,20250517,202505,88,8,934,12,OM,OMR,0.3845,1,4800.0,0.0407,4800.0,195.37,4604.63,2160.0,2444.63,1.25,,0,1770.48
L0019370,INV-2025-009397,INV,,20250517,202505,85,2,90,5,EG,EGP,49.9305,3,1800.0,0.079,5400.0,426.6,4973.4,2160.0,2813.4,1.0,,0,248324.35
L0019537,INV-2025-009483,INV,,20250517,202505,35,3,365,1,EG,EGP,49.9305,1,2400.0,0.1784,2400.0,428.16,1971.84,1320.0,651.84,1.0,,0,98454.96
L0019339,INV-2025-009379,INV,,20250517,202505,28,2,209,17,EG,EGP,49.9305,4,450.0,0.0868,1800.0,156.24,1643.76,1350.0,293.76,1.0,,0,82073.74
L0019015,INV-2025-009219,INV,,20250518,202505,11,1,39,9,EG,EGP,49.9305,1,6000.0,0.0975,6000.0,585.0,5415.0,2100.0,3315.0,1.25,,0,270373.66
L0020069,INV-2025-009734,INV,,20250518,202505,91,6,737,1,AE,AED,3.6725,3,2400.0,0.0,7200.0,0.0,7200.0,3960.0,3240.0,1.0,,0,26442.0
L0019102,INV-2025-009250,INV,,20250518,202505,15,1,9,12,EG,EGP,49.9305,1,4800.0,0.1398,4800.0,671.04,4128.96,2160.0,1968.96,1.25,,0,206161.04
L0020011,INV-2025-009711,INV,,20250519,202505,59,6,767,1,AE,AED,3.6725,1,2400.0,0.179,2400.0,429.6,1970.4,1320.0,650.4,1.0,,0,7236.29
L0020073,INV-2025-009736,INV,,20250519,202505,91,6,755,12,AE,AED,3.6725,1,4800.0,0.0642,4800.0,308.16,4491.84,2160.0,2331.84,1.25,,0,16496.28
L0019096,INV-2025-009248,INV,,20250519,202505,14,1,5,12,EG,EGP,49.9305,1,4800.0,0.1306,4800.0,626.88,4173.12,2160.0,2013.12,1.25,,0,208365.97
L0020071,INV-2025-009736,INV,,20250519,202505,91,6,755,12,AE,AED,3.6725,2,4800.0,0.0511,9600.0,490.56,9109.44,4320.0,4789.44,1.25,,0,33454.42
L0020353,INV-2025-009886,INV,,20250519,202505,88,8,916,8,OM,OMR,0.3845,3,1500.0,0.0434,4500.0,195.29,4304.71,3150.0,1154.71,1.0,,0,1655.16
L0020010,INV-2025-009711,INV,,20250519,202505,59,6,767,12,AE,AED,3.6725,1,4800.0,0.1373,4800.0,659.04,4140.96,2160.0,1980.96,1.25,,0,15207.68
L0020215,INV-2025-009807,INV,,20250519,202505,57,7,805,5,AE,AED,3.6725,4,1800.0,0.1089,7200.0,784.08,6415.92,2880.0,3535.92,1.0,,0,23562.47
L0020250,INV-2025-009826,INV,,20250520,202505,73,8,851,16,OM,OMR,0.3845,1,2200.0,0.0278,2200.0,61.17,2138.83,1760.0,378.83,1.0,,0,822.38
L0020219,INV-2025-009810,INV,,20250520,202505,94,7,786,20,AE,AED,3.6725,17,1500.0,0.1687,25500.0,4301.85,21198.15,12750.0,8448.15,1.0,,0,77850.21
L0020371,INV-2025-009898,INV,,20250520,202505,89,8,945,7,OM,OMR,0.3845,1,1200.0,0.0361,1200.0,43.33,1156.67,360.0,796.67,1.0,,0,444.74
L0020244,INV-2025-009823,INV,,20250520,202505,73,8,943,16,OM,OMR,0.3845,2,2200.0,0.0323,4400.0,142.13,4257.87,3520.0,737.87,1.0,,0,1637.15
L0020346,INV-2025-009881,INV,,20250521,202505,88,8,833,1,OM,OMR,0.3845,1,2400.0,0.0736,2400.0,176.64,2223.36,1320.0,903.36,1.0,,0,854.88
L0019626,INV-2025-009522,INV,,20250521,202505,42,4,388,12,SA,SAR,3.75,1,4800.0,0.0828,4800.0,397.44,4402.56,2160.0,2242.56,1.25,,0,16509.6
L0020146,INV-2025-009772,INV,,20250521,202505,69,7,807,8,AE,AED,3.6725,9,1500.0,0.1497,13500.0,2020.95,11479.05,9450.0,2029.05,1.0,,0,42156.81
L0020129,INV-2025-009764,INV,,20250521,202505,68,7,802,17,AE,AED,3.6725,2,450.0,0.1719,900.0,154.71,745.29,675.0,70.29,1.0,,0,2737.07
L0019651,INV-2025-009535,INV,,20250521,202505,45,4,410,14,SA,SAR,3.75,1,9600.0,0.1213,9600.0,1164.48,8435.52,4800.0,3635.52,1.25,,0,31633.2
L0019110,INV-2025-009252,INV,,20250521,202505,15,1,1,10,EG,EGP,49.9305,1,3000.0,0.1336,3000.0,400.8,2599.2,900.0,1699.2,1.25,,0,129779.36
L0019987,INV-2025-009703,INV,,20250521,202505,58,6,743,11,AE,AED,3.6725,2,18000.0,0.134,36000.0,4824.0,31176.0,14400.0,16776.0,1.25,,0,114493.86
L0019544,INV-2025-009487,INV,,20250522,202505,35,3,351,17,EG,EGP,49.9305,1,450.0,0.1801,450.0,81.05,368.95,337.5,31.45,1.0,,0,18422.1
L0019702,INV-2025-009553,INV,,20250522,202505,46,5,481,10,SA,SAR,3.75,1,3000.0,0.0778,3000.0,233.4,2766.6,900.0,1866.6,1.25,,0,10374.75
L0020288,INV-2025-009846,INV,,20250522,202505,75,8,854,15,OM,OMR,0.3845,1,1100.0,0.0559,1100.0,61.48,1038.52,858.0,180.52,1.0,,0,399.31
L0020235,INV-2025-009818,INV,,20250522,202505,73,8,909,12,OM,OMR,0.3845,1,4800.0,0.0115,4800.0,55.19,4744.81,2160.0,2584.81,1.25,,0,1824.38
L0019543,INV-2025-009487,INV,,20250522,202505,35,3,351,12,EG,EGP,49.9305,1,4800.0,0.1858,4800.0,891.84,3908.16,2160.0,1748.16,1.25,,0,195136.38
L0019515,INV-2025-009472,INV,,20250522,202505,34,3,346,15,EG,EGP,49.9305,2,1100.0,0.1825,2200.0,401.5,1798.5,1716.0,82.5,1.0,,0,89800.0
L0019294,INV-2025-009353,INV,,20250523,202505,26,2,242,7,EG,EGP,49.9305,1,1200.0,0.1015,1200.0,121.8,1078.2,360.0,718.2,1.0,,0,53835.07
L0020198,INV-2025-009798,INV,,20250523,202505,79,7,810,15,AE,AED,3.6725,8,1100.0,0.181,8800.0,1592.8,7207.2,6864.0,343.2,1.0,,0,26468.44
L0019750,INV-2025-009582,INV,,20250524,202505,48,5,658,7,SA,SAR,3.75,1,1200.0,0.0,1200.0,0.0,1200.0,360.0,840.0,1.0,,0,4500.0
L0019142,INV-2025-009264,INV,,20250524,202505,90,1,56,12,EG,EGP,49.9305,1,4800.0,0.1083,4800.0,519.84,4280.16,2160.0,2120.16,1.25,,0,213710.53
L0019519,INV-2025-009474,INV,,20250524,202505,34,3,353,7,EG,EGP,49.9305,1,1200.0,0.2015,1200.0,241.8,958.2,360.0,598.2,1.0,,0,47843.41
L0019850,INV-2025-009639,INV,,20250524,202505,52,5,631,2,SA,SAR,3.75,1,14000.0,0.0382,14000.0,534.8,13465.2,7000.0,6465.2,1.0,,0,50494.5
L0020151,INV-2025-009776,INV,,20250524,202505,69,7,776,7,AE,AED,3.6725,2,1200.0,0.161,2400.0,386.4,2013.6,720.0,1293.6,1.0,,0,7394.95
L0019946,INV-2025-009687,INV,,20250524,202505,84,5,499,7,SA,SAR,3.75,1,1200.0,0.0452,1200.0,54.24,1145.76,360.0,785.76,1.0,,0,4296.6
L0019071,INV-2025-009239,INV,,20250524,202505,14,1,40,12,EG,EGP,49.9305,1,4800.0,0.1064,4800.0,510.72,4289.28,2160.0,2129.28,1.25,,0,214165.9
L0019144,INV-2025-009264,INV,,20250524,202505,90,1,56,7,EG,EGP,49.9305,2,1200.0,0.1258,2400.0,301.92,2098.08,720.0,1378.08,1.0,,0,104758.18
L0019874,INV-2025-009650,INV,,20250524,202505,53,5,693,10,SA,SAR,3.75,1,3000.0,0.074,3000.0,222.0,2778.0,900.0,1878.0,1.25,,0,10417.5
L0019359,INV-2025-009391,INV,,20250525,202505,85,2,293,17,EG,EGP,49.9305,1,450.0,0.0543,450.0,24.44,425.56,337.5,88.06,1.0,,0,21248.67
L0020290,INV-2025-009848,INV,,20250525,202505,75,8,896,10,OM,OMR,0.3845,1,3000.0,0.0969,3000.0,290.69,2709.31,900.0,1809.31,1.25,,0,1041.73
L0020343,INV-2025-009879,INV,,20250525,202505,88,8,822,1,OM,OMR,0.3845,1,2400.0,0.0996,2400.0,239.04,2160.96,1320.0,840.96,1.0,,0,830.89
L0019705,INV-2025-009555,INV,,20250526,202505,46,5,607,7,SA,SAR,3.75,1,1200.0,0.102,1200.0,122.4,1077.6,360.0,717.6,1.0,,0,4041.0
L0019586,INV-2025-009508,INV,,20250526,202505,39,4,404,20,SA,SAR,3.75,6,1500.0,0.1113,9000.0,1001.7,7998.3,4500.0,3498.3,1.0,,0,29993.62
L0019942,INV-2025-009685,INV,,20250526,202505,84,5,667,3,SA,SAR,3.75,1,3600.0,0.0785,3600.0,282.6,3317.4,1620.0,1697.4,1.0,,0,12440.25
L0019734,INV-2025-009573,INV,,20250526,202505,48,5,623,7,SA,SAR,3.75,1,1200.0,0.0,1200.0,0.0,1200.0,360.0,840.0,1.0,,0,4500.0
L0020315,INV-2025-009861,INV,,20250527,202505,82,8,858,1,OM,OMR,0.3845,1,2400.0,0.0593,2400.0,142.31,2257.69,1320.0,937.69,1.0,,0,868.08
L0019027,INV-2025-009224,INV,,20250527,202505,12,1,44,5,EG,EGP,49.9305,3,1800.0,0.0477,5400.0,257.58,5142.42,2160.0,2982.42,1.0,,0,256763.6
L0019683,INV-2025-009545,INV,,20250527,202505,93,4,389,10,SA,SAR,3.75,2,3000.0,0.1332,6000.0,799.2,5200.8,1800.0,3400.8,1.25,,0,19503.0
L0019270,INV-2025-009336,INV,,20250527,202505,24,2,254,10,EG,EGP,49.9305,1,3000.0,0.1227,3000.0,368.1,2631.9,900.0,1731.9,1.25,,0,131412.08
L0019434,INV-2025-009435,INV,,20250527,202505,87,2,230,1,EG,EGP,49.9305,1,2400.0,0.0601,2400.0,144.24,2255.76,1320.0,935.76,1.0,,0,112631.22
L0019798,INV-2025-009613,INV,,20250527,202505,51,5,665,1,SA,SAR,3.75,1,2400.0,0.0452,2400.0,108.48,2291.52,1320.0,971.52,1.0,,0,8593.2
L0020282,INV-2025-009844,INV,,20250527,202505,75,8,923,1,OM,OMR,0.3845,2,2400.0,0.0297,4800.0,142.55,4657.45,2640.0,2017.45,1.0,,0,1790.79
L0019494,INV-2025-009464,INV,,20250527,202505,33,3,369,1,EG,EGP,49.9305,1,2400.0,0.1709,2400.0,410.16,1989.84,1320.0,669.84,1.0,,0,99353.71
L0019002,INV-2025-009214,INV,,20250528,202505,10,1,18,12,EG,EGP,49.9305,1,4800.0,0.0783,4800.0,375.84,4424.16,2160.0,2264.16,1.25,,0,220900.52
L0019585,INV-2025-009507,INV,,20250528,202505,37,4,382,19,SA,SAR,3.75,10,5500.0,0.0831,55000.0,4570.5,50429.5,24750.0,25679.5,1.0,,0,189110.62
L0019386,INV-2025-009406,INV,,20250528,202505,9,2,184,15,EG,EGP,49.9305,1,1100.0,0.0461,1100.0,50.71,1049.29,858.0,191.29,1.0,,0,52391.57
L0020279,INV-2025-009843,INV,,20250528,202505,74,8,854,7,OM,OMR,0.3845,1,1200.0,0.0171,1200.0,20.52,1179.48,360.0,819.48,1.0,,0,453.51
L0019311,INV-2025-009362,INV,,20250528,202505,27,2,84,7,EG,EGP,49.9305,1,1200.0,0.0221,1200.0,26.52,1173.48,360.0,813.48,1.0,,0,58592.44
L0019245,INV-2025-009321,INV,,20250528,202505,23,2,206,3,EG,EGP,49.9305,1,3600.0,0.0717,3600.0,258.12,3341.88,1620.0,1721.88,1.0,,0,166861.74
L0019460,INV-2025-009448,INV,,20250528,202505,31,3,370,17,EG,EGP,49.9305,9,450.0,0.1915,4050.0,775.58,3274.42,3037.5,236.92,1.0,,0,163493.64
L0019808,INV-2025-009618,INV,,20250528,202505,51,5,697,1,SA,SAR,3.75,1,2400.0,0.06,2400.0,144.0,2256.0,1320.0,936.0,1.0,,0,8460.0
L0020002,INV-2025-009708,INV,,20250528,202505,58,6,753,9,AE,AED,3.6725,1,6000.0,0.0931,6000.0,558.6,5441.4,2100.0,3341.4,1.25,,0,19983.54
L0019156,INV-2025-009270,INV,,20250528,202505,18,2,285,1,EG,EGP,49.9305,1,2400.0,0.0419,2400.0,100.56,2299.44,1320.0,979.44,1.0,,0,114812.19
L0019369,INV-2025-009396,INV,,20250528,202505,85,2,99,18,EG,EGP,49.9305,1,800.0,0.0563,800.0,45.04,754.96,440.0,314.96,1.0,,0,37695.53
L0019504,INV-2025-009468,INV,,20250528,202505,33,3,357,17,EG,EGP,49.9305,3,450.0,0.1667,1350.0,225.05,1124.95,1012.5,112.45,1.0,,0,56169.55
L0019436,INV-2025-009436,INV,,20250528,202505,87,2,316,7,EG,EGP,49.9305,1,1200.0,0.0514,1200.0,61.68,1138.32,360.0,778.32,1.0,,0,56836.89
L0020038,INV-2025-009723,INV,,20250528,202505,63,6,717,4,AE,AED,3.6725,1,9000.0,0.074,9000.0,666.0,8334.0,4950.0,3384.0,1.0,,0,30606.62
L0019948,INV-2025-009688,INV,,20250528,202505,84,5,637,7,SA,SAR,3.75,1,1200.0,0.032,1200.0,38.4,1161.6,360.0,801.6,1.0,,0,4356.0
L0019090,INV-2025-009246,INV,,20250528,202505,14,1,29,7,EG,EGP,49.9305,1,1200.0,0.1349,1200.0,161.88,1038.12,360.0,678.12,1.0,,0,51833.85
L0019746,INV-2025-009580,INV,,20250528,202505,48,5,664,10,SA,SAR,3.75,1,3000.0,0.0,3000.0,0.0,3000.0,900.0,2100.0,1.25,,0,11250.0
L0019505,INV-2025-009468,INV,,20250528,202505,33,3,357,15,EG,EGP,49.9305,5,1100.0,0.1671,5500.0,919.05,4580.95,4290.0,290.95,1.0,,0,228729.12
L0019703,INV-2025-009554,INV,,20250528,202505,46,5,669,17,SA,SAR,3.75,24,450.0,0.0773,10800.0,834.84,9965.16,8100.0,1865.16,1.0,,0,37369.35
L0019246,INV-2025-009322,INV,,20250529,202505,23,2,177,1,EG,EGP,49.9305,3,2400.0,0.1326,7200.0,954.72,6245.28,3960.0,2285.28,1.0,,1,311829.95
L0019017,INV-2025-009220,INV,,20250529,202505,11,1,20,5,EG,EGP,49.9305,2,1800.0,0.0921,3600.0,331.56,3268.44,1440.0,1828.44,1.0,,1,163194.84
L0020258,INV-2025-009830,INV,,20250529,202505,73,8,867,12,OM,OMR,0.3845,1,4800.0,0.0307,4800.0,147.36,4652.64,2160.0,2492.64,1.25,,1,1788.94
L0019992,INV-2025-009705,INV,,20250529,202505,58,6,731,15,AE,AED,3.6725,2,1100.0,0.1758,2200.0,386.76,1813.24,1716.0,97.24,1.0,,1,6659.12
L0020394,INV-2025-009913,INV,,20250529,202505,92,8,875,7,OM,OMR,0.3845,1,1200.0,0.1081,1200.0,129.73,1070.27,360.0,710.27,1.0,,1,411.52
L0019738,INV-2025-009575,INV,,20250529,202505,48,5,488,18,SA,SAR,3.75,5,800.0,0.0,4000.0,0.0,4000.0,2200.0,1800.0,1.0,,1,15000.0
L0019593,INV-2025-009510,INV,,20250529,202505,39,4,430,17,SA,SAR,3.75,14,450.0,0.1267,6300.0,798.21,5501.79,4725.0,776.79,1.0,,1,20631.71
L0019597,INV-2025-009512,INV,,20250529,202505,40,4,381,1,SA,SAR,3.75,3,2400.0,0.107,7200.0,770.4,6429.6,3960.0,2469.6,1.0,,1,24111.0
L0019795,INV-2025-009611,INV,,20250529,202505,51,5,649,3,SA,SAR,3.75,3,3600.0,0.0647,10800.0,698.76,10101.24,4860.0,5241.24,1.0,,1,37879.65
L0019489,INV-2025-009462,INV,,20250529,202505,33,3,366,16,EG,EGP,49.9305,3,2200.0,0.181,6600.0,1194.6,5405.4,5280.0,125.4,1.0,,1,269894.32
L0020313,INV-2025-009859,INV,,20250529,202505,82,8,956,12,OM,OMR,0.3845,1,4800.0,0.065,4800.0,311.99,4488.01,2160.0,2328.01,1.25,,1,1725.64
L0020026,INV-2025-009716,INV,,20250529,202505,59,6,744,7,AE,AED,3.6725,22,1200.0,0.1227,26400.0,3239.28,23160.72,7920.0,15240.72,1.0,,1,85057.74
L0019780,INV-2025-009601,INV,,20250529,202505,50,5,658,1,SA,SAR,3.75,1,2400.0,0.0863,2400.0,207.12,2192.88,1320.0,872.88,1.0,,1,8223.3
L0020122,INV-2025-009761,INV,,20250529,202505,68,7,780,10,AE,AED,3.6725,1,3000.0,0.1859,3000.0,557.7,2442.3,900.0,1542.3,1.25,,1,8969.35
L0020395,INV-2025-009913,INV,,20250529,202505,92,8,875,7,OM,OMR,0.3845,1,1200.0,0.1225,1200.0,147.0,1053.0,360.0,693.0,1.0,,1,404.88
L0019022,INV-2025-009222,INV,,20250529,202505,11,1,55,1,EG,EGP,49.9305,1,2400.0,0.0963,2400.0,231.12,2168.88,1320.0,848.88,1.0,,1,108293.26
L0020042,INV-2025-009724,INV,,20250529,202505,63,6,770,20,AE,AED,3.6725,1,1500.0,0.0894,1500.0,134.1,1365.9,750.0,615.9,1.0,,1,5016.27
L0019939,INV-2025-009683,INV,,20250529,202505,84,5,454,10,SA,SAR,3.75,1,3000.0,0.0612,3000.0,183.6,2816.4,900.0,1916.4,1.25,,1,10561.5
L0019779,INV-2025-009601,INV,,20250529,202505,50,5,658,5,SA,SAR,3.75,5,1800.0,0.0784,9000.0,705.6,8294.4,3600.0,4694.4,1.0,,1,31104.0
L0020004,INV-2025-009709,INV,,20250530,202505,58,6,712,1,AE,AED,3.6725,1,2400.0,0.1203,2400.0,288.72,2111.28,1320.0,791.28,1.0,,1,7753.68
L0019285,INV-2025-009346,INV,,20250530,202505,25,2,261,5,EG,EGP,49.9305,1,1800.0,0.0533,1800.0,95.94,1704.06,720.0,984.06,1.0,,1,85084.57
L0020296,INV-2025-009851,INV,,20250530,202505,75,8,842,7,OM,OMR,0.3845,2,1200.0,0.0565,2400.0,135.6,2264.4,720.0,1544.4,1.0,,1,870.66
L0019230,INV-2025-009314,INV,,20250530,202505,23,2,329,7,EG,EGP,49.9305,1,1200.0,0.1508,1200.0,180.96,1019.04,360.0,659.04,1.0,,1,50881.18
L0019060,INV-2025-009237,INV,,20250530,202505,14,1,59,1,EG,EGP,49.9305,1,2400.0,0.1441,2400.0,345.84,2054.16,1320.0,734.16,1.0,,1,102565.24
L0019646,INV-2025-009531,INV,,20250530,202505,42,4,412,20,SA,SAR,3.75,2,1500.0,0.1349,3000.0,404.7,2595.3,1500.0,1095.3,1.0,,1,9732.38
L0019790,INV-2025-009608,INV,,20250530,202505,51,5,610,17,SA,SAR,3.75,2,450.0,0.0548,900.0,49.32,850.68,675.0,175.68,1.0,,1,3190.05
L0019690,INV-2025-009548,INV,,20250530,202505,93,4,429,1,SA,SAR,3.75,1,2400.0,0.1479,2400.0,354.96,2045.04,1320.0,725.04,1.0,,1,7668.9
L0019375,INV-2025-009401,INV,,20250530,202505,9,2,282,1,EG,EGP,49.9305,1,2400.0,0.0561,2400.0,134.64,2265.36,1320.0,945.36,1.0,,1,113110.56
L0019255,INV-2025-009328,INV,,20250530,202505,24,2,246,7,EG,EGP,49.9305,1,1200.0,0.162,1200.0,194.4,1005.6,360.0,645.6,1.0,,1,50210.11
L0019169,INV-2025-009277,INV,,20250530,202505,18,2,115,1,EG,EGP,49.9305,1,2400.0,0.0143,2400.0,34.32,2365.68,1320.0,1045.68,1.0,,1,118119.59
L0019064,INV-2025-009237,INV,,20250530,202505,14,1,59,8,EG,EGP,49.9305,1,1500.0,0.1267,1500.0,190.05,1309.95,1050.0,259.95,1.0,,1,65406.46
L0019123,INV-2025-009257,INV,,20250530,202505,16,1,11,7,EG,EGP,49.9305,4,1200.0,0.1441,4800.0,691.68,4108.32,1440.0,2668.32,1.0,,1,205130.47
L0020267,INV-2025-009836,INV,,20250530,202505,74,8,960,12,OM,OMR,0.3845,1,4800.0,0.05,4800.0,240.0,4560.0,2160.0,2400.0,1.25,,1,1753.32
L0020271,INV-2025-009839,INV,,20250531,202505,74,8,949,12,OM,OMR,0.3845,1,4800.0,0.0677,4800.0,324.97,4475.03,2160.0,2315.03,1.25,,1,1720.65
L0020096,INV-2025-009748,INV,,20250531,202505,65,7,796,3,AE,AED,3.6725,1,3600.0,0.1958,3600.0,704.88,2895.12,1620.0,1275.12,1.0,,1,10632.33
L0019972,INV-2025-009698,INV,,20250531,202505,56,6,731,12,AE,AED,3.6725,1,4800.0,0.1434,4800.0,688.32,4111.68,2160.0,1951.68,1.25,,1,15100.14
L0019418,INV-2025-009426,INV,,20250531,202505,87,2,72,10,EG,EGP,49.9305,1,3000.0,0.0636,3000.0,190.8,2809.2,900.0,1909.2,1.25,,1,140264.76
L0019697,INV-2025-009549,INV,,20250531,202505,93,4,396,5,SA,SAR,3.75,4,1800.0,0.0964,7200.0,694.08,6505.92,2880.0,3625.92,1.0,,1,24397.2
L0019694,INV-2025-009549,INV,,20250531,202505,93,4,396,12,SA,SAR,3.75,1,4800.0,0.1057,4800.0,507.36,4292.64,2160.0,2132.64,1.25,,1,16097.4
L0019315,INV-2025-009365,INV,,20250531,202505,27,2,174,1,EG,EGP,49.9305,1,2400.0,0.0133,2400.0,31.92,2368.08,1320.0,1048.08,1.0,,1,118239.42
L0020149,INV-2025-009774,INV,,20250531,202505,69,7,790,17,AE,AED,3.6725,5,450.0,0.2035,2249.99,457.87,1792.12,1687.5,104.62,1.0,,1,6581.56
L0019912,INV-2025-009670,INV,,20250531,202505,55,5,680,5,SA,SAR,3.75,3,1800.0,0.0809,5400.0,436.86,4963.14,2160.0,2803.14,1.0,,1,18611.78
L0020160,INV-2025-009780,INV,,20250531,202505,69,7,777,17,AE,AED,3.6725,24,450.0,0.2077,10799.97,2243.16,8556.81,8100.0,456.81,1.0,,1,31424.9
L0019080,INV-2025-009242,INV,,20250531,202505,14,1,11,5,EG,EGP,49.9305,5,1800.0,0.1461,9000.0,1314.9,7685.1,3600.0,4085.1,1.0,,1,383720.89
L0019974,INV-2025-009698,INV,,20250531,202505,56,6,731,16,AE,AED,3.6725,3,2200.0,0.1947,6600.0,1285.02,5314.98,5280.0,34.98,1.0,,1,19519.26
L0019417,INV-2025-009426,INV,,20250531,202505,87,2,72,7,EG,EGP,49.9305,1,1200.0,0.0328,1200.0,39.36,1160.64,360.0,800.64,1.0,,1,57951.34
L0019084,INV-2025-009244,INV,,20250531,202505,14,1,8,1,EG,EGP,49.9305,1,2400.0,0.1519,2400.0,364.56,2035.44,1320.0,715.44,1.0,,1,101630.54
L0019599,INV-2025-009513,INV,,20250531,202505,40,4,425,12,SA,SAR,3.75,1,4800.0,0.1146,4800.0,550.08,4249.92,2160.0,2089.92,1.25,,1,15937.2
L0019085,INV-2025-009244,INV,,20250531,202505,14,1,8,1,EG,EGP,49.9305,1,2400.0,0.1445,2400.0,346.8,2053.2,1320.0,733.2,1.0,,1,102517.3
L0019473,INV-2025-009454,INV,,20250531,202505,32,3,367,6,EG,EGP,49.9305,1,7500.0,0.2514,7500.0,1885.5,5614.5,2850.0,2764.5,1.0,,1,280334.79
L0019559,INV-2025-009492,INV,,20250531,202505,35,3,373,19,EG,EGP,49.9305,1,5500.0,0.1909,5500.0,1049.95,4450.05,2475.0,1975.05,1.0,,1,222193.22
L0019263,INV-2025-009333,INV,,20250531,202505,24,2,71,10,EG,EGP,49.9305,1,3000.0,0.1257,3000.0,377.1,2622.9,900.0,1722.9,1.25,,1,130962.71
L0020201,INV-2025-009799,INV,,20250531,202505,79,7,796,9,AE,AED,3.6725,1,6000.0,0.218,6000.0,1308.0,4692.0,2100.0,2592.0,1.25,,1,17231.37
L0020253,INV-2025-009828,INV,,20250531,202505,73,8,918,12,OM,OMR,0.3845,1,4800.0,0.0273,4800.0,131.03,4668.97,2160.0,2508.97,1.25,,1,1795.22
L0020299,INV-2025-009854,INV,,20250531,202505,75,8,968,1,OM,OMR,0.3845,1,2400.0,0.0822,2400.0,197.27,2202.73,1320.0,882.73,1.0,,1,846.95
L0019582,INV-2025-009506,INV,,20250531,202505,37,4,412,12,SA,SAR,3.75,1,4800.0,0.1519,4800.0,729.12,4070.88,2160.0,1910.88,1.25,,1,15265.8
L0020075,INV-2025-009737,INV,,20250531,202505,91,6,713,1,AE,AED,3.6725,6,2400.0,0.0692,14400.0,996.48,13403.52,7920.0,5483.52,1.0,,1,49224.43
L0019558,INV-2025-009492,INV,,20250531,202505,35,3,373,3,EG,EGP,49.9305,1,3600.0,0.2139,3600.0,770.04,2829.96,1620.0,1209.96,1.0,,1,141301.32
L0019557,INV-2025-009492,INV,,20250531,202505,35,3,373,3,EG,EGP,49.9305,1,3600.0,0.2072,3600.0,745.92,2854.08,1620.0,1234.08,1.0,,1,142505.64
L0019354,INV-2025-009388,INV,,20250531,202505,28,2,104,15,EG,EGP,49.9305,2,1100.0,0.055,2200.0,121.0,2079.0,1716.0,363.0,1.0,,1,103805.51
L0019474,INV-2025-009454,INV,,20250531,202505,32,3,367,1,EG,EGP,49.9305,1,2400.0,0.2172,2400.0,521.28,1878.72,1320.0,558.72,1.0,,1,93805.43
L0019843,INV-2025-009635,INV,,20250531,202505,52,5,637,16,SA,SAR,3.75,1,2200.0,0.0605,2200.0,133.1,2066.9,1760.0,306.9,1.0,,1,7750.88
L0020298,INV-2025-009853,INV,,20250531,202505,75,8,897,3,OM,OMR,0.3845,2,3600.0,0.1026,7200.0,738.73,6461.27,3240.0,3221.27,1.0,,1,2484.36
L0019276,INV-2025-009340,INV,,20250531,202505,25,2,247,1,EG,EGP,49.9305,1,2400.0,0.0524,2400.0,125.76,2274.24,1320.0,954.24,1.0,,1,113553.94
L0019026,INV-2025-009223,INV,,20250531,202505,12,1,3,1,EG,EGP,49.9305,1,2400.0,0.0409,2400.0,98.16,2301.84,1320.0,981.84,1.0,,1,114932.02
L0019035,INV-2025-009227,INV,,20250531,202505,12,1,48,20,EG,EGP,49.9305,5,1500.0,0.0642,7500.0,481.5,7018.5,3750.0,3268.5,1.0,,1,350437.21
L0021339,INV-2025-010371,INV,,20250601,202506,52,5,538,1,SA,SAR,3.75,1,2400.0,0.0521,2400.0,125.04,2274.96,1320.0,954.96,1.0,,0,8531.1
L0020703,INV-2025-010049,INV,,20250601,202506,24,2,274,10,EG,EGP,50.1071,1,3000.0,0.0805,3000.0,241.5,2758.5,900.0,1858.5,1.25,,0,138220.44
L0021386,INV-2025-010398,INV,,20250601,202506,52,5,633,17,SA,SAR,3.75,1,450.0,0.0382,450.0,17.19,432.81,337.5,95.31,1.0,,0,1623.04
L0021545,INV-2025-010478,INV,,20250601,202506,62,6,724,10,AE,AED,3.6725,1,3000.0,0.1119,3000.0,335.7,2664.3,900.0,1764.3,1.25,,0,9784.64
L0021092,INV-2025-010243,INV,,20250601,202506,43,4,403,16,SA,SAR,3.75,2,2200.0,0.119,4400.0,523.6,3876.4,3520.0,356.4,1.0,,0,14536.5
L0021232,INV-2025-010308,INV,,20250602,202506,47,5,487,5,SA,SAR,3.75,1,1800.0,0.086,1800.0,154.8,1645.2,720.0,925.2,1.0,,0,6169.5
L0020573,INV-2025-009980,INV,,20250602,202506,17,1,49,10,EG,EGP,50.1071,1,3000.0,0.0737,3000.0,221.1,2778.9,900.0,1878.9,1.25,,0,139242.62
L0020666,INV-2025-010031,INV,,20250602,202506,23,2,273,1,EG,EGP,50.1071,1,2400.0,0.1129,2400.0,270.96,2129.04,1320.0,809.04,1.0,,0,106680.02
L0020653,INV-2025-010024,INV,,20250602,202506,21,2,169,12,EG,EGP,50.1071,1,4800.0,0.0289,4800.0,138.72,4661.28,2160.0,2501.28,1.25,,0,233563.22
L0021587,INV-2025-010495,INV,,20250602,202506,63,6,747,8,AE,AED,3.6725,14,1500.0,0.0616,21000.0,1293.6,19706.4,14700.0,5006.4,1.0,,0,72371.75
L0021233,INV-2025-010308,INV,,20250602,202506,47,5,487,1,SA,SAR,3.75,1,2400.0,0.0698,2400.0,167.52,2232.48,1320.0,912.48,1.0,,0,8371.8
L0021183,INV-2025-010275,INV,,20250602,202506,93,4,405,1,SA,SAR,3.75,3,2400.0,0.0993,7200.0,714.96,6485.04,3960.0,2525.04,1.0,,0,24318.9
L0020811,INV-2025-010114,INV,,20250602,202506,85,2,120,7,EG,EGP,50.1071,1,1200.0,0.0,1200.0,0.0,1200.0,360.0,840.0,1.0,,0,60128.52
L0021506,INV-2025-010463,INV,,20250603,202506,58,6,751,1,AE,USD,1.0,1,2400.0,0.1125,2400.0,270.0,2130.0,1320.0,810.0,1.0,,0,2130.0
L0020470,INV-2025-009943,INV,,20250603,202506,13,1,7,19,EG,EGP,50.1071,1,5500.0,0.1557,5500.0,856.35,4643.65,2475.0,2168.65,1.0,,0,232679.83
L0021734,INV-2025-010556,INV,,20250603,202506,71,7,788,17,AE,AED,3.6725,2,450.0,0.1605,900.0,144.45,755.55,675.0,80.55,1.0,,0,2774.75
L0021725,INV-2025-010552,INV,,20250603,202506,71,7,799,9,AE,AED,3.6725,1,6000.0,0.2331,6000.0,1398.6,4601.4,2100.0,2501.4,1.25,,0,16898.64
L0021021,INV-2025-010215,INV,,20250603,202506,36,4,376,3,SA,SAR,3.75,3,3600.0,0.0754,10800.0,814.32,9985.68,4860.0,5125.68,1.0,,0,37446.3
L0021098,INV-2025-010245,INV,,20250603,202506,43,4,391,2,SA,SAR,3.75,1,14000.0,0.109,14000.0,1526.0,12474.0,7000.0,5474.0,1.0,,0,46777.5
L0020599,INV-2025-009990,INV,,20250603,202506,90,1,19,5,EG,EGP,50.1071,8,1800.0,0.1338,14400.0,1926.72,12473.28,5760.0,6713.28,1.0,,0,624999.89
L0020598,INV-2025-009990,INV,,20250603,202506,90,1,19,10,EG,EGP,50.1071,2,3000.0,0.1351,6000.0,810.6,5189.4,1800.0,3389.4,1.25,,0,260025.78
L0020583,INV-2025-009983,INV,,20250604,202506,17,1,4,17,EG,EGP,50.1071,1,450.0,0.1045,450.0,47.02,402.98,337.5,65.48,1.0,,0,20191.91
L0021315,INV-2025-010356,INV,,20250604,202506,51,5,600,1,SA,SAR,3.75,1,2400.0,0.0672,2400.0,161.28,2238.72,1320.0,918.72,1.0,,0,8395.2
L0021617,INV-2025-010508,INV,,20250604,202506,91,6,717,13,AE,AED,3.6725,1,12000.0,0.0516,12000.0,619.2,11380.8,5040.0,6340.8,1.25,,0,41795.99
L0020418,INV-2025-009924,INV,,20250604,202506,10,1,65,12,EG,EGP,50.1071,1,4800.0,0.1353,4800.0,649.44,4150.56,2160.0,1990.56,1.25,,0,207972.52
L0020584,INV-2025-009983,INV,,20250604,202506,17,1,4,3,EG,EGP,50.1071,2,3600.0,0.1163,7200.0,837.36,6362.64,3240.0,3122.64,1.0,,0,318813.44
L0021802,INV-2025-010590,INV,,20250604,202506,75,8,844,1,OM,OMR,0.3845,1,2400.0,0.0708,2400.0,169.91,2230.09,1320.0,910.09,1.0,,0,857.47
L0020951,INV-2025-010186,INV,,20250605,202506,33,3,363,1,EG,EGP,50.1071,1,2400.0,0.1495,2400.0,358.8,2041.2,1320.0,721.2,1.0,,0,102278.61
L0021135,INV-2025-010259,INV,,20250605,202506,78,4,397,7,SA,SAR,3.75,3,1200.0,0.1194,3600.0,429.84,3170.16,1080.0,2090.16,1.0,,0,11888.1
L0021136,INV-2025-010259,INV,,20250605,202506,78,4,397,1,SA,SAR,3.75,1,2400.0,0.1094,2400.0,262.56,2137.44,1320.0,817.44,1.0,,0,8015.4
L0021808,INV-2025-010593,INV,,20250605,202506,75,8,902,17,OM,OMR,0.3845,1,449.99,0.0662,449.99,29.78,420.21,337.5,82.71,1.0,,0,161.57
L0021448,INV-2025-010431,INV,,20250605,202506,55,5,507,3,SA,SAR,3.75,1,3600.0,0.0756,3600.0,272.16,3327.84,1620.0,1707.84,1.0,,0,12479.4
L0020926,INV-2025-010174,INV,,20250605,202506,31,3,343,17,EG,EGP,50.1071,1,450.0,0.1725,450.0,77.62,372.38,337.5,34.88,1.0,,0,18658.64
L0021817,INV-2025-010597,INV,,20250605,202506,75,8,866,1,OM,OMR,0.3845,1,2400.0,0.0684,2400.0,164.16,2235.84,1320.0,915.84,1.0,,0,859.68
L0021878,INV-2025-010636,INV,,20250605,202506,89,8,942,10,OM,OMR,0.3845,2,3000.0,0.0415,6000.0,249.0,5751.0,1800.0,3951.0,1.25,,0,2211.26
L0021462,INV-2025-010440,INV,,20250605,202506,55,5,463,8,SA,SAR,3.75,6,1500.0,0.0031,9000.0,27.9,8972.1,6300.0,2672.1,1.0,,0,33645.38
L0021530,INV-2025-010472,INV,,20250606,202506,59,6,750,10,AE,AED,3.6725,1,3000.0,0.1276,3000.0,382.8,2617.2,900.0,1717.2,1.25,,0,9611.67
L0021192,INV-2025-010280,INV,,20250606,202506,46,5,604,4,SA,SAR,3.75,1,9000.0,0.0975,9000.0,877.5,8122.5,4950.0,3172.5,1.0,,0,30459.38
L0020502,INV-2025-009958,INV,,20250606,202506,14,1,50,15,EG,EGP,50.1071,8,1100.0,0.124,8800.0,1091.2,7708.8,6864.0,844.8,1.0,,0,386265.61
L0021660,INV-2025-010526,INV,,20250606,202506,81,6,760,1,AE,AED,3.6725,2,2400.0,0.0919,4800.0,441.12,4358.88,2640.0,1718.88,1.0,,0,16007.99
L0020445,INV-2025-009932,INV,,20250606,202506,11,1,40,10,EG,EGP,50.1071,1,3000.0,0.1058,3000.0,317.4,2682.6,900.0,1782.6,1.25,,0,134417.31
L0020820,INV-2025-010118,INV,,20250606,202506,85,2,258,17,EG,EGP,50.1071,2,450.0,0.0807,900.0,72.63,827.37,675.0,152.37,1.0,,0,41457.12
L0020635,INV-2025-010013,INV,,20250606,202506,19,2,116,5,EG,EGP,50.1071,3,1800.0,0.0405,5400.0,218.7,5181.3,2160.0,3021.3,1.0,,0,259619.92
L0020821,INV-2025-010118,INV,,20250606,202506,85,2,258,17,EG,EGP,50.1071,6,450.0,0.0601,2700.0,162.27,2537.73,2025.0,512.73,1.0,,0,127158.32
L0020902,INV-2025-010164,INV,,20250606,202506,29,3,355,17,EG,EGP,50.1071,1,450.0,0.2099,450.0,94.45,355.55,337.5,18.05,1.0,,0,17815.33
L0021128,INV-2025-010257,INV,,20250606,202506,78,4,385,3,SA,SAR,3.75,1,3600.0,0.1269,3600.0,456.84,3143.16,1620.0,1523.16,1.0,,0,11786.85
L0020443,INV-2025-009932,INV,,20250606,202506,11,1,40,1,EG,EGP,50.1071,1,2400.0,0.0989,2400.0,237.36,2162.64,1320.0,842.64,1.0,,0,108363.62
L0020905,INV-2025-010164,INV,,20250606,202506,29,3,355,7,EG,EGP,50.1071,1,1200.0,0.2441,1200.0,292.92,907.08,360.0,547.08,1.0,,0,45451.15
L0020990,INV-2025-010202,INV,,20250607,202506,35,3,375,7,EG,EGP,50.1071,1,1200.0,0.2078,1200.0,249.36,950.64,360.0,590.64,1.0,,0,47633.81
L0021624,INV-2025-010512,INV,,20250607,202506,91,6,732,1,AE,AED,3.6725,5,2400.0,0.0155,12000.0,186.0,11814.0,6600.0,5214.0,1.0,,0,43386.92
L0020589,INV-2025-009986,INV,,20250607,202506,90,1,43,7,EG,EGP,50.1071,1,1200.0,0.118,1200.0,141.6,1058.4,360.0,698.4,1.0,,0,53033.35
L0021696,INV-2025-010537,INV,,20250607,202506,68,7,806,17,AE,AED,3.6725,4,450.0,0.2397,1799.99,431.45,1368.54,1350.0,18.54,1.0,,0,5025.95
L0020769,INV-2025-010089,INV,,20250607,202506,27,2,133,17,EG,EGP,50.1071,1,450.0,0.0437,450.0,19.66,430.34,337.5,92.84,1.0,,0,21562.84
L0021090,INV-2025-010242,INV,,20250607,202506,43,4,406,1,SA,SAR,3.75,1,2400.0,0.1117,2400.0,268.08,2131.92,1320.0,811.92,1.0,,0,7994.7
L0021016,INV-2025-010213,INV,,20250607,202506,36,4,418,9,SA,SAR,3.75,2,6000.0,0.1184,12000.0,1420.8,10579.2,4200.0,6379.2,1.25,,0,39672.0
L0021646,INV-2025-010522,INV,,20250608,202506,81,6,745,7,AE,AED,3.6725,1,1200.0,0.0752,1200.0,90.24,1109.76,360.0,749.76,1.0,,0,4075.59
L0021650,INV-2025-010522,INV,,20250608,202506,81,6,745,1,AE,AED,3.6725,1,2400.0,0.0917,2400.0,220.08,2179.92,1320.0,859.92,1.0,,0,8005.76
L0021357,INV-2025-010381,INV,,20250608,202506,52,5,562,10,SA,SAR,3.75,1,3000.0,0.0545,3000.0,163.5,2836.5,900.0,1936.5,1.25,,0,10636.88
L0021649,INV-2025-010522,INV,,20250608,202506,81,6,745,7,AE,AED,3.6725,1,1200.0,0.0872,1200.0,104.64,1095.36,360.0,735.36,1.0,,0,4022.71
L0020601,INV-2025-009991,INV,,20250608,202506,90,1,29,3,EG,EGP,50.1071,1,3600.0,0.1269,3600.0,456.84,3143.16,1620.0,1523.16,1.0,,0,157494.63
L0020623,INV-2025-010005,INV,,20250609,202506,18,2,258,1,EG,EGP,50.1071,1,2400.0,0.0272,2400.0,65.28,2334.72,1320.0,1014.72,1.0,,0,116986.05
L0021461,INV-2025-010439,INV,,20250609,202506,55,5,595,1,SA,SAR,3.75,2,2400.0,0.0243,4800.0,116.64,4683.36,2640.0,2043.36,1.0,,0,17562.6
L0020826,INV-2025-010122,INV,,20250609,202506,9,2,289,1,EG,EGP,50.1071,1,2400.0,0.035,2400.0,84.0,2316.0,1320.0,996.0,1.0,,0,116048.04
L0020919,INV-2025-010171,INV,,20250609,202506,31,3,353,17,EG,EGP,50.1071,5,450.0,0.2056,2250.0,462.6,1787.4,1687.5,99.9,1.0,,0,89561.45
L0020957,INV-2025-010189,INV,,20250609,202506,33,3,339,17,EG,EGP,50.1071,2,450.0,0.1932,900.0,173.88,726.12,675.0,51.12,1.0,,0,36383.78
L0020832,INV-2025-010127,INV,,20250609,202506,9,2,104,16,EG,EGP,50.1071,1,2200.0,0.031,2200.0,68.2,2131.8,1760.0,371.8,1.0,,0,106818.32
L0020875,INV-2025-010150,INV,,20250609,202506,87,2,104,17,EG,EGP,50.1071,8,450.0,0.0402,3600.0,144.72,3455.28,2700.0,755.28,1.0,,0,173134.1
L0020825,INV-2025-010122,INV,,20250609,202506,9,2,289,17,EG,EGP,50.1071,1,450.0,0.0531,450.0,23.89,426.11,337.5,88.61,1.0,,0,21350.89
L0021822,INV-2025-010601,INV,,20250609,202506,82,8,909,1,OM,OMR,0.3845,1,2400.0,0.0741,2400.0,177.84,2222.16,1320.0,902.16,1.0,,0,854.42
L0021001,INV-2025-010207,INV,,20250610,202506,35,3,345,18,EG,EGP,50.1071,1,800.0,0.1496,800.0,119.68,680.32,440.0,240.32,1.0,,0,34088.86
L0021308,INV-2025-010353,INV,,20250610,202506,51,5,554,1,SA,SAR,3.75,1,2400.0,0.0398,2400.0,95.52,2304.48,1320.0,984.48,1.0,,0,8641.8
L0020829,INV-2025-010124,INV,,20250610,202506,9,2,197,7,EG,EGP,50.1071,1,1200.0,0.0089,1200.0,10.68,1189.32,360.0,829.32,1.0,,0,59593.38
L0021049,INV-2025-010227,INV,,20250610,202506,40,4,406,5,SA,SAR,3.75,5,1800.0,0.1333,9000.0,1199.7,7800.3,3600.0,4200.3,1.0,,0,29251.12
L0021582,INV-2025-010493,INV,,20250610,202506,63,6,754,8,AE,AED,3.6725,6,1500.0,0.0958,9000.0,862.2,8137.8,6300.0,1837.8,1.0,,0,29886.07
L0020545,INV-2025-009972,INV,,20250610,202506,15,1,23,7,EG,EGP,50.1071,1,1200.0,0.0772,1200.0,92.64,1107.36,360.0,747.36,1.0,,0,55486.6
L0020622,INV-2025-010004,INV,,20250610,202506,18,2,254,10,EG,EGP,50.1071,1,3000.0,0.0034,3000.0,10.2,2989.8,900.0,2089.8,1.25,,0,149810.21
L0021002,INV-2025-010207,INV,,20250610,202506,35,3,345,10,EG,EGP,50.1071,2,3000.0,0.1526,6000.0,915.6,5084.4,1800.0,3284.4,1.25,,0,254764.54
L0021050,INV-2025-010227,INV,,20250610,202506,40,4,406,1,SA,SAR,3.75,1,2400.0,0.1177,2400.0,282.48,2117.52,1320.0,797.52,1.0,,0,7940.7
L0021043,INV-2025-010224,INV,,20250610,202506,39,4,389,10,SA,SAR,3.75,1,3000.0,0.0801,3000.0,240.3,2759.7,900.0,1859.7,1.25,,0,10348.88
L0020872,INV-2025-010149,INV,,20250610,202506,87,2,292,17,EG,EGP,50.1071,1,450.0,0.027,450.0,12.15,437.85,337.5,100.35,1.0,,0,21939.4
L0020873,INV-2025-010149,INV,,20250610,202506,87,2,292,1,EG,EGP,50.1071,1,2400.0,0.0463,2400.0,111.12,2288.88,1320.0,968.88,1.0,,0,114689.14
L0021689,INV-2025-010535,INV,,20250610,202506,68,7,778,7,AE,AED,3.6725,3,1200.0,0.2302,3600.0,828.72,2771.28,1080.0,1691.28,1.0,,0,10177.53
L0021224,INV-2025-010302,INV,,20250610,202506,47,5,679,9,SA,SAR,3.75,2,6000.0,0.0923,12000.0,1107.6,10892.4,4200.0,6692.4,1.25,,0,40846.5
L0021739,INV-2025-010559,INV,,20250611,202506,79,7,789,15,AE,AED,3.6725,20,1100.0,0.2413,22000.0,5308.6,16691.4,17160.0,-468.6,1.0,,0,61299.17
L0021741,INV-2025-010559,INV,,20250611,202506,79,7,789,17,AE,AED,3.6725,40,450.0,0.2063,17999.95,3713.39,14286.56,13500.0,786.56,1.0,,0,52467.38
L0021251,INV-2025-010318,INV,,20250611,202506,48,5,663,15,SA,SAR,3.75,1,1100.0,0.0,1100.0,0.0,1100.0,858.0,242.0,1.0,,0,4125.0
L0021552,INV-2025-010480,INV,,20250611,202506,62,6,706,4,AE,AED,3.6725,2,9000.0,0.1171,18000.0,2107.8,15892.2,9900.0,5992.2,1.0,,0,58364.1
L0021304,INV-2025-010351,INV,,20250611,202506,51,5,674,1,SA,SAR,3.75,1,2400.0,0.0317,2400.0,76.08,2323.92,1320.0,1003.92,1.0,,0,8714.7
L0020416,INV-2025-009923,INV,,20250611,202506,10,1,65,4,EG,EGP,50.1071,2,9000.0,0.1589,18000.0,2860.2,15139.8,9900.0,5239.8,1.0,,0,758611.47
L0021551,INV-2025-010480,INV,,20250611,202506,62,6,706,10,AE,AED,3.6725,1,3000.0,0.1158,3000.0,347.4,2652.6,900.0,1752.6,1.25,,0,9741.67
L0031112,CN-2025-00211,CN,INV-2025-007659,20250611,202506,41,4,434,6,SA,SAR,3.75,-2,7500.0,0.0466,-15000.0,-699.0,-14301.0,-5700.0,-8601.0,1.0,121.0,0,-53628.75
L0021669,INV-2025-010529,INV,,20250612,202506,81,6,735,5,AE,AED,3.6725,2,1800.0,0.1039,3600.0,374.04,3225.96,1440.0,1785.96,1.0,,0,11847.34
L0020607,INV-2025-009994,INV,,20250612,202506,18,2,173,7,EG,EGP,50.1071,1,1200.0,0.026,1200.0,31.2,1168.8,360.0,808.8,1.0,,0,58565.18
L0021828,INV-2025-010603,INV,,20250612,202506,82,8,899,15,OM,OMR,0.3845,1,1100.0,0.0451,1100.0,49.62,1050.38,858.0,192.38,1.0,,0,403.87
L0021738,INV-2025-010558,INV,,20250612,202506,79,7,803,17,AE,AED,3.6725,104,450.0,0.2319,46799.86,10852.89,35946.97,35100.0,846.97,1.0,,0,132015.25
L0021748,INV-2025-010563,INV,,20250612,202506,79,7,792,10,AE,AED,3.6725,1,3000.0,0.2253,3000.0,675.9,2324.1,900.0,1424.1,1.25,,0,8535.26
L0021372,INV-2025-010389,INV,,20250613,202506,52,5,605,12,SA,SAR,3.75,1,4800.0,0.0429,4800.0,205.92,4594.08,2160.0,2434.08,1.25,,0,17227.8
L0021342,INV-2025-010373,INV,,20250613,202506,52,5,551,8,SA,SAR,3.75,1,1500.0,0.053,1500.0,79.5,1420.5,1050.0,370.5,1.0,,0,5326.88
L0020522,INV-2025-009965,INV,,20250613,202506,14,1,11,10,EG,EGP,50.1071,1,3000.0,0.1211,3000.0,363.3,2636.7,900.0,1736.7,1.25,,0,132117.39
L0020790,INV-2025-010101,INV,,20250613,202506,28,2,153,7,EG,EGP,50.1071,2,1200.0,0.068,2400.0,163.2,2236.8,720.0,1516.8,1.0,,0,112079.56
L0021323,INV-2025-010361,INV,,20250613,202506,51,5,645,10,SA,SAR,3.75,2,3000.0,0.0612,6000.0,367.2,5632.8,1800.0,3832.8,1.25,,0,21123.0
L0020751,INV-2025-010075,INV,,20250613,202506,26,2,186,7,EG,EGP,50.1071,1,1200.0,0.1226,1200.0,147.12,1052.88,360.0,692.88,1.0,,0,52756.76
L0020520,INV-2025-009964,INV,,20250613,202506,14,1,7,5,EG,EGP,50.1071,1,1800.0,0.1644,1800.0,295.92,1504.08,720.0,784.08,1.0,,0,75365.09
L0021911,INV-2025-010657,INV,,20250613,202506,92,8,851,1,OM,OMR,0.3845,1,2400.0,0.0779,2400.0,186.97,2213.03,1320.0,893.03,1.0,,0,850.91
L0021652,INV-2025-010523,INV,,20250614,202506,81,6,758,7,AE,AED,3.6725,3,1200.0,0.0893,3600.0,321.48,3278.52,1080.0,2198.52,1.0,,0,12040.36
L0021349,INV-2025-010376,INV,,20250614,202506,52,5,694,12,SA,SAR,3.75,1,4800.0,0.0709,4800.0,340.32,4459.68,2160.0,2299.68,1.25,,0,16723.8
L0020660,INV-2025-010028,INV,,20250614,202506,23,2,263,12,EG,EGP,50.1071,1,4800.0,0.0574,4800.0,275.52,4524.48,2160.0,2364.48,1.25,,0,226708.57
L0031106,CN-2025-00208,CN,INV-2025-007460,20250614,202506,18,2,100,1,EG,EGP,50.1071,-1,2400.0,0.0675,-2400.0,-162.0,-2238.0,-1320.0,-918.0,1.0,108.0,0,-112139.69
L0021712,INV-2025-010544,INV,,20250615,202506,69,7,811,16,AE,AED,3.6725,8,2200.0,0.2201,17600.0,3873.76,13726.24,14080.0,-353.76,1.0,,0,50409.62
L0020669,INV-2025-010033,INV,,20250615,202506,23,2,154,7,EG,EGP,50.1071,1,1200.0,0.0944,1200.0,113.28,1086.72,360.0,726.72,1.0,,0,54452.39
L0021157,INV-2025-010266,INV,,20250615,202506,83,4,425,10,SA,SAR,3.75,1,3000.0,0.1213,3000.0,363.9,2636.1,900.0,1736.1,1.25,,0,9885.38
L0021166,INV-2025-010269,INV,,20250615,202506,93,4,398,3,SA,SAR,3.75,5,3600.0,0.1077,18000.0,1938.6,16061.4,8100.0,7961.4,1.0,,0,60230.25
L0021827,INV-2025-010602,INV,,20250615,202506,82,8,940,7,OM,OMR,0.3845,1,1200.0,0.0542,1200.0,65.05,1134.95,360.0,774.95,1.0,,0,436.39
L0021292,INV-2025-010345,INV,,20250615,202506,51,5,490,1,SA,SAR,3.75,1,2400.0,0.0438,2400.0,105.12,2294.88,1320.0,974.88,1.0,,0,8605.8
L0021413,INV-2025-010413,INV,,20250615,202506,53,5,641,1,SA,SAR,3.75,1,2400.0,0.0927,2400.0,222.48,2177.52,1320.0,857.52,1.0,,0,8165.7
L0020454,INV-2025-009935,INV,,20250616,202506,11,1,51,5,EG,EGP,50.1071,7,1800.0,0.108,12600.0,1360.8,11239.2,5040.0,6199.2,1.0,,0,563163.72
L0020557,INV-2025-009975,INV,,20250616,202506,16,1,68,7,EG,EGP,50.1071,1,1200.0,0.0858,1200.0,102.96,1097.04,360.0,737.04,1.0,,0,54969.49
L0031096,CN-2025-00201,CN,INV-2025-007300,20250616,202506,66,7,813,16,AE,AED,3.6725,-4,2200.0,0.1634,-8800.0,-1437.92,-7362.08,-7040.0,-322.08,1.0,150.0,0,-27037.24
L0021510,INV-2025-010465,INV,,20250616,202506,58,6,772,10,AE,AED,3.6725,1,3000.0,0.132,3000.0,396.0,2604.0,900.0,1704.0,1.25,,0,9563.19
L0021045,INV-2025-010225,INV,,20250616,202506,39,4,377,8,SA,SAR,3.75,12,1500.0,0.0688,18000.0,1238.4,16761.6,12600.0,4161.6,1.0,,0,62856.0
L0020970,INV-2025-010193,INV,,20250617,202506,34,3,367,18,EG,EGP,50.1071,5,800.0,0.1912,4000.0,764.8,3235.2,2200.0,1035.2,1.0,,0,162106.49
L0021524,INV-2025-010470,INV,,20250617,202506,59,6,736,10,AE,AED,3.6725,3,3000.0,0.1398,9000.0,1258.2,7741.8,2700.0,5041.8,1.25,,0,28431.76
L0020551,INV-2025-009973,INV,,20250617,202506,16,1,22,10,EG,EGP,50.1071,1,3000.0,0.0559,3000.0,167.7,2832.3,900.0,1932.3,1.25,,0,141918.34
L0021866,INV-2025-010628,INV,,20250617,202506,89,8,872,16,OM,OMR,0.3845,1,2200.0,0.0344,2200.0,75.68,2124.32,1760.0,364.32,1.0,,0,816.8
L0021103,INV-2025-010246,INV,,20250617,202506,43,4,426,12,SA,SAR,3.75,1,4800.0,0.1005,4800.0,482.4,4317.6,2160.0,2157.6,1.25,,0,16191.0
L0021411,INV-2025-010411,INV,,20250617,202506,53,5,544,10,SA,SAR,3.75,1,3000.0,0.0664,3000.0,199.2,2800.8,900.0,1900.8,1.25,,0,10503.0
L0021883,INV-2025-010639,INV,,20250617,202506,89,8,899,7,OM,OMR,0.3845,1,1200.0,0.0446,1200.0,53.52,1146.48,360.0,786.48,1.0,,0,440.82
L0021563,INV-2025-010486,INV,,20250617,202506,62,6,742,1,AE,AED,3.6725,2,2400.0,0.0893,4800.0,428.64,4371.36,2640.0,1731.36,1.0,,0,16053.82
L0021102,INV-2025-010246,INV,,20250617,202506,43,4,426,3,SA,SAR,3.75,1,3600.0,0.1073,3600.0,386.28,3213.72,1620.0,1593.72,1.0,,0,12051.45
L0020969,INV-2025-010193,INV,,20250617,202506,34,3,367,5,EG,EGP,50.1071,3,1800.0,0.1507,5400.0,813.78,4586.22,2160.0,2426.22,1.0,,0,229802.18
L0021104,INV-2025-010246,INV,,20250617,202506,43,4,426,1,SA,SAR,3.75,1,2400.0,0.1069,2400.0,256.56,2143.44,1320.0,823.44,1.0,,0,8037.9
L0021777,INV-2025-010576,INV,,20250617,202506,97,7,781,15,AE,AED,3.6725,7,1100.0,0.2342,7700.0,1803.34,5896.66,6006.0,-109.34,1.0,,0,21655.48
L0021362,INV-2025-010384,INV,,20250618,202506,52,5,670,1,SA,SAR,3.75,2,2400.0,0.0483,4800.0,231.84,4568.16,2640.0,1928.16,1.0,,0,17130.6
L0020674,INV-2025-010035,INV,,20250618,202506,23,2,166,15,EG,EGP,50.1071,1,1100.0,0.1387,1100.0,152.57,947.43,858.0,89.43,1.0,,0,47472.97
L0021662,INV-2025-010527,INV,,20250618,202506,81,6,730,3,AE,AED,3.6725,5,3600.0,0.0827,18000.0,1488.6,16511.4,8100.0,8411.4,1.0,,0,60638.12
L0021428,INV-2025-010420,INV,,20250618,202506,54,5,454,12,SA,SAR,3.75,1,4800.0,0.0407,4800.0,195.36,4604.64,2160.0,2444.64,1.25,,0,17267.4
L0020576,INV-2025-009981,INV,,20250618,202506,17,1,5,12,EG,EGP,50.1071,1,4800.0,0.0951,4800.0,456.48,4343.52,2160.0,2183.52,1.25,,0,217641.19
L0021663,INV-2025-010527,INV,,20250618,202506,81,6,730,9,AE,AED,3.6725,5,6000.0,0.0806,30000.0,2418.0,27582.0,10500.0,17082.0,1.25,,0,101294.9
L0021573,INV-2025-010490,INV,,20250618,202506,63,6,712,14,AE,AED,3.6725,1,9600.0,0.0724,9600.0,695.04,8904.96,4800.0,4104.96,1.25,,0,32703.47
L0020993,INV-2025-010203,INV,,20250618,202506,35,3,342,17,EG,EGP,50.1071,1,450.0,0.1772,450.0,79.74,370.26,337.5,32.76,1.0,,0,18552.66
L0021324,INV-2025-010362,INV,,20250619,202506,51,5,631,7,SA,SAR,3.75,1,1200.0,0.0682,1200.0,81.84,1118.16,360.0,758.16,1.0,,0,4193.1
L0021320,INV-2025-010359,INV,,20250619,202506,51,5,507,16,SA,SAR,3.75,2,2200.0,0.0526,4400.0,231.44,4168.56,3520.0,648.56,1.0,,0,15632.1
L0020980,INV-2025-010197,INV,,20250619,202506,34,3,344,1,EG,EGP,50.1071,1,2400.0,0.1501,2400.0,360.24,2039.76,1320.0,719.76,1.0,,0,102206.46
L0020684,INV-2025-010039,INV,,20250619,202506,23,2,77,12,EG,EGP,50.1071,1,4800.0,0.0959,4800.0,460.32,4339.68,2160.0,2179.68,1.25,,0,217448.78
L0020448,INV-2025-009933,INV,,20250619,202506,11,1,58,7,EG,EGP,50.1071,5,1200.0,0.0739,6000.0,443.4,5556.6,1800.0,3756.6,1.0,,0,278425.11
L0021300,INV-2025-010348,INV,,20250619,202506,51,5,467,7,SA,SAR,3.75,2,1200.0,0.0449,2400.0,107.76,2292.24,720.0,1572.24,1.0,,0,8595.9
L0020447,INV-2025-009933,INV,,20250619,202506,11,1,58,8,EG,EGP,50.1071,6,1500.0,0.0713,9000.0,641.7,8358.3,6300.0,2058.3,1.0,,0,418810.17
L0020798,INV-2025-010107,INV,,20250620,202506,28,2,181,1,EG,EGP,50.1071,1,2400.0,0.0669,2400.0,160.56,2239.44,1320.0,919.44,1.0,,0,112211.84
L0021259,INV-2025-010323,INV,,20250620,202506,48,5,470,1,SA,SAR,3.75,1,2400.0,0.0,2400.0,0.0,2400.0,1320.0,1080.0,1.0,,0,9000.0
L0021789,INV-2025-010582,INV,,20250620,202506,73,8,884,17,OM,OMR,0.3845,6,449.99,0.0076,2699.92,20.52,2679.4,2025.0,654.4,1.0,,0,1030.23
L0021555,INV-2025-010482,INV,,20250620,202506,62,6,716,12,AE,AED,3.6725,1,4800.0,0.1147,4800.0,550.56,4249.44,2160.0,2089.44,1.25,,0,15606.07
L0021554,INV-2025-010482,INV,,20250620,202506,62,6,716,10,AE,AED,3.6725,1,3000.0,0.1055,3000.0,316.5,2683.5,900.0,1783.5,1.25,,0,9855.15
L0021458,INV-2025-010437,INV,,20250620,202506,55,5,555,3,SA,SAR,3.75,1,3600.0,0.0431,3600.0,155.16,3444.84,1620.0,1824.84,1.0,,0,12918.15
L0020810,INV-2025-010113,INV,,20250620,202506,85,2,190,7,EG,EGP,50.1071,3,1200.0,0.057,3600.0,205.2,3394.8,1080.0,2314.8,1.0,,0,170103.58
L0020497,INV-2025-009955,INV,,20250621,202506,14,1,10,10,EG,EGP,50.1071,1,3000.0,0.14,3000.0,420.0,2580.0,900.0,1680.0,1.25,,0,129276.32
L0020540,INV-2025-009969,INV,,20250621,202506,15,1,58,1,EG,EGP,50.1071,2,2400.0,0.1273,4800.0,611.04,4188.96,2640.0,1548.96,1.0,,0,209896.64
L0021355,INV-2025-010380,INV,,20250621,202506,52,5,669,8,SA,SAR,3.75,2,1500.0,0.0421,3000.0,126.3,2873.7,2100.0,773.7,1.0,,0,10776.38
L0021354,INV-2025-010380,INV,,20250621,202506,52,5,669,1,SA,SAR,3.75,1,2400.0,0.0647,2400.0,155.28,2244.72,1320.0,924.72,1.0,,0,8417.7
L0021029,INV-2025-010220,INV,,20250621,202506,39,4,426,1,SA,SAR,3.75,1,2400.0,0.1018,2400.0,244.32,2155.68,1320.0,835.68,1.0,,0,8083.8
L0021755,INV-2025-010566,INV,,20250621,202506,57,7,803,16,AE,AED,3.6725,1,2200.0,0.2274,2200.0,500.28,1699.72,1760.0,-60.28,1.0,,0,6242.22
L0020758,INV-2025-010081,INV,,20250622,202506,26,2,247,15,EG,EGP,50.1071,3,1100.0,0.0932,3300.0,307.56,2992.44,2574.0,418.44,1.0,,0,149942.49
L0021264,INV-2025-010326,INV,,20250622,202506,50,5,684,1,SA,SAR,3.75,1,2400.0,0.0869,2400.0,208.56,2191.44,1320.0,871.44,1.0,,0,8217.9
L0020940,INV-2025-010181,INV,,20250622,202506,32,3,372,20,EG,EGP,50.1071,2,1500.0,0.2174,3000.0,652.2,2347.8,1500.0,847.8,1.0,,0,117641.45
L0021780,INV-2025-010577,INV,,20250622,202506,73,8,951,1,OM,OMR,0.3845,1,2400.0,0.0098,2400.0,23.51,2376.49,1320.0,1056.49,1.0,,0,913.76
L0021360,INV-2025-010383,INV,,20250622,202506,52,5,630,1,SA,SAR,3.75,1,2400.0,0.0589,2400.0,141.36,2258.64,1320.0,938.64,1.0,,0,8469.9
L0021265,INV-2025-010327,INV,,20250623,202506,50,5,498,10,SA,SAR,3.75,2,3000.0,0.0834,6000.0,500.4,5499.6,1800.0,3699.6,1.25,,0,20623.5
L0021442,INV-2025-010428,INV,,20250623,202506,55,5,456,17,SA,SAR,3.75,3,450.0,0.0408,1350.0,55.08,1294.92,1012.5,282.42,1.0,,0,4855.95
L0021591,INV-2025-010497,INV,,20250623,202506,64,6,741,3,AE,AED,3.6725,2,3600.0,0.0991,7200.0,713.52,6486.48,3240.0,3246.48,1.0,,0,23821.6
L0021627,INV-2025-010513,INV,,20250623,202506,91,6,749,12,AE,AED,3.6725,1,4800.0,0.0282,4800.0,135.36,4664.64,2160.0,2504.64,1.25,,0,17130.89
L0020962,INV-2025-010191,INV,,20250623,202506,33,3,360,1,EG,EGP,50.1071,1,2400.0,0.1946,2400.0,467.04,1932.96,1320.0,612.96,1.0,,0,96855.02
L0021628,INV-2025-010513,INV,,20250623,202506,91,6,749,7,AE,AED,3.6725,6,1200.0,0.0456,7200.0,328.32,6871.68,2160.0,4711.68,1.0,,0,25236.24
L0020645,INV-2025-010020,INV,,20250623,202506,21,2,75,17,EG,EGP,50.1071,1,450.0,0.0276,450.0,12.42,437.58,337.5,100.08,1.0,,0,21925.87
L0021592,INV-2025-010497,INV,,20250623,202506,64,6,741,10,AE,AED,3.6725,1,3000.0,0.1165,3000.0,349.5,2650.5,900.0,1750.5,1.25,,0,9733.96
L0021629,INV-2025-010513,INV,,20250623,202506,91,6,749,5,AE,AED,3.6725,3,1800.0,0.0299,5400.0,161.46,5238.54,2160.0,3078.54,1.0,,0,19238.54
L0021248,INV-2025-010316,INV,,20250623,202506,48,5,632,7,SA,SAR,3.75,1,1200.0,0.0,1200.0,0.0,1200.0,360.0,840.0,1.0,,0,4500.0
L0021125,INV-2025-010255,INV,,20250623,202506,78,4,406,18,SA,SAR,3.75,5,800.0,0.1216,4000.0,486.4,3513.6,2200.0,1313.6,1.0,,0,13176.0
L0020468,INV-2025-009942,INV,,20250624,202506,12,1,40,12,EG,EGP,50.1071,1,4800.0,0.0764,4800.0,366.72,4433.28,2160.0,2273.28,1.25,,0,222138.8
L0020952,INV-2025-010187,INV,,20250624,202506,33,3,375,12,EG,EGP,50.1071,1,4800.0,0.1805,4800.0,866.4,3933.6,2160.0,1773.6,1.25,,0,197101.29
L0020953,INV-2025-010187,INV,,20250624,202506,33,3,375,1,EG,EGP,50.1071,1,2400.0,0.1661,2400.0,398.64,2001.36,1320.0,681.36,1.0,,0,100282.35
L0020467,INV-2025-009942,INV,,20250624,202506,12,1,40,12,EG,EGP,50.1071,1,4800.0,0.066,4800.0,316.8,4483.2,2160.0,2323.2,1.25,,0,224640.15
L0021606,INV-2025-010504,INV,,20250624,202506,80,6,741,9,AE,AED,3.6725,2,6000.0,0.0969,12000.0,1162.8,10837.2,4200.0,6637.2,1.25,,0,39799.62
L0020659,INV-2025-010027,INV,,20250625,202506,21,2,126,12,EG,EGP,50.1071,1,4800.0,0.0085,4800.0,40.8,4759.2,2160.0,2599.2,1.25,,0,238469.71
L0021533,INV-2025-010473,INV,,20250625,202506,59,6,713,1,AE,USD,1.0,1,2400.0,0.1519,2400.0,364.56,2035.44,1320.0,715.44,1.0,,0,2035.44
L0021086,INV-2025-010240,INV,,20250625,202506,42,4,387,18,SA,SAR,3.75,2,800.0,0.0936,1600.0,149.76,1450.24,880.0,570.24,1.0,,0,5438.4
L0021365,INV-2025-010386,INV,,20250625,202506,52,5,638,5,SA,SAR,3.75,3,1800.0,0.0673,5400.0,363.42,5036.58,2160.0,2876.58,1.0,,0,18887.18
L0021531,INV-2025-010473,INV,,20250625,202506,59,6,713,14,AE,USD,1.0,4,9600.0,0.2051,38400.0,7875.84,30524.16,19200.0,11324.16,1.25,,0,30524.16
L0021633,INV-2025-010515,INV,,20250626,202506,96,6,741,12,AE,AED,3.6725,1,4800.0,0.1818,4800.0,872.64,3927.36,2160.0,1767.36,1.25,,0,14423.23
L0021767,INV-2025-010572,INV,,20250626,202506,94,7,817,10,AE,AED,3.6725,1,3000.0,0.1913,3000.0,573.9,2426.1,900.0,1526.1,1.25,,0,8909.85
L0021140,INV-2025-010261,INV,,20250626,202506,83,4,413,3,SA,SAR,3.75,4,3600.0,0.1201,14400.0,1729.44,12670.56,6480.0,6190.56,1.0,,0,47514.6
L0020484,INV-2025-009948,INV,,20250626,202506,13,1,8,1,EG,EGP,50.1071,1,2400.0,0.1595,2400.0,382.8,2017.2,1320.0,697.2,1.0,,0,101076.04
L0021760,INV-2025-010569,INV,,20250626,202506,94,7,782,20,AE,AED,3.6725,1,1500.0,0.2173,1500.0,325.95,1174.05,750.0,424.05,1.0,,0,4311.7
L0021705,INV-2025-010542,INV,,20250626,202506,69,7,813,8,AE,AED,3.6725,4,1500.0,0.2078,6000.0,1246.8,4753.2,4200.0,553.2,1.0,,0,17456.13
L0020437,INV-2025-009930,INV,,20250626,202506,11,1,54,12,EG,EGP,50.1071,1,4800.0,0.1147,4800.0,550.56,4249.44,2160.0,2089.44,1.25,,0,212927.12
L0020893,INV-2025-010160,INV,,20250626,202506,29,3,357,16,EG,EGP,50.1071,2,2200.0,0.1842,4400.0,810.48,3589.52,3520.0,69.52,1.0,,0,179860.44
L0021548,INV-2025-010479,INV,,20250626,202506,62,6,741,7,AE,AED,3.6725,1,1200.0,0.0773,1200.0,92.76,1107.24,360.0,747.24,1.0,,0,4066.34
L0021873,INV-2025-010633,INV,,20250626,202506,89,8,847,17,OM,OMR,0.3845,2,449.99,0.0265,899.97,23.85,876.12,675.0,201.12,1.0,,0,336.87
L0021697,INV-2025-010538,INV,,20250626,202506,68,7,812,5,AE,AED,3.6725,4,1800.0,0.2332,7200.0,1679.04,5520.96,2880.0,2640.96,1.0,,0,20275.73
L0021676,INV-2025-010530,INV,,20250626,202506,65,7,781,7,AE,AED,3.6725,1,1200.0,0.1777,1200.0,213.24,986.76,360.0,626.76,1.0,,0,3623.88
L0020775,INV-2025-010092,INV,,20250626,202506,27,2,262,15,EG,EGP,50.1071,1,1100.0,0.0375,1100.0,41.25,1058.75,858.0,200.75,1.0,,0,53050.89
L0021318,INV-2025-010358,INV,,20250626,202506,51,5,588,17,SA,SAR,3.75,1,450.0,0.052,450.0,23.4,426.6,337.5,89.1,1.0,,0,1599.75
L0020732,INV-2025-010066,INV,,20250626,202506,25,2,118,1,EG,EGP,50.1071,1,2400.0,0.0492,2400.0,118.08,2281.92,1320.0,961.92,1.0,,0,114340.39
L0021176,INV-2025-010272,INV,,20250626,202506,93,4,400,3,SA,SAR,3.75,7,3600.0,0.1039,25200.0,2618.28,22581.72,11340.0,11241.72,1.0,,0,84681.45
L0021391,INV-2025-010400,INV,,20250627,202506,52,5,531,10,SA,SAR,3.75,1,3000.0,0.0535,3000.0,160.5,2839.5,900.0,1939.5,1.25,,0,10648.12
L0021399,INV-2025-010404,INV,,20250627,202506,53,5,608,1,SA,SAR,3.75,1,2400.0,0.0678,2400.0,162.72,2237.28,1320.0,917.28,1.0,,0,8389.8
L0020795,INV-2025-010105,INV,,20250627,202506,28,2,96,7,EG,EGP,50.1071,1,1200.0,0.0534,1200.0,64.08,1135.92,360.0,775.92,1.0,,0,56917.66
L0020781,INV-2025-010095,INV,,20250627,202506,27,2,87,5,EG,EGP,50.1071,2,1800.0,0.0405,3600.0,145.8,3454.2,1440.0,2014.2,1.0,,0,173079.94
L0020782,INV-2025-010096,INV,,20250627,202506,27,2,292,7,EG,EGP,50.1071,1,1200.0,0.0189,1200.0,22.68,1177.32,360.0,817.32,1.0,,0,58992.09
L0021447,INV-2025-010430,INV,,20250627,202506,55,5,467,3,SA,SAR,3.75,1,3600.0,0.012,3600.0,43.2,3556.8,1620.0,1936.8,1.0,,0,13338.0
L0021928,INV-2025-010667,INV,,20250627,202506,92,8,826,1,OM,OMR,0.3845,1,2400.0,0.0744,2400.0,178.57,2221.43,1320.0,901.43,1.0,,0,854.14
L0021604,INV-2025-010502,INV,,20250627,202506,64,6,708,1,AE,AED,3.6725,1,2400.0,0.0786,2400.0,188.64,2211.36,1320.0,891.36,1.0,,0,8121.22
L0020881,INV-2025-010154,INV,,20250627,202506,87,2,169,10,EG,EGP,50.1071,1,3000.0,0.0705,3000.0,211.5,2788.5,900.0,1888.5,1.25,,0,139723.65
L0021373,INV-2025-010390,INV,,20250627,202506,52,5,618,1,SA,SAR,3.75,1,2400.0,0.0672,2400.0,161.28,2238.72,1320.0,918.72,1.0,,0,8395.2
L0020451,INV-2025-009934,INV,,20250627,202506,11,1,9,1,EG,EGP,50.1071,1,2400.0,0.0959,2400.0,230.16,2169.84,1320.0,849.84,1.0,,0,108724.39
L0021929,INV-2025-010667,INV,,20250627,202506,92,8,826,7,OM,OMR,0.3845,1,1200.0,0.0762,1200.0,91.44,1108.56,360.0,748.56,1.0,,0,426.24
L0021083,INV-2025-010239,INV,,20250627,202506,41,4,413,1,SA,SAR,3.75,1,2400.0,0.0395,2400.0,94.8,2305.2,1320.0,985.2,1.0,,0,8644.5
L0020533,INV-2025-009967,INV,,20250627,202506,15,1,55,10,EG,EGP,50.1071,1,3000.0,0.1153,3000.0,345.9,2654.1,900.0,1754.1,1.25,,0,132989.25
L0021518,INV-2025-010469,INV,,20250627,202506,59,6,746,6,AE,AED,3.6725,2,7500.0,0.1556,15000.0,2334.0,12666.0,5700.0,6966.0,1.0,,0,46515.88
L0021913,INV-2025-010658,INV,,20250627,202506,92,8,880,7,OM,OMR,0.3845,2,1200.0,0.1008,2400.0,241.92,2158.08,720.0,1438.08,1.0,,0,829.78
L0021346,INV-2025-010375,INV,,20250628,202506,52,5,633,1,SA,SAR,3.75,3,2400.0,0.0684,7200.0,492.48,6707.52,3960.0,2747.52,1.0,,1,25153.2
L0031121,CN-2025-00216,CN,INV-2025-008109,20250628,202506,25,2,145,7,EG,EGP,50.1071,-1,1200.0,0.0586,-1200.0,-70.32,-1129.68,-360.0,-769.68,1.0,97.0,1,-56604.99
L0021206,INV-2025-010290,INV,,20250628,202506,46,5,484,8,SA,SAR,3.75,2,1500.0,0.1034,3000.0,310.2,2689.8,2100.0,589.8,1.0,,1,10086.75
L0020680,INV-2025-010038,INV,,20250628,202506,23,2,327,1,EG,EGP,50.1071,1,2400.0,0.0928,2400.0,222.72,2177.28,1320.0,857.28,1.0,,1,109097.19
L0021637,INV-2025-010517,INV,,20250628,202506,96,6,730,1,AE,AED,3.6725,4,2400.0,0.1683,9600.0,1615.68,7984.32,5280.0,2704.32,1.0,,1,29322.42
L0021148,INV-2025-010263,INV,,20250628,202506,83,4,435,12,SA,USD,1.0,1,4800.0,0.1402,4800.0,672.96,4127.04,2160.0,1967.04,1.25,,1,4127.04
L0021207,INV-2025-010290,INV,,20250628,202506,46,5,484,7,SA,SAR,3.75,1,1200.0,0.0611,1200.0,73.32,1126.68,360.0,766.68,1.0,,1,4225.05
L0021840,INV-2025-010609,INV,,20250628,202506,82,8,890,17,OM,OMR,0.3845,1,449.99,0.0694,449.99,31.24,418.75,337.5,81.25,1.0,,1,161.01
L0021869,INV-2025-010630,INV,,20250628,202506,89,8,884,5,OM,OMR,0.3845,3,1800.0,0.0608,5400.0,328.32,5071.68,2160.0,2911.68,1.0,,1,1950.06
L0021347,INV-2025-010375,INV,,20250628,202506,52,5,633,1,SA,SAR,3.75,1,2400.0,0.0925,2400.0,222.0,2178.0,1320.0,858.0,1.0,,1,8167.5
L0021589,INV-2025-010496,INV,,20250628,202506,63,6,717,7,AE,AED,3.6725,1,1200.0,0.1141,1200.0,136.92,1063.08,360.0,703.08,1.0,,1,3904.16
L0021038,INV-2025-010223,INV,,20250628,202506,39,4,439,12,SA,SAR,3.75,2,4800.0,0.0793,9600.0,761.28,8838.72,4320.0,4518.72,1.25,,1,33145.2
L0021579,INV-2025-010492,INV,,20250628,202506,63,6,773,18,AE,AED,3.6725,1,800.0,0.0873,800.0,69.84,730.16,440.0,290.16,1.0,,1,2681.51
L0021204,INV-2025-010289,INV,,20250629,202506,46,5,515,1,SA,SAR,3.75,1,2400.0,0.0935,2400.0,224.4,2175.6,1320.0,855.6,1.0,,1,8158.5
L0021495,INV-2025-010460,INV,,20250629,202506,58,6,743,10,AE,AED,3.6725,2,3000.0,0.1297,6000.0,778.2,5221.8,1800.0,3421.8,1.25,,1,19177.06
L0021687,INV-2025-010534,INV,,20250629,202506,68,7,793,12,AE,AED,3.6725,1,4800.0,0.2197,4800.0,1054.56,3745.44,2160.0,1585.44,1.25,,1,13755.13
L0021254,INV-2025-010320,INV,,20250629,202506,48,5,556,18,SA,SAR,3.75,2,800.0,0.0246,1600.0,39.36,1560.64,880.0,680.64,1.0,,1,5852.4
L0021888,INV-2025-010641,INV,,20250629,202506,89,8,853,1,OM,OMR,0.3845,1,2400.0,0.0405,2400.0,97.19,2302.81,1320.0,982.81,1.0,,1,885.43
L0020561,INV-2025-009976,INV,,20250629,202506,17,1,44,19,EG,EGP,50.1071,2,5500.0,0.1193,11000.0,1312.3,9687.7,4950.0,4737.7,1.0,,1,485422.55
L0021343,INV-2025-010374,INV,,20250629,202506,52,5,476,1,SA,SAR,3.75,1,2400.0,0.0521,2400.0,125.04,2274.96,1320.0,954.96,1.0,,1,8531.1
L0021877,INV-2025-010635,INV,,20250629,202506,89,8,961,20,OM,OMR,0.3845,2,1500.0,0.0189,3000.0,56.7,2943.3,1500.0,1443.3,1.0,,1,1131.7
L0021807,INV-2025-010592,INV,,20250629,202506,75,8,858,3,OM,OMR,0.3845,1,3600.0,0.1174,3600.0,422.65,3177.35,1620.0,1557.35,1.0,,1,1221.69
L0021667,INV-2025-010528,INV,,20250629,202506,81,6,709,12,AE,AED,3.6725,1,4800.0,0.097,4800.0,465.6,4334.4,2160.0,2174.4,1.25,,1,15918.08
L0021655,INV-2025-010524,INV,,20250629,202506,81,6,753,8,AE,AED,3.6725,8,1500.0,0.1075,12000.0,1290.0,10710.0,8400.0,2310.0,1.0,,1,39332.48
L0020925,INV-2025-010173,INV,,20250629,202506,31,3,373,7,EG,EGP,50.1071,1,1200.0,0.2322,1200.0,278.64,921.36,360.0,561.36,1.0,,1,46166.68
L0021245,INV-2025-010315,INV,,20250629,202506,48,5,468,12,SA,SAR,3.75,1,4800.0,0.0201,4800.0,96.48,4703.52,2160.0,2543.52,1.25,,1,17638.2
L0021009,INV-2025-010210,INV,,20250629,202506,35,3,368,16,EG,EGP,50.1071,1,2200.0,0.1637,2200.0,360.14,1839.86,1760.0,79.86,1.0,,1,92190.05
L0021514,INV-2025-010467,INV,,20250629,202506,59,6,773,12,AE,AED,3.6725,2,4800.0,0.1585,9600.0,1521.6,8078.4,4320.0,3758.4,1.25,,1,29667.92
L0021609,INV-2025-010505,INV,,20250629,202506,80,6,713,10,AE,AED,3.6725,2,3000.0,0.105,6000.0,630.0,5370.0,1800.0,3570.0,1.25,,1,19721.32
L0021938,INV-2025-010671,INV,,20250629,202506,98,8,902,12,OM,OMR,0.3845,1,4800.0,0.0665,4800.0,319.19,4480.81,2160.0,2320.81,1.25,,1,1722.87
L0021345,INV-2025-010374,INV,,20250629,202506,52,5,476,1,SA,SAR,3.75,1,2400.0,0.0997,2400.0,239.28,2160.72,1320.0,840.72,1.0,,1,8102.7
L0021886,INV-2025-010641,INV,,20250629,202506,89,8,853,7,OM,OMR,0.3845,1,1200.0,0.0567,1200.0,68.04,1131.96,360.0,771.96,1.0,,1,435.24
L0021743,INV-2025-010561,INV,,20250629,202506,79,7,814,15,AE,AED,3.6725,6,1100.0,0.2205,6600.0,1455.3,5144.7,5148.0,-3.3,1.0,,1,18893.91
L0020937,INV-2025-010179,INV,,20250629,202506,32,3,340,1,EG,EGP,50.1071,1,2400.0,0.1913,2400.0,459.12,1940.88,1320.0,620.88,1.0,,1,97251.87
L0021072,INV-2025-010235,INV,,20250629,202506,41,4,416,17,SA,SAR,3.75,3,450.0,0.0894,1350.0,120.69,1229.31,1012.5,216.81,1.0,,1,4609.91
L0021892,INV-2025-010644,INV,,20250629,202506,89,8,942,10,OM,OMR,0.3845,1,3000.0,0.0512,3000.0,153.6,2846.4,900.0,1946.4,1.25,,1,1094.44
L0020439,INV-2025-009931,INV,,20250629,202506,11,1,16,1,EG,EGP,50.1071,1,2400.0,0.1259,2400.0,302.16,2097.84,1320.0,777.84,1.0,,1,105116.68
L0021939,INV-2025-010671,INV,,20250629,202506,98,8,902,1,OM,OMR,0.3845,1,2400.0,0.0449,2400.0,107.75,2292.25,1320.0,972.25,1.0,,1,881.37
L0021121,INV-2025-010254,INV,,20250629,202506,78,4,397,16,SA,SAR,3.75,6,2200.0,0.1752,13200.0,2312.64,10887.36,10560.0,327.36,1.0,,1,40827.6
L0020438,INV-2025-009931,INV,,20250629,202506,11,1,16,10,EG,EGP,50.1071,1,3000.0,0.1297,3000.0,389.1,2610.9,900.0,1710.9,1.25,,1,130824.63
L0021879,INV-2025-010637,INV,,20250629,202506,89,8,932,10,OM,OMR,0.3845,1,3000.0,0.0609,3000.0,182.7,2817.3,900.0,1917.3,1.25,,1,1083.25
L0021665,INV-2025-010528,INV,,20250629,202506,81,6,709,8,AE,AED,3.6725,3,1500.0,0.0642,4500.0,288.9,4211.1,3150.0,1061.1,1.0,,1,15465.26
L0021421,INV-2025-010416,INV,,20250629,202506,54,5,458,5,SA,SAR,3.75,1,1800.0,0.0532,1800.0,95.76,1704.24,720.0,984.24,1.0,,1,6390.9
L0021750,INV-2025-010564,INV,,20250629,202506,79,7,805,12,AE,AED,3.6725,1,4800.0,0.2578,4800.0,1237.44,3562.56,2160.0,1402.56,1.25,,1,13083.5
L0021113,INV-2025-010251,INV,,20250630,202506,45,4,407,2,SA,SAR,3.75,1,14000.0,0.1377,14000.0,1927.8,12072.2,7000.0,5072.2,1.0,,1,45270.75
L0021407,INV-2025-010409,INV,,20250630,202506,53,5,485,7,SA,SAR,3.75,1,1200.0,0.1092,1200.0,131.04,1068.96,360.0,708.96,1.0,,1,4008.6
L0021408,INV-2025-010409,INV,,20250630,202506,53,5,485,17,SA,SAR,3.75,13,450.0,0.0937,5850.0,548.14,5301.86,4387.5,914.36,1.0,,1,19881.96
L0021377,INV-2025-010392,INV,,20250630,202506,52,5,508,7,SA,SAR,3.75,4,1200.0,0.0791,4800.0,379.68,4420.32,1440.0,2980.32,1.0,,1,16576.2
L0021108,INV-2025-010249,INV,,20250630,202506,45,4,433,18,SA,SAR,3.75,71,800.0,0.122,56800.0,6929.6,49870.4,31240.0,18630.4,1.0,,1,187014.0
L0020754,INV-2025-010077,INV,,20250630,202506,26,2,278,12,EG,EGP,50.1071,1,4800.0,0.0883,4800.0,423.84,4376.16,2160.0,2216.16,1.25,,1,219276.69
L0021753,INV-2025-010565,INV,,20250630,202506,57,7,807,15,AE,AED,3.6725,14,1100.0,0.2003,15400.0,3084.62,12315.38,12012.0,303.38,1.0,,1,45228.23
L0021378,INV-2025-010393,INV,,20250630,202506,52,5,476,10,SA,SAR,3.75,2,3000.0,0.1086,6000.0,651.6,5348.4,1800.0,3548.4,1.25,,1,20056.5
L0021329,INV-2025-010364,INV,,20250630,202506,51,5,493,5,SA,SAR,3.75,1,1800.0,0.0905,1800.0,162.9,1637.1,720.0,917.1,1.0,,1,6139.12
L0020689,INV-2025-010042,INV,,20250630,202506,23,2,307,17,EG,EGP,50.1071,1,450.0,0.1081,450.0,48.64,401.36,337.5,63.86,1.0,,1,20110.74
L0021376,INV-2025-010392,INV,,20250630,202506,52,5,508,1,SA,SAR,3.75,1,2400.0,0.0542,2400.0,130.08,2269.92,1320.0,949.92,1.0,,1,8512.2
L0021069,INV-2025-010234,INV,,20250630,202506,41,4,413,7,SA,SAR,3.75,1,1200.0,0.073,1200.0,87.6,1112.4,360.0,752.4,1.0,,1,4171.5
L0021593,INV-2025-010498,INV,,20250630,202506,64,6,772,7,AE,AED,3.6725,1,1200.0,0.1416,1200.0,169.92,1030.08,360.0,670.08,1.0,,1,3782.97
L0020506,INV-2025-009960,INV,,20250630,202506,14,1,33,5,EG,EGP,50.1071,4,1800.0,0.1601,7200.0,1152.72,6047.28,2880.0,3167.28,1.0,,1,303011.66
L0020929,INV-2025-010175,INV,,20250630,202506,31,3,373,2,EG,EGP,50.1071,2,14000.0,0.2195,28000.0,6146.0,21854.0,14000.0,7854.0,1.0,,1,1095040.56
L0020804,INV-2025-010109,INV,,20250630,202506,28,2,131,5,EG,EGP,50.1071,1,1800.0,0.0568,1800.0,102.24,1697.76,720.0,977.76,1.0,,1,85069.83
L0021201,INV-2025-010287,INV,,20250630,202506,46,5,518,7,SA,SAR,3.75,2,1200.0,0.1096,2400.0,263.04,2136.96,720.0,1416.96,1.0,,1,8013.6
L0021401,INV-2025-010405,INV,,20250630,202506,53,5,562,15,SA,SAR,3.75,2,1100.0,0.129,2200.0,283.8,1916.2,1716.0,200.2,1.0,,1,7185.75
L0022419,INV-2025-010904,INV,,20250701,202507,37,4,438,1,SA,SAR,3.75,1,2400.0,0.1296,2400.0,311.04,2088.96,1320.0,768.96,1.0,,0,7833.6
L0022226,INV-2025-010802,INV,,20250701,202507,26,2,114,1,EG,EGP,49.526,1,2400.0,0.0975,2400.0,234.0,2166.0,1320.0,846.0,1.0,,0,107273.32
L0023105,INV-2025-011224,INV,,20250701,202507,89,8,916,1,OM,OMR,0.3845,1,2400.0,0.0449,2400.0,107.75,2292.25,1320.0,972.25,1.0,,0,881.37
L0023010,INV-2025-011169,INV,,20250701,202507,73,8,923,7,OM,OMR,0.3845,1,1200.0,0.0476,1200.0,57.11,1142.89,360.0,782.89,1.0,,0,439.44
L0022960,INV-2025-011145,INV,,20250701,202507,79,7,777,16,AE,AED,3.6725,3,2200.0,0.1894,6600.0,1250.04,5349.96,5280.0,69.96,1.0,,0,19647.73
L0022627,INV-2025-011003,INV,,20250701,202507,52,5,495,10,SA,SAR,3.75,1,3000.0,0.0474,3000.0,142.2,2857.8,900.0,1957.8,1.25,,0,10716.75
L0022504,INV-2025-010939,INV,,20250701,202507,83,4,388,2,SA,SAR,3.75,6,14000.0,0.0674,84000.0,5661.6,78338.4,42000.0,36338.4,1.0,,0,293769.0
L0023139,INV-2025-011244,INV,,20250702,202507,92,8,912,7,OM,OMR,0.3845,1,1200.0,0.0814,1200.0,97.69,1102.31,360.0,742.31,1.0,,0,423.84
L0031192,CN-2025-00256,CN,INV-2025-009530,20250702,202507,42,4,412,8,SA,SAR,3.75,-11,1500.0,0.1258,-16500.0,-2075.7,-14424.3,-11550.0,-2874.3,1.0,33.0,0,-54091.12
L0022789,INV-2025-011074,INV,,20250703,202507,63,6,723,11,AE,AED,3.6725,1,18000.0,0.0936,18000.0,1684.8,16315.2,7200.0,9115.2,1.25,,0,59917.57
L0022133,INV-2025-010747,INV,,20250703,202507,19,2,80,1,EG,EGP,49.526,1,2400.0,0.0309,2400.0,74.16,2325.84,1320.0,1005.84,1.0,,0,115189.55
L0022154,INV-2025-010762,INV,,20250703,202507,21,2,253,7,EG,EGP,49.526,1,1200.0,0.0494,1200.0,59.28,1140.72,360.0,780.72,1.0,,0,56495.3
L0023016,INV-2025-011171,INV,,20250703,202507,73,8,918,1,OM,OMR,0.3845,1,2400.0,0.0,2400.0,0.0,2400.0,1320.0,1080.0,1.0,,0,922.8
L0031165,CN-2025-00241,CN,INV-2025-009041,20250703,202507,56,6,737,18,AE,AED,3.6725,-3,800.0,0.1717,-2400.0,-412.08,-1987.92,-1320.0,-667.92,1.0,76.0,0,-7300.64
L0022153,INV-2025-010762,INV,,20250703,202507,21,2,253,1,EG,EGP,49.526,1,2400.0,0.0247,2400.0,59.28,2340.72,1320.0,1020.72,1.0,,0,115926.5
L0021953,INV-2025-010678,INV,,20250703,202507,10,1,1,20,EG,EGP,49.526,2,1500.0,0.1357,3000.0,407.1,2592.9,1500.0,1092.9,1.0,,0,128415.97
L0022216,INV-2025-010797,INV,,20250704,202507,26,2,204,1,EG,EGP,49.526,1,2400.0,0.1056,2400.0,253.44,2146.56,1320.0,826.56,1.0,,0,106310.53
L0022260,INV-2025-010818,INV,,20250704,202507,27,2,330,1,EG,EGP,49.526,1,2400.0,0.0411,2400.0,98.64,2301.36,1320.0,981.36,1.0,,0,113977.16
L0031190,CN-2025-00255,CN,INV-2025-009529,20250704,202507,42,4,417,4,SA,SAR,3.75,-2,9000.0,0.1168,-18000.0,-2102.4,-15897.6,-9900.0,-5997.6,1.0,34.0,0,-59616.0
L0022259,INV-2025-010818,INV,,20250704,202507,27,2,330,17,EG,EGP,49.526,1,450.0,0.0253,450.0,11.38,438.62,337.5,101.12,1.0,,0,21722.85
L0022479,INV-2025-010930,INV,,20250704,202507,78,4,431,8,SA,SAR,3.75,11,1500.0,0.1069,16500.0,1763.85,14736.15,11550.0,3186.15,1.0,,0,55260.56
L0022880,INV-2025-011106,INV,,20250704,202507,65,7,803,10,AE,AED,3.6725,2,3000.0,0.1828,6000.0,1096.8,4903.2,1800.0,3103.2,1.25,,0,18007.0
L0022443,INV-2025-010915,INV,,20250705,202507,41,4,414,5,SA,SAR,3.75,7,1800.0,0.0346,12600.0,435.96,12164.04,5040.0,7124.04,1.0,,0,45615.15
L0022444,INV-2025-010915,INV,,20250705,202507,41,4,414,8,SA,SAR,3.75,8,1500.0,0.0511,12000.0,613.2,11386.8,8400.0,2986.8,1.0,,0,42700.5
L0022688,INV-2025-011038,INV,,20250705,202507,55,5,675,1,SA,SAR,3.75,1,2400.0,0.0154,2400.0,36.96,2363.04,1320.0,1043.04,1.0,,0,8861.4
L0022442,INV-2025-010915,INV,,20250705,202507,41,4,414,13,SA,SAR,3.75,1,12000.0,0.031,12000.0,372.0,11628.0,5040.0,6588.0,1.25,,0,43605.0
L0022586,INV-2025-010979,INV,,20250705,202507,50,5,677,18,SA,SAR,3.75,4,800.0,0.0706,3200.0,225.92,2974.08,1760.0,1214.08,1.0,,0,11152.8
L0022612,INV-2025-010995,INV,,20250706,202507,51,5,542,1,SA,SAR,3.75,1,2400.0,0.0521,2400.0,125.04,2274.96,1320.0,954.96,1.0,,0,8531.1
L0031135,CN-2025-00227,CN,INV-2025-008497,20250706,202507,71,7,799,15,AE,AED,3.6725,-3,1100.0,0.1912,-3300.0,-630.96,-2669.04,-2574.0,-95.04,1.0,115.0,0,-9802.05
L0023032,INV-2025-011179,INV,,20250706,202507,74,8,900,1,OM,OMR,0.3845,1,2400.0,0.0174,2400.0,41.77,2358.23,1320.0,1038.23,1.0,,0,906.74
L0022917,INV-2025-011124,INV,,20250706,202507,69,7,807,17,AE,AED,3.6725,4,450.0,0.2223,1799.99,400.13,1399.86,1350.0,49.86,1.0,,0,5140.97
L0022984,INV-2025-011157,INV,,20250706,202507,94,7,812,1,AE,AED,3.6725,2,2400.0,0.1972,4800.0,946.56,3853.44,2640.0,1213.44,1.0,,0,14151.76
L0022972,INV-2025-011150,INV,,20250707,202507,57,7,782,8,AE,AED,3.6725,5,1500.0,0.1715,7500.0,1286.25,6213.75,5250.0,963.75,1.0,,0,22820.0
L0022971,INV-2025-011150,INV,,20250707,202507,57,7,782,7,AE,AED,3.6725,8,1200.0,0.2372,9600.0,2277.12,7322.88,2880.0,4442.88,1.0,,0,26893.28
L0022388,INV-2025-010890,INV,,20250707,202507,35,3,367,16,EG,EGP,49.526,2,2200.0,0.1673,4400.0,736.12,3663.88,3520.0,143.88,1.0,,0,181457.32
L0022199,INV-2025-010785,INV,,20250707,202507,24,2,278,1,EG,EGP,49.526,2,2400.0,0.1345,4800.0,645.6,4154.4,2640.0,1514.4,1.0,,0,205750.81
L0022475,INV-2025-010929,INV,,20250707,202507,45,4,421,7,SA,SAR,3.75,1,1200.0,0.0902,1200.0,108.24,1091.76,360.0,731.76,1.0,,0,4094.1
L0022632,INV-2025-011007,INV,,20250707,202507,52,5,704,15,SA,SAR,3.75,3,1100.0,0.0512,3300.0,168.96,3131.04,2574.0,557.04,1.0,,0,11741.4
L0022536,INV-2025-010950,INV,,20250708,202507,46,5,572,8,SA,SAR,3.75,4,1500.0,0.0376,6000.0,225.6,5774.4,4200.0,1574.4,1.0,,0,21654.0
L0022126,INV-2025-010742,INV,,20250708,202507,18,2,311,1,EG,EGP,49.526,1,2400.0,0.0666,2400.0,159.84,2240.16,1320.0,920.16,1.0,,0,110946.16
L0022535,INV-2025-010950,INV,,20250708,202507,46,5,572,1,SA,SAR,3.75,1,2400.0,0.0734,2400.0,176.16,2223.84,1320.0,903.84,1.0,,0,8339.4
L0022219,INV-2025-010799,INV,,20250708,202507,26,2,105,10,EG,EGP,49.526,1,3000.0,0.1011,3000.0,303.3,2696.7,900.0,1796.7,1.25,,0,133556.76
L0031174,CN-2025-00245,CN,INV-2025-009226,20250709,202507,12,1,38,1,EG,EGP,49.526,-1,2400.0,0.0643,-2400.0,-154.32,-2245.68,-1320.0,-925.68,1.0,59.0,0,-111219.55
L0031204,CN-2025-00263,CN,INV-2025-009915,20250709,202507,92,8,963,16,OM,OMR,0.3845,-1,2200.0,0.109,-2200.0,-239.79,-1960.21,-1760.0,-200.21,1.0,53.0,0,-753.7
L0022722,INV-2025-011054,INV,,20250709,202507,56,6,765,14,AE,AED,3.6725,1,9600.0,0.1419,9600.0,1362.24,8237.76,4800.0,3437.76,1.25,,0,30253.17
L0023147,INV-2025-011249,INV,,20250710,202507,92,8,938,12,OM,OMR,0.3845,1,4800.0,0.0914,4800.0,438.73,4361.27,2160.0,2201.27,1.25,,0,1676.91
L0022165,INV-2025-010768,INV,,20250710,202507,21,2,155,7,EG,EGP,49.526,1,1200.0,0.0356,1200.0,42.72,1157.28,360.0,797.28,1.0,,0,57315.45
L0022120,INV-2025-010739,INV,,20250710,202507,18,2,196,10,EG,EGP,49.526,2,3000.0,0.0521,6000.0,312.6,5687.4,1800.0,3887.4,1.25,,0,281674.17
L0023083,INV-2025-011210,INV,,20250711,202507,88,8,882,5,OM,OMR,0.3845,3,1800.0,0.0534,5400.0,288.35,5111.65,2160.0,2951.65,1.0,,0,1965.43
L0022871,INV-2025-011103,INV,,20250711,202507,81,6,731,12,AE,AED,3.6725,1,4800.0,0.062,4800.0,297.6,4502.4,2160.0,2342.4,1.25,,0,16535.06
L0022031,INV-2025-010705,INV,,20250711,202507,14,1,30,12,EG,EGP,49.526,1,4800.0,0.1442,4800.0,692.16,4107.84,2160.0,1947.84,1.25,,0,203444.88
L0022626,INV-2025-011002,INV,,20250711,202507,52,5,589,10,SA,SAR,3.75,1,3000.0,0.0434,3000.0,130.2,2869.8,900.0,1969.8,1.25,,0,10761.75
L0022134,INV-2025-010748,INV,,20250711,202507,19,2,101,7,EG,EGP,49.526,1,1200.0,0.0459,1200.0,55.08,1144.92,360.0,784.92,1.0,,0,56703.31
L0022158,INV-2025-010764,INV,,20250711,202507,21,2,278,10,EG,EGP,49.526,1,3000.0,0.0271,3000.0,81.3,2918.7,900.0,2018.7,1.25,,0,144551.54
L0022204,INV-2025-010789,INV,,20250711,202507,24,2,268,1,EG,EGP,49.526,1,2400.0,0.0992,2400.0,238.08,2161.92,1320.0,841.92,1.0,,0,107071.25
L0022188,INV-2025-010778,INV,,20250712,202507,23,2,174,17,EG,EGP,49.526,5,450.0,0.0945,2250.0,212.63,2037.37,1687.5,349.87,1.0,,0,100903.03
L0022128,INV-2025-010743,INV,,20250712,202507,18,2,184,1,EG,EGP,49.526,1,2400.0,0.0344,2400.0,82.56,2317.44,1320.0,997.44,1.0,,0,114773.53
L0022241,INV-2025-010810,INV,,20250712,202507,27,2,255,1,EG,EGP,49.526,1,2400.0,0.0423,2400.0,101.52,2298.48,1320.0,978.48,1.0,,0,113834.52
L0022956,INV-2025-011142,INV,,20250712,202507,79,7,783,5,AE,AED,3.6725,3,1800.0,0.2298,5400.0,1240.92,4159.08,2160.0,1999.08,1.0,,0,15274.22
L0022840,INV-2025-011091,INV,,20250712,202507,91,6,774,12,AE,AED,3.6725,1,4800.0,0.0561,4800.0,269.28,4530.72,2160.0,2370.72,1.25,,0,16639.07
L0022644,INV-2025-011013,INV,,20250713,202507,52,5,596,8,SA,SAR,3.75,3,1500.0,0.0182,4500.0,81.9,4418.1,3150.0,1268.1,1.0,,0,16567.88
L0022205,INV-2025-010790,INV,,20250713,202507,24,2,169,17,EG,EGP,49.526,1,450.0,0.067,450.0,30.15,419.85,337.5,82.35,1.0,,0,20793.49
L0022604,INV-2025-010991,INV,,20250713,202507,51,5,482,7,SA,SAR,3.75,4,1200.0,0.0544,4800.0,261.12,4538.88,1440.0,3098.88,1.0,,0,17020.8
L0022378,INV-2025-010885,INV,,20250713,202507,34,3,347,16,EG,EGP,49.526,2,2200.0,0.1668,4400.0,733.92,3666.08,3520.0,146.08,1.0,,0,181566.28
L0022495,INV-2025-010936,INV,,20250713,202507,78,4,405,1,SA,SAR,3.75,1,2400.0,0.1403,2400.0,336.72,2063.28,1320.0,743.28,1.0,,0,7737.3
L0022712,INV-2025-011050,INV,,20250714,202507,84,5,700,19,SA,SAR,3.75,1,5500.0,0.0469,5500.0,257.95,5242.05,2475.0,2767.05,1.0,,0,19657.69
L0022890,INV-2025-011111,INV,,20250714,202507,65,7,802,2,AE,AED,3.6725,1,14000.0,0.1709,14000.0,2392.6,11607.4,7000.0,4607.4,1.0,,0,42628.18
L0022751,INV-2025-011061,INV,,20250714,202507,59,6,716,7,AE,AED,3.6725,6,1200.0,0.1525,7200.0,1098.0,6102.0,2160.0,3942.0,1.0,,0,22409.6
L0022591,INV-2025-010982,INV,,20250714,202507,50,5,663,1,SA,SAR,3.75,1,2400.0,0.103,2400.0,247.2,2152.8,1320.0,832.8,1.0,,0,8073.0
L0022107,INV-2025-010733,INV,,20250714,202507,90,1,28,5,EG,EGP,49.526,2,1800.0,0.1105,3600.0,397.8,3202.2,1440.0,1762.2,1.0,,0,158592.16
L0022352,INV-2025-010872,INV,,20250714,202507,33,3,347,1,EG,EGP,49.526,4,2400.0,0.2074,9600.0,1991.04,7608.96,5280.0,2328.96,1.0,,0,376841.35
L0022713,INV-2025-011050,INV,,20250714,202507,84,5,700,7,SA,SAR,3.75,1,1200.0,0.0392,1200.0,47.04,1152.96,360.0,792.96,1.0,,0,4323.6
L0022056,INV-2025-010712,INV,,20250715,202507,16,1,35,12,EG,EGP,49.526,1,4800.0,0.0743,4800.0,356.64,4443.36,2160.0,2283.36,1.25,,0,220061.85
L0022469,INV-2025-010925,INV,,20250715,202507,43,4,390,12,SA,SAR,3.75,1,4800.0,0.1395,4800.0,669.6,4130.4,2160.0,1970.4,1.25,,0,15489.0
L0022661,INV-2025-011023,INV,,20250715,202507,53,5,448,10,SA,SAR,3.75,2,3000.0,0.1314,6000.0,788.4,5211.6,1800.0,3411.6,1.25,,0,19543.5
L0022055,INV-2025-010712,INV,,20250715,202507,16,1,35,1,EG,EGP,49.526,1,2400.0,0.0856,2400.0,205.44,2194.56,1320.0,874.56,1.0,,0,108687.78
L0022691,INV-2025-011040,INV,,20250715,202507,55,5,564,9,SA,SAR,3.75,2,6000.0,0.0553,12000.0,663.6,11336.4,4200.0,7136.4,1.25,,0,42511.5
L0023047,INV-2025-011187,INV,,20250716,202507,75,8,953,7,OM,OMR,0.3845,1,1200.0,0.0706,1200.0,84.71,1115.29,360.0,755.29,1.0,,0,428.83
L0023142,INV-2025-011246,INV,,20250716,202507,92,8,862,1,OM,OMR,0.3845,1,2400.0,0.1257,2400.0,301.69,2098.31,1320.0,778.31,1.0,,0,806.8
L0022039,INV-2025-010706,INV,,20250716,202507,14,1,16,1,EG,EGP,49.526,1,2400.0,0.1199,2400.0,287.76,2112.24,1320.0,792.24,1.0,,0,104610.8
L0023141,INV-2025-011246,INV,,20250716,202507,92,8,862,7,OM,OMR,0.3845,2,1200.0,0.1107,2400.0,265.67,2134.33,720.0,1414.33,1.0,,0,820.65
L0022825,INV-2025-011086,INV,,20250716,202507,80,6,750,7,AE,USD,1.0,9,1200.0,0.0939,10800.0,1014.12,9785.88,3240.0,6545.88,1.0,,0,9785.88
L0022568,INV-2025-010968,INV,,20250716,202507,48,5,593,15,SA,SAR,3.75,4,1100.0,0.0,4400.0,0.0,4400.0,3432.0,968.0,1.0,,0,16500.0
L0022573,INV-2025-010971,INV,,20250717,202507,48,5,613,1,SA,SAR,3.75,1,2400.0,0.0,2400.0,0.0,2400.0,1320.0,1080.0,1.0,,0,9000.0
L0022279,INV-2025-010831,INV,,20250717,202507,85,2,205,17,EG,EGP,49.526,1,450.0,0.0571,450.0,25.69,424.31,337.5,86.81,1.0,,0,21014.13
L0022572,INV-2025-010971,INV,,20250717,202507,48,5,613,1,SA,SAR,3.75,1,2400.0,0.0,2400.0,0.0,2400.0,1320.0,1080.0,1.0,,0,9000.0
L0022463,INV-2025-010923,INV,,20250718,202507,43,4,438,20,SA,SAR,3.75,4,1500.0,0.1177,6000.0,706.2,5293.8,3000.0,2293.8,1.0,,0,19851.75
L0023095,INV-2025-011218,INV,,20250718,202507,89,8,952,1,OM,OMR,0.3845,1,2400.0,0.0033,2400.0,7.93,2392.07,1320.0,1072.07,1.0,,0,919.75
L0022705,INV-2025-011047,INV,,20250718,202507,55,5,544,16,SA,SAR,3.75,1,2200.0,0.0465,2200.0,102.3,2097.7,1760.0,337.7,1.0,,0,7866.38
L0022305,INV-2025-010846,INV,,20250718,202507,86,2,276,10,EG,EGP,49.526,1,3000.0,0.1187,3000.0,356.1,2643.9,900.0,1743.9,1.25,,0,130941.79
L0022915,INV-2025-011123,INV,,20250718,202507,69,7,783,17,AE,AED,3.6725,9,450.0,0.1838,4049.99,744.39,3305.6,3037.5,268.1,1.0,,0,12139.82
L0022555,INV-2025-010960,INV,,20250718,202507,47,5,499,7,SA,SAR,3.75,1,1200.0,0.116,1200.0,139.2,1060.8,360.0,700.8,1.0,,0,3978.0
L0022343,INV-2025-010868,INV,,20250718,202507,32,3,357,15,EG,EGP,49.526,1,1100.0,0.234,1100.0,257.4,842.6,858.0,-15.4,1.0,,0,41730.61
L0022681,INV-2025-011034,INV,,20250719,202507,55,5,603,7,SA,SAR,3.75,3,1200.0,0.0561,3600.0,201.96,3398.04,1080.0,2318.04,1.0,,0,12742.65
L0022919,INV-2025-011125,INV,,20250719,202507,69,7,792,3,AE,AED,3.6725,2,3600.0,0.2141,7200.0,1541.52,5658.48,3240.0,2418.48,1.0,,0,20780.77
L0023087,INV-2025-011213,INV,,20250719,202507,88,8,907,1,OM,OMR,0.3845,1,2400.0,0.0335,2400.0,80.39,2319.61,1320.0,999.61,1.0,,0,891.89
L0023110,INV-2025-011227,INV,,20250719,202507,89,8,962,1,OM,OMR,0.3845,1,2400.0,0.0411,2400.0,98.65,2301.35,1320.0,981.35,1.0,,0,884.87
L0031128,CN-2025-00223,CN,INV-2025-008333,20250719,202507,48,5,522,17,SA,SAR,3.75,-1,450.0,0.0,-450.0,0.0,-450.0,-337.5,-112.5,1.0,129.0,0,-1687.5
L0022285,INV-2025-010834,INV,,20250719,202507,85,2,72,17,EG,EGP,49.526,3,450.0,0.0487,1350.0,65.75,1284.25,1012.5,271.75,1.0,,0,63604.01
L0022144,INV-2025-010754,INV,,20250719,202507,19,2,281,17,EG,EGP,49.526,1,450.0,0.019,450.0,8.55,441.45,337.5,103.95,1.0,,0,21863.25
L0023151,INV-2025-011251,INV,,20250719,202507,92,8,937,7,OM,OMR,0.3845,1,1200.0,0.0849,1200.0,101.87,1098.13,360.0,738.13,1.0,,0,422.23
L0022651,INV-2025-011017,INV,,20250719,202507,52,5,638,7,SA,SAR,3.75,3,1200.0,0.0415,3600.0,149.4,3450.6,1080.0,2370.6,1.0,,0,12939.75
L0022512,INV-2025-010942,INV,,20250720,202507,83,4,389,10,SA,SAR,3.75,1,3000.0,0.1274,3000.0,382.2,2617.8,900.0,1717.8,1.25,,0,9816.75
L0022638,INV-2025-011009,INV,,20250720,202507,52,5,509,8,SA,SAR,3.75,2,1500.0,0.0883,3000.0,264.9,2735.1,2100.0,635.1,1.0,,0,10256.62
L0022513,INV-2025-010942,INV,,20250720,202507,83,4,389,10,SA,SAR,3.75,1,3000.0,0.0922,3000.0,276.6,2723.4,900.0,1823.4,1.25,,0,10212.75
L0022395,INV-2025-010893,INV,,20250720,202507,35,3,370,17,EG,EGP,49.526,2,450.0,0.1957,900.0,176.13,723.87,675.0,48.87,1.0,,0,35850.39
L0022834,INV-2025-011089,INV,,20250721,202507,91,6,718,12,AE,AED,3.6725,1,4800.0,0.0235,4800.0,112.8,4687.2,2160.0,2527.2,1.25,,0,17213.74
L0022835,INV-2025-011089,INV,,20250721,202507,91,6,718,10,AE,AED,3.6725,2,3000.0,0.0313,6000.0,187.8,5812.2,1800.0,4012.2,1.25,,0,21345.3
L0022891,INV-2025-011112,INV,,20250721,202507,68,7,782,8,AE,AED,3.6725,7,1500.0,0.2419,10500.0,2539.95,7960.05,7350.0,610.05,1.0,,0,29233.28
L0022252,INV-2025-010814,INV,,20250721,202507,27,2,239,1,EG,EGP,49.526,1,2400.0,0.0133,2400.0,31.92,2368.08,1320.0,1048.08,1.0,,0,117281.53
L0023136,INV-2025-011243,INV,,20250722,202507,92,8,933,17,OM,OMR,0.3845,2,449.99,0.0894,899.97,80.46,819.51,675.0,144.51,1.0,,0,315.1
L0022193,INV-2025-010781,INV,,20250722,202507,23,2,141,10,EG,EGP,49.526,1,3000.0,0.1079,3000.0,323.7,2676.3,900.0,1776.3,1.25,,0,132546.43
L0022191,INV-2025-010781,INV,,20250722,202507,23,2,141,1,EG,EGP,49.526,1,2400.0,0.1221,2400.0,293.04,2106.96,1320.0,786.96,1.0,,0,104349.3
L0022765,INV-2025-011065,INV,,20250722,202507,59,6,763,10,AE,AED,3.6725,2,3000.0,0.1292,6000.0,775.2,5224.8,1800.0,3424.8,1.25,,0,19188.08
L0022500,INV-2025-010937,INV,,20250722,202507,78,4,423,11,SA,SAR,3.75,2,18000.0,0.1581,36000.0,5691.6,30308.4,14400.0,15908.4,1.25,,0,113656.5
L0022966,INV-2025-011147,INV,,20250722,202507,79,7,813,17,AE,AED,3.6725,42,450.0,0.2191,18899.94,4140.97,14758.97,14175.0,583.97,1.0,,0,54202.3
L0022210,INV-2025-010794,INV,,20250723,202507,25,2,73,15,EG,EGP,49.526,2,1100.0,0.0149,2200.0,32.78,2167.22,1716.0,451.22,1.0,,0,107333.74
L0021956,INV-2025-010679,INV,,20250724,202507,10,1,48,12,EG,EGP,49.526,1,4800.0,0.1148,4800.0,551.04,4248.96,2160.0,2088.96,1.25,,0,210433.99
L0022698,INV-2025-011043,INV,,20250724,202507,55,5,530,7,SA,SAR,3.75,1,1200.0,0.019,1200.0,22.8,1177.2,360.0,817.2,1.0,,0,4414.5
L0022503,INV-2025-010938,INV,,20250724,202507,83,4,401,12,SA,SAR,3.75,1,4800.0,0.1002,4800.0,480.96,4319.04,2160.0,2159.04,1.25,,0,16196.4
L0022730,INV-2025-011056,INV,,20250724,202507,56,6,767,7,AE,USD,1.0,2,1200.0,0.1728,2400.0,414.72,1985.28,720.0,1265.28,1.0,,0,1985.28
L0022622,INV-2025-011000,INV,,20250724,202507,51,5,624,15,SA,SAR,3.75,1,1100.0,0.0616,1100.0,67.76,1032.24,858.0,174.24,1.0,,0,3870.9
L0022743,INV-2025-011059,INV,,20250725,202507,58,6,733,7,AE,AED,3.6725,4,1200.0,0.1305,4800.0,626.4,4173.6,1440.0,2733.6,1.0,,0,15327.55
L0031197,CN-2025-00259,CN,INV-2025-009682,20250725,202507,84,5,686,1,SA,SAR,3.75,-1,2400.0,0.1032,-2400.0,-247.68,-2152.32,-1320.0,-832.32,1.0,70.0,0,-8071.2
L0022630,INV-2025-011005,INV,,20250725,202507,52,5,487,7,SA,SAR,3.75,1,1200.0,0.0646,1200.0,77.52,1122.48,360.0,762.48,1.0,,0,4209.3
L0031196,CN-2025-00259,CN,INV-2025-009682,20250725,202507,84,5,686,5,SA,SAR,3.75,-2,1800.0,0.0426,-3600.0,-153.36,-3446.64,-1440.0,-2006.64,1.0,70.0,0,-12924.9
L0023019,INV-2025-011173,INV,,20250725,202507,73,8,839,20,OM,OMR,0.3845,3,1500.0,0.0194,4500.0,87.31,4412.69,2250.0,2162.69,1.0,,0,1696.68
L0022815,INV-2025-011082,INV,,20250725,202507,80,6,765,12,AE,AED,3.6725,1,4800.0,0.0943,4800.0,452.64,4347.36,2160.0,2187.36,1.25,,0,15965.68
L0022121,INV-2025-010740,INV,,20250725,202507,18,2,255,17,EG,EGP,49.526,2,450.0,0.0,900.0,0.0,900.0,675.0,225.0,1.0,,0,44573.4
L0022004,INV-2025-010697,INV,,20250726,202507,12,1,43,8,EG,EGP,49.526,3,1500.0,0.0397,4500.0,178.65,4321.35,3150.0,1171.35,1.0,,0,214019.18
L0022857,INV-2025-011097,INV,,20250726,202507,96,6,765,7,AE,AED,3.6725,8,1200.0,0.19,9600.0,1824.0,7776.0,2880.0,4896.0,1.0,,0,28557.36
L0022666,INV-2025-011026,INV,,20250726,202507,54,5,506,17,SA,SAR,3.75,2,450.0,0.0336,900.0,30.24,869.76,675.0,194.76,1.0,,0,3261.6
L0022051,INV-2025-010710,INV,,20250726,202507,15,1,62,7,EG,EGP,49.526,2,1200.0,0.104,2400.0,249.6,2150.4,720.0,1430.4,1.0,,0,106500.71
L0022615,INV-2025-010996,INV,,20250727,202507,51,5,589,1,SA,SAR,3.75,1,2400.0,0.0489,2400.0,117.36,2282.64,1320.0,962.64,1.0,,0,8559.9
L0022377,INV-2025-010884,INV,,20250727,202507,34,3,343,8,EG,EGP,49.526,5,1500.0,0.1577,7500.0,1182.75,6317.25,5250.0,1067.25,1.0,,0,312868.12
L0022809,INV-2025-011081,INV,,20250727,202507,80,6,719,1,AE,AED,3.6725,4,2400.0,0.0877,9600.0,841.92,8758.08,5280.0,3478.08,1.0,,0,32164.05
L0022018,INV-2025-010701,INV,,20250727,202507,13,1,50,1,EG,EGP,49.526,1,2400.0,0.1834,2400.0,440.16,1959.84,1320.0,639.84,1.0,,0,97063.04
L0022168,INV-2025-010770,INV,,20250727,202507,23,2,165,1,EG,EGP,49.526,1,2400.0,0.091,2400.0,218.4,2181.6,1320.0,861.6,1.0,,0,108045.92
L0031211,CN-2025-00267,CN,INV-2025-010175,20250727,202507,31,3,373,2,EG,EGP,49.526,-2,14000.0,0.2195,-28000.0,-6146.0,-21854.0,-14000.0,-7854.0,1.0,27.0,0,-1082341.2
L0021948,INV-2025-010677,INV,,20250727,202507,10,1,23,1,EG,EGP,49.526,1,2400.0,0.1561,2400.0,374.64,2025.36,1320.0,705.36,1.0,,0,100307.98
L0022530,INV-2025-010948,INV,,20250727,202507,93,4,389,8,SA,SAR,3.75,2,1500.0,0.1271,3000.0,381.3,2618.7,2100.0,518.7,1.0,,0,9820.12
L0022519,INV-2025-010943,INV,,20250727,202507,93,4,396,7,SA,SAR,3.75,11,1200.0,0.0913,13200.0,1205.16,11994.84,3960.0,8034.84,1.0,,0,44980.65
L0022048,INV-2025-010709,INV,,20250727,202507,15,1,46,12,EG,EGP,49.526,1,4800.0,0.1048,4800.0,503.04,4296.96,2160.0,2136.96,1.25,,0,212811.24
L0022176,INV-2025-010773,INV,,20250727,202507,23,2,223,1,EG,EGP,49.526,1,2400.0,0.079,2400.0,189.6,2210.4,1320.0,890.4,1.0,,0,109472.27
L0023102,INV-2025-011223,INV,,20250728,202507,89,8,840,12,OM,OMR,0.3845,1,4800.0,0.0288,4800.0,138.23,4661.77,2160.0,2501.77,1.25,,0,1792.45
L0021960,INV-2025-010681,INV,,20250728,202507,10,1,48,1,EG,EGP,49.526,1,2400.0,0.1109,2400.0,266.16,2133.84,1320.0,813.84,1.0,,0,105680.56
L0022942,INV-2025-011135,INV,,20250728,202507,71,7,788,12,AE,AED,3.6725,1,4800.0,0.2086,4800.0,1001.28,3798.72,2160.0,1638.72,1.25,,0,13950.8
L0022177,INV-2025-010774,INV,,20250728,202507,23,2,218,15,EG,EGP,49.526,1,1100.0,0.1052,1100.0,115.72,984.28,858.0,126.28,1.0,,0,48747.45
L0022253,INV-2025-010815,INV,,20250728,202507,27,2,255,1,EG,EGP,49.526,1,2400.0,0.0237,2400.0,56.88,2343.12,1320.0,1023.12,1.0,,0,116045.36
L0022823,INV-2025-011085,INV,,20250728,202507,80,6,759,10,AE,AED,3.6725,10,3000.0,0.0746,30000.0,2238.0,27762.0,9000.0,18762.0,1.25,,0,101955.94
L0023059,INV-2025-011194,INV,,20250728,202507,75,8,882,1,OM,OMR,0.3845,1,2400.0,0.0842,2400.0,202.08,2197.92,1320.0,877.92,1.0,,0,845.1
L0022065,INV-2025-010716,INV,,20250728,202507,17,1,8,7,EG,EGP,49.526,1,1200.0,0.0796,1200.0,95.52,1104.48,360.0,744.48,1.0,,0,54700.48
L0022709,INV-2025-011048,INV,,20250728,202507,55,5,511,10,SA,SAR,3.75,1,3000.0,0.0328,3000.0,98.4,2901.6,900.0,2001.6,1.25,,0,10881.0
L0022346,INV-2025-010869,INV,,20250728,202507,32,3,342,7,EG,EGP,49.526,1,1200.0,0.192,1200.0,230.4,969.6,360.0,609.6,1.0,,0,48020.41
L0022357,INV-2025-010875,INV,,20250728,202507,33,3,369,7,EG,EGP,49.526,2,1200.0,0.1937,2400.0,464.88,1935.12,720.0,1215.12,1.0,,0,95838.75
L0022928,INV-2025-011129,INV,,20250728,202507,69,7,799,7,AE,AED,3.6725,11,1200.0,0.18,13200.0,2376.0,10824.0,3960.0,6864.0,1.0,,0,39751.14
L0022267,INV-2025-010822,INV,,20250728,202507,28,2,109,1,EG,EGP,49.526,1,2400.0,0.0575,2400.0,138.0,2262.0,1320.0,942.0,1.0,,0,112027.81
L0022100,INV-2025-010729,INV,,20250728,202507,90,1,55,1,EG,EGP,49.526,3,2400.0,0.1326,7200.0,954.72,6245.28,3960.0,2285.28,1.0,,0,309303.74
L0022027,INV-2025-010703,INV,,20250728,202507,14,1,7,7,EG,EGP,49.526,6,1200.0,0.1216,7200.0,875.52,6324.48,2160.0,4164.48,1.0,,0,313226.2
L0022459,INV-2025-010922,INV,,20250728,202507,43,4,389,7,SA,SAR,3.75,1,1200.0,0.0965,1200.0,115.8,1084.2,360.0,724.2,1.0,,0,4065.75
L0022248,INV-2025-010813,INV,,20250728,202507,27,2,233,7,EG,EGP,49.526,1,1200.0,0.0554,1200.0,66.48,1133.52,360.0,773.52,1.0,,0,56138.71
L0022426,INV-2025-010906,INV,,20250729,202507,37,4,388,3,SA,SAR,3.75,1,3600.0,0.1191,3600.0,428.76,3171.24,1620.0,1551.24,1.0,,1,11892.15
L0022482,INV-2025-010932,INV,,20250729,202507,78,4,437,3,SA,SAR,3.75,3,3600.0,0.1286,10800.0,1388.88,9411.12,4860.0,4551.12,1.0,,1,35291.7
L0022994,INV-2025-011161,INV,,20250729,202507,97,7,806,15,AE,AED,3.6725,4,1100.0,0.2615,4400.0,1150.6,3249.4,3432.0,-182.6,1.0,,1,11933.42
L0022676,INV-2025-011030,INV,,20250729,202507,55,5,478,1,SA,SAR,3.75,1,2400.0,0.0556,2400.0,133.44,2266.56,1320.0,946.56,1.0,,1,8499.6
L0022480,INV-2025-010931,INV,,20250729,202507,78,4,392,2,SA,SAR,3.75,2,14000.0,0.1226,28000.0,3432.8,24567.2,14000.0,10567.2,1.0,,1,92127.0
L0022331,INV-2025-010863,INV,,20250729,202507,31,3,360,5,EG,EGP,49.526,1,1800.0,0.1923,1800.0,346.14,1453.86,720.0,733.86,1.0,,1,72003.87
L0022321,INV-2025-010857,INV,,20250729,202507,87,2,295,17,EG,EGP,49.526,1,450.0,0.0627,450.0,28.22,421.78,337.5,84.28,1.0,,1,20889.32
L0022471,INV-2025-010927,INV,,20250730,202507,45,4,419,16,SA,SAR,3.75,7,2200.0,0.1019,15400.0,1569.26,13830.74,12320.0,1510.74,1.0,,1,51865.28
L0022351,INV-2025-010871,INV,,20250730,202507,33,3,346,5,EG,EGP,49.526,1,1800.0,0.1892,1800.0,340.56,1459.44,720.0,739.44,1.0,,1,72280.23
L0022533,INV-2025-010949,INV,,20250730,202507,46,5,516,7,SA,SAR,3.75,1,1200.0,0.068,1200.0,81.6,1118.4,360.0,758.4,1.0,,1,4194.0
L0023120,INV-2025-011235,INV,,20250730,202507,89,8,964,1,OM,OMR,0.3845,1,2400.0,0.0674,2400.0,161.77,2238.23,1320.0,918.23,1.0,,1,860.6
L0022103,INV-2025-010731,INV,,20250730,202507,90,1,41,15,EG,EGP,49.526,8,1100.0,0.1593,8800.0,1401.84,7398.16,6864.0,534.16,1.0,,1,366401.27
L0022385,INV-2025-010888,INV,,20250730,202507,34,3,339,17,EG,EGP,49.526,1,450.0,0.2021,450.0,90.94,359.06,337.5,21.56,1.0,,1,17782.56
L0022776,INV-2025-011070,INV,,20250730,202507,63,6,736,4,AE,AED,3.6725,1,9000.0,0.0899,9000.0,809.1,8190.9,4950.0,3240.9,1.0,,1,30081.08
L0022770,INV-2025-011067,INV,,20250730,202507,62,6,764,7,AE,AED,3.6725,1,1200.0,0.1332,1200.0,159.84,1040.16,360.0,680.16,1.0,,1,3819.99
L0022449,INV-2025-010918,INV,,20250730,202507,41,4,443,12,SA,SAR,3.75,1,4800.0,0.0695,4800.0,333.6,4466.4,2160.0,2306.4,1.25,,1,16749.0
L0022194,INV-2025-010782,INV,,20250731,202507,23,2,285,12,EG,EGP,49.526,1,4800.0,0.0937,4800.0,449.76,4350.24,2160.0,2190.24,1.25,,1,215449.99
L0022024,INV-2025-010702,INV,,20250731,202507,13,1,36,19,EG,EGP,49.526,1,5500.0,0.1829,5500.0,1005.95,4494.05,2475.0,2019.05,1.0,,1,222572.32
L0022041,INV-2025-010707,INV,,20250731,202507,14,1,57,3,EG,EGP,49.526,1,3600.0,0.172,3600.0,619.2,2980.8,1620.0,1360.8,1.0,,1,147627.1
L0023166,INV-2025-011260,INV,,20250731,202507,98,8,872,3,OM,OMR,0.3845,2,3600.0,0.0564,7200.0,406.09,6793.91,3240.0,3553.91,1.0,,1,2612.26
L0023055,INV-2025-011191,INV,,20250731,202507,75,8,825,15,OM,OMR,0.3845,2,1100.0,0.1006,2200.0,221.33,1978.67,1716.0,262.67,1.0,,1,760.8
L0022696,INV-2025-011042,INV,,20250731,202507,55,5,562,1,SA,SAR,3.75,1,2400.0,0.0746,2400.0,179.04,2220.96,1320.0,900.96,1.0,,1,8328.6
L0022457,INV-2025-010921,INV,,20250731,202507,43,4,403,5,SA,SAR,3.75,2,1800.0,0.1261,3600.0,453.96,3146.04,1440.0,1706.04,1.0,,1,11797.65
L0022040,INV-2025-010707,INV,,20250731,202507,14,1,57,14,EG,EGP,49.526,1,9600.0,0.1595,9600.0,1531.2,8068.8,4800.0,3268.8,1.25,,1,399615.39
L0022223,INV-2025-010800,INV,,20250731,202507,26,2,160,1,EG,EGP,49.526,1,2400.0,0.1035,2400.0,248.4,2151.6,1320.0,831.6,1.0,,1,106560.14
L0022275,INV-2025-010827,INV,,20250731,202507,28,2,87,15,EG,EGP,49.526,1,1100.0,0.0371,1100.0,40.81,1059.19,858.0,201.19,1.0,,1,52457.44
L0022456,INV-2025-010921,INV,,20250731,202507,43,4,403,3,SA,SAR,3.75,1,3600.0,0.1233,3600.0,443.88,3156.12,1620.0,1536.12,1.0,,1,11835.45
L0022353,INV-2025-010873,INV,,20250731,202507,33,3,375,1,EG,EGP,49.526,1,2400.0,0.1953,2400.0,468.72,1931.28,1320.0,611.28,1.0,,1,95648.57
L0022022,INV-2025-010702,INV,,20250731,202507,13,1,36,10,EG,EGP,49.526,1,3000.0,0.1804,3000.0,541.2,2458.8,900.0,1558.8,1.25,,1,121774.53
L0022221,INV-2025-010800,INV,,20250731,202507,26,2,160,1,EG,EGP,49.526,1,2400.0,0.1395,2400.0,334.8,2065.2,1320.0,745.2,1.0,,1,102281.1
L0023664,INV-2025-011502,INV,,20250801,202508,40,4,398,13,SA,SAR,3.75,1,12000.0,0.1003,12000.0,1203.6,10796.4,5040.0,5756.4,1.25,,0,40486.5
L0023364,INV-2025-011351,INV,,20250801,202508,23,2,254,7,EG,EGP,49.8633,1,1200.0,0.0714,1200.0,85.68,1114.32,360.0,754.32,1.0,,0,55563.67
L0023331,INV-2025-011331,INV,,20250801,202508,19,2,88,1,EG,EGP,49.8633,2,2400.0,0.042,4800.0,201.6,4598.4,2640.0,1958.4,1.0,,0,229291.4
L0023799,INV-2025-011563,INV,,20250802,202508,50,5,681,1,SA,SAR,3.75,2,2400.0,0.0429,4800.0,205.92,4594.08,2640.0,1954.08,1.0,,0,17227.8
L0023950,INV-2025-011641,INV,,20250802,202508,62,6,724,3,AE,AED,3.6725,1,3600.0,0.1393,3600.0,501.48,3098.52,1620.0,1478.52,1.0,,0,11379.31
L0023951,INV-2025-011641,INV,,20250802,202508,62,6,724,4,AE,AED,3.6725,1,9000.0,0.094,9000.0,846.0,8154.0,4950.0,3204.0,1.0,,0,29945.56
L0023280,INV-2025-011301,INV,,20250802,202508,90,1,4,12,EG,EGP,49.8633,4,4800.0,0.1122,19200.0,2154.24,17045.76,8640.0,8405.76,1.25,,0,849957.84
L0024166,INV-2025-011729,INV,,20250802,202508,73,8,933,10,OM,OMR,0.3845,1,3000.0,0.0172,3000.0,51.6,2948.4,900.0,2048.4,1.25,,0,1133.66
L0024017,INV-2025-011662,INV,,20250802,202508,91,6,734,12,AE,AED,3.6725,1,4800.0,0.0526,4800.0,252.48,4547.52,2160.0,2387.52,1.25,,0,16700.77
L0024019,INV-2025-011662,INV,,20250802,202508,91,6,734,9,AE,AED,3.6725,1,6000.0,0.0388,6000.0,232.8,5767.2,2100.0,3667.2,1.25,,0,21180.04
L0024116,INV-2025-011703,INV,,20250803,202508,57,7,808,17,AE,AED,3.6725,1,450.0,0.2249,450.0,101.2,348.8,337.5,11.3,1.0,,0,1280.95
L0024104,INV-2025-011697,INV,,20250804,202508,71,7,778,16,AE,AED,3.6725,1,2200.0,0.1965,2200.0,432.3,1767.7,1760.0,7.7,1.0,,0,6491.88
L0023921,INV-2025-011630,INV,,20250804,202508,58,6,707,1,AE,AED,3.6725,1,2400.0,0.1329,2400.0,318.96,2081.04,1320.0,761.04,1.0,,0,7642.62
L0023882,INV-2025-011615,INV,,20250804,202508,84,5,677,5,SA,SAR,3.75,4,1800.0,0.0234,7200.0,168.48,7031.52,2880.0,4151.52,1.0,,0,26368.2
L0023276,INV-2025-011300,INV,,20250804,202508,90,1,22,1,EG,EGP,49.8633,1,2400.0,0.1285,2400.0,308.4,2091.6,1320.0,771.6,1.0,,0,104294.08
L0023229,INV-2025-011284,INV,,20250804,202508,14,1,5,3,EG,EGP,49.8633,2,3600.0,0.1469,7200.0,1057.68,6142.32,3240.0,2902.32,1.0,,0,306276.34
L0024214,INV-2025-011755,INV,,20250804,202508,88,8,956,8,OM,OMR,0.3845,3,1500.0,0.0412,4500.0,185.41,4314.59,3150.0,1164.59,1.0,,0,1658.96
L0023495,INV-2025-011425,INV,,20250805,202508,9,2,195,17,EG,EGP,49.8633,1,450.0,0.0263,450.0,11.84,438.16,337.5,100.66,1.0,,0,21848.35
L0023272,INV-2025-011297,INV,,20250805,202508,17,1,45,12,EG,EGP,49.8633,1,4800.0,0.1135,4800.0,544.8,4255.2,2160.0,2095.2,1.25,,0,212178.31
L0024106,INV-2025-011698,INV,,20250805,202508,71,7,816,3,AE,AED,3.6725,1,3600.0,0.1944,3600.0,699.84,2900.16,1620.0,1280.16,1.0,,0,10650.84
L0023649,INV-2025-011494,INV,,20250805,202508,39,4,392,7,SA,SAR,3.75,1,1200.0,0.0833,1200.0,99.96,1100.04,360.0,740.04,1.0,,0,4125.15
L0023819,INV-2025-011577,INV,,20250806,202508,51,5,541,10,SA,SAR,3.75,1,3000.0,0.0445,3000.0,133.5,2866.5,900.0,1966.5,1.25,,0,10749.38
L0023750,INV-2025-011535,INV,,20250806,202508,93,4,412,12,SA,SAR,3.75,1,4800.0,0.0745,4800.0,357.6,4442.4,2160.0,2282.4,1.25,,0,16659.0
L0023748,INV-2025-011535,INV,,20250806,202508,93,4,412,20,SA,SAR,3.75,13,1500.0,0.118,19500.0,2301.0,17199.0,9750.0,7449.0,1.0,,0,64496.25
L0023881,INV-2025-011614,INV,,20250807,202508,84,5,503,7,SA,SAR,3.75,1,1200.0,0.0246,1200.0,29.52,1170.48,360.0,810.48,1.0,,0,4389.3
L0023741,INV-2025-011532,INV,,20250807,202508,83,4,441,8,SA,SAR,3.75,7,1500.0,0.0804,10500.0,844.2,9655.8,7350.0,2305.8,1.0,,0,36209.25
L0023296,INV-2025-011311,INV,,20250808,202508,18,2,249,17,EG,EGP,49.8633,2,450.0,0.0192,900.0,17.28,882.72,675.0,207.72,1.0,,0,44015.32
L0023496,INV-2025-011426,INV,,20250808,202508,9,2,85,12,EG,EGP,49.8633,1,4800.0,0.0519,4800.0,249.12,4550.88,2160.0,2390.88,1.25,,0,226921.89
L0023497,INV-2025-011426,INV,,20250808,202508,9,2,85,8,EG,EGP,49.8633,1,1500.0,0.0332,1500.0,49.8,1450.2,1050.0,400.2,1.0,,0,72311.76
L0023986,INV-2025-011653,INV,,20250809,202508,64,6,743,7,AE,AED,3.6725,4,1200.0,0.0972,4800.0,466.56,4333.44,1440.0,2893.44,1.0,,0,15914.56
L0024245,INV-2025-011774,INV,,20250809,202508,92,8,825,5,OM,OMR,0.3845,3,1800.0,0.0626,5400.0,338.05,5061.95,2160.0,2901.95,1.0,,0,1946.32
L0024157,INV-2025-011724,INV,,20250809,202508,73,8,823,18,OM,OMR,0.3845,5,800.0,0.0,4000.0,0.0,4000.0,2200.0,1800.0,1.0,,0,1538.0
L0024122,INV-2025-011706,INV,,20250809,202508,57,7,805,15,AE,AED,3.6725,1,1100.0,0.1759,1100.0,193.49,906.51,858.0,48.51,1.0,,0,3329.16
L0024112,INV-2025-011701,INV,,20250809,202508,79,7,815,6,AE,AED,3.6725,2,7500.0,0.2222,15000.0,3333.0,11667.0,5700.0,5967.0,1.0,,0,42847.06
L0024242,INV-2025-011771,INV,,20250810,202508,92,8,881,1,OM,OMR,0.3845,1,2400.0,0.0359,2400.0,86.16,2313.84,1320.0,993.84,1.0,,0,889.67
L0023572,INV-2025-011467,INV,,20250810,202508,35,3,345,8,EG,EGP,49.8633,3,1500.0,0.1792,4500.0,806.4,3693.6,3150.0,543.6,1.0,,0,184175.08
L0023569,INV-2025-011466,INV,,20250810,202508,34,3,367,7,EG,EGP,49.8633,1,1200.0,0.1415,1200.0,169.8,1030.2,360.0,670.2,1.0,,0,51369.17
L0024102,INV-2025-011695,INV,,20250810,202508,71,7,819,16,AE,AED,3.6725,5,2200.0,0.1884,11000.0,2072.4,8927.6,8800.0,127.6,1.0,,0,32786.61
L0024213,INV-2025-011754,INV,,20250810,202508,88,8,892,8,OM,OMR,0.3845,2,1500.0,0.0491,3000.0,147.31,2852.69,2100.0,752.69,1.0,,0,1096.86
L0024212,INV-2025-011754,INV,,20250810,202508,88,8,892,1,OM,OMR,0.3845,1,2400.0,0.0393,2400.0,94.33,2305.67,1320.0,985.67,1.0,,0,886.53
L0031185,CN-2025-00253,CN,INV-2025-009493,20250811,202508,35,3,348,15,EG,EGP,49.8633,-4,1100.0,0.167,-4400.0,-734.8,-3665.2,-3432.0,-233.2,1.0,86.0,0,-182758.97
L0023544,INV-2025-011454,INV,,20250811,202508,33,3,357,15,EG,EGP,49.8633,7,1100.0,0.1729,7700.0,1331.33,6368.67,6006.0,362.67,1.0,,0,317562.9
L0024169,INV-2025-011731,INV,,20250811,202508,73,8,851,1,OM,OMR,0.3845,1,2400.0,0.0245,2400.0,58.8,2341.2,1320.0,1021.2,1.0,,0,900.19
L0023531,INV-2025-011447,INV,,20250812,202508,31,3,337,17,EG,EGP,49.8633,1,450.0,0.1911,450.0,86.0,364.0,337.5,26.5,1.0,,0,18150.49
L0023692,INV-2025-011514,INV,,20250812,202508,43,4,386,12,SA,SAR,3.75,1,4800.0,0.1143,4800.0,548.64,4251.36,2160.0,2091.36,1.25,,0,15942.6
L0023532,INV-2025-011447,INV,,20250812,202508,31,3,337,8,EG,EGP,49.8633,1,1500.0,0.1533,1500.0,229.95,1270.05,1050.0,220.05,1.0,,0,63328.88
L0024051,INV-2025-011672,INV,,20250812,202508,81,6,762,8,AE,AED,3.6725,2,1500.0,0.1155,3000.0,346.5,2653.5,2100.0,553.5,1.0,,0,9744.98
L0023470,INV-2025-011412,INV,,20250812,202508,85,2,269,1,EG,EGP,49.8633,1,2400.0,0.032,2400.0,76.8,2323.2,1320.0,1003.2,1.0,,0,115842.42
L0023766,INV-2025-011544,INV,,20250813,202508,46,5,638,1,SA,SAR,3.75,2,2400.0,0.0834,4800.0,400.32,4399.68,2640.0,1759.68,1.0,,0,16498.8
L0024153,INV-2025-011720,INV,,20250813,202508,100,7,803,15,AE,AED,3.6725,1,1100.0,0.1593,1100.0,175.23,924.77,858.0,66.77,1.0,,0,3396.22
L0023868,INV-2025-011608,INV,,20250813,202508,55,5,696,1,SA,SAR,3.75,1,2400.0,0.0227,2400.0,54.48,2345.52,1320.0,1025.52,1.0,,0,8795.7
L0023742,INV-2025-011533,INV,,20250813,202508,83,4,426,1,SA,SAR,3.75,2,2400.0,0.1093,4800.0,524.64,4275.36,2640.0,1635.36,1.0,,0,16032.6
L0023642,INV-2025-011492,INV,,20250814,202508,39,4,444,4,SA,SAR,3.75,1,9000.0,0.0911,9000.0,819.9,8180.1,4950.0,3230.1,1.0,,0,30675.38
L0023281,INV-2025-011302,INV,,20250814,202508,90,1,68,10,EG,EGP,49.8633,2,3000.0,0.1204,6000.0,722.4,5277.6,1800.0,3477.6,1.25,,0,263158.55
L0024181,INV-2025-011738,INV,,20250814,202508,74,8,915,1,OM,OMR,0.3845,1,2400.0,0.0389,2400.0,93.37,2306.63,1320.0,986.63,1.0,,0,886.9
L0023512,INV-2025-011434,INV,,20250815,202508,86,2,161,1,EG,EGP,49.8633,1,2400.0,0.0832,2400.0,199.68,2200.32,1320.0,880.32,1.0,,0,109715.22
L0023511,INV-2025-011434,INV,,20250815,202508,86,2,161,7,EG,EGP,49.8633,1,1200.0,0.1281,1200.0,153.72,1046.28,360.0,686.28,1.0,,0,52170.97
L0023502,INV-2025-011429,INV,,20250815,202508,86,2,112,7,EG,EGP,49.8633,1,1200.0,0.1027,1200.0,123.24,1076.76,360.0,716.76,1.0,,0,53690.81
L0024192,INV-2025-011744,INV,,20250815,202508,75,8,851,7,OM,OMR,0.3845,1,1200.0,0.0669,1200.0,80.29,1119.71,360.0,759.71,1.0,,0,430.53
L0024089,INV-2025-011689,INV,,20250815,202508,69,7,818,18,AE,AED,3.6725,1,800.0,0.2309,800.0,184.72,615.28,440.0,175.28,1.0,,0,2259.62
L0024142,INV-2025-011715,INV,,20250816,202508,97,7,810,17,AE,AED,3.6725,16,450.0,0.2508,7199.98,1805.76,5394.22,5400.0,-5.78,1.0,,0,19810.29
L0023659,INV-2025-011499,INV,,20250817,202508,40,4,437,12,SA,SAR,3.75,1,4800.0,0.1021,4800.0,490.08,4309.92,2160.0,2149.92,1.25,,0,16162.2
L0023455,INV-2025-011403,INV,,20250817,202508,28,2,160,1,EG,EGP,49.8633,1,2400.0,0.0487,2400.0,116.88,2283.12,1320.0,963.12,1.0,,0,113843.9
L0024144,INV-2025-011717,INV,,20250817,202508,97,7,799,12,AE,AED,3.6725,1,4800.0,0.2652,4800.0,1272.96,3527.04,2160.0,1367.04,1.25,,0,12953.05
L0023660,INV-2025-011499,INV,,20250817,202508,40,4,437,12,SA,SAR,3.75,4,4800.0,0.1346,19200.0,2584.32,16615.68,8640.0,7975.68,1.25,,0,62308.8
L0023454,INV-2025-011403,INV,,20250817,202508,28,2,160,12,EG,EGP,49.8633,1,4800.0,0.0,4800.0,0.0,4800.0,2160.0,2640.0,1.25,,0,239343.84
L0023600,INV-2025-011477,INV,,20250818,202508,95,3,352,17,EG,EGP,49.8633,3,450.0,0.2358,1350.0,318.33,1031.67,1012.5,19.17,1.0,,0,51442.46
L0023601,INV-2025-011477,INV,,20250818,202508,95,3,352,12,EG,EGP,49.8633,1,4800.0,0.1812,4800.0,869.76,3930.24,2160.0,1770.24,1.25,,0,195974.74
L0023433,INV-2025-011390,INV,,20250818,202508,26,2,313,10,EG,EGP,49.8633,1,3000.0,0.1005,3000.0,301.5,2698.5,900.0,1798.5,1.25,,0,134556.12
L0023631,INV-2025-011489,INV,,20250818,202508,39,4,424,5,SA,SAR,3.75,2,1800.0,0.1058,3600.0,380.88,3219.12,1440.0,1779.12,1.0,,0,12071.7
L0023723,INV-2025-011525,INV,,20250818,202508,78,4,384,5,SA,SAR,3.75,1,1800.0,0.1127,1800.0,202.86,1597.14,720.0,877.14,1.0,,0,5989.28
L0023891,INV-2025-011618,INV,,20250818,202508,56,6,710,7,AE,AED,3.6725,1,1200.0,0.1668,1200.0,200.16,999.84,360.0,639.84,1.0,,0,3671.91
L0023890,INV-2025-011618,INV,,20250818,202508,56,6,710,7,AE,AED,3.6725,1,1200.0,0.176,1200.0,211.2,988.8,360.0,628.8,1.0,,0,3631.37
L0023177,INV-2025-011265,INV,,20250819,202508,10,1,58,14,EG,EGP,49.8633,1,9600.0,0.1412,9600.0,1355.52,8244.48,4800.0,3444.48,1.25,,0,411096.98
L0023346,INV-2025-011341,INV,,20250819,202508,21,2,268,5,EG,EGP,49.8633,1,1800.0,0.0404,1800.0,72.72,1727.28,720.0,1007.28,1.0,,0,86127.88
L0023835,INV-2025-011590,INV,,20250819,202508,53,5,561,1,SA,SAR,3.75,1,2400.0,0.1126,2400.0,270.24,2129.76,1320.0,809.76,1.0,,0,7986.6
L0023834,INV-2025-011590,INV,,20250819,202508,53,5,561,17,SA,SAR,3.75,1,450.0,0.1039,450.0,46.75,403.25,337.5,65.75,1.0,,0,1512.17
L0023836,INV-2025-011590,INV,,20250819,202508,53,5,561,1,SA,SAR,3.75,2,2400.0,0.0826,4800.0,396.48,4403.52,2640.0,1763.52,1.0,,0,16513.2
L0023745,INV-2025-011534,INV,,20250820,202508,93,4,419,7,SA,SAR,3.75,1,1200.0,0.1266,1200.0,151.92,1048.08,360.0,688.08,1.0,,0,3930.3
L0023830,INV-2025-011587,INV,,20250821,202508,53,5,503,3,SA,SAR,3.75,1,3600.0,0.1159,3600.0,417.24,3182.76,1620.0,1562.76,1.0,,0,11935.35
L0023732,INV-2025-011528,INV,,20250821,202508,78,4,425,12,SA,SAR,3.75,1,4800.0,0.1039,4800.0,498.72,4301.28,2160.0,2141.28,1.25,,0,16129.8
L0023611,INV-2025-011481,INV,,20250821,202508,36,4,385,10,SA,SAR,3.75,1,3000.0,0.0619,3000.0,185.7,2814.3,900.0,1914.3,1.25,,0,10553.62
L0023733,INV-2025-011529,INV,,20250821,202508,78,4,399,19,SA,SAR,3.75,5,5500.0,0.112,27500.0,3080.0,24420.0,12375.0,12045.0,1.0,,0,91575.0
L0023610,INV-2025-011481,INV,,20250821,202508,36,4,385,5,SA,SAR,3.75,2,1800.0,0.089,3600.0,320.4,3279.6,1440.0,1839.6,1.0,,0,12298.5
L0023292,INV-2025-011309,INV,,20250822,202508,18,2,270,10,EG,EGP,49.8633,1,3000.0,0.0393,3000.0,117.9,2882.1,900.0,1982.1,1.25,,0,143711.02
L0023714,INV-2025-011522,INV,,20250822,202508,78,4,376,10,SA,SAR,3.75,1,3000.0,0.1311,3000.0,393.3,2606.7,900.0,1706.7,1.25,,0,9775.12
L0023330,INV-2025-011330,INV,,20250822,202508,19,2,212,8,EG,EGP,49.8633,1,1500.0,0.0448,1500.0,67.2,1432.8,1050.0,382.8,1.0,,0,71444.14
L0023711,INV-2025-011522,INV,,20250822,202508,78,4,376,7,SA,SAR,3.75,1,1200.0,0.1722,1200.0,206.64,993.36,360.0,633.36,1.0,,0,3725.1
L0023708,INV-2025-011520,INV,,20250823,202508,45,4,399,1,SA,SAR,3.75,1,2400.0,0.1652,2400.0,396.48,2003.52,1320.0,683.52,1.0,,0,7513.2
L0023573,INV-2025-011468,INV,,20250823,202508,35,3,373,7,EG,EGP,49.8633,3,1200.0,0.194,3600.0,698.4,2901.6,1080.0,1821.6,1.0,,0,144683.35
L0023917,INV-2025-011629,INV,,20250823,202508,58,6,719,10,AE,AED,3.6725,1,3000.0,0.1411,3000.0,423.3,2576.7,900.0,1676.7,1.25,,0,9462.93
L0031151,CN-2025-00236,CN,INV-2025-008802,20250823,202508,35,3,344,15,EG,EGP,49.8633,-2,1100.0,0.1975,-2200.0,-434.5,-1765.5,-1716.0,-49.5,1.0,137.0,0,-88033.66
L0023619,INV-2025-011485,INV,,20250823,202508,37,4,437,1,SA,SAR,3.75,1,2400.0,0.1237,2400.0,296.88,2103.12,1320.0,783.12,1.0,,0,7886.7
L0023815,INV-2025-011573,INV,,20250823,202508,51,5,689,17,SA,SAR,3.75,15,450.0,0.0382,6750.0,257.85,6492.15,5062.5,1429.65,1.0,,0,24345.56
L0023467,INV-2025-011410,INV,,20250823,202508,28,2,173,10,EG,EGP,49.8633,2,3000.0,0.0962,6000.0,577.2,5422.8,1800.0,3622.8,1.25,,0,270398.7
L0023852,INV-2025-011601,INV,,20250824,202508,55,5,510,10,SA,SAR,3.75,1,3000.0,0.016,3000.0,48.0,2952.0,900.0,2052.0,1.25,,0,11070.0
L0023779,INV-2025-011553,INV,,20250824,202508,47,5,531,12,SA,SAR,3.75,1,4800.0,0.1498,4800.0,719.04,4080.96,2160.0,1920.96,1.25,,0,15303.6
L0023347,INV-2025-011342,INV,,20250824,202508,21,2,101,15,EG,EGP,49.8633,2,1100.0,0.0288,2200.0,63.36,2136.64,1716.0,420.64,1.0,,0,106539.92
L0023587,INV-2025-011472,INV,,20250824,202508,35,3,338,12,EG,EGP,49.8633,1,4800.0,0.192,4800.0,921.6,3878.4,2160.0,1718.4,1.25,,0,193389.82
L0024032,INV-2025-011665,INV,,20250824,202508,91,6,726,20,AE,AED,3.6725,4,1500.0,0.0851,6000.0,510.6,5489.4,3000.0,2489.4,1.0,,0,20159.82
L0023499,INV-2025-011427,INV,,20250824,202508,9,2,75,5,EG,EGP,49.8633,1,1800.0,0.0566,1800.0,101.88,1698.12,720.0,978.12,1.0,,0,84673.87
L0024030,INV-2025-011665,INV,,20250824,202508,91,6,726,14,AE,AED,3.6725,1,9600.0,0.0515,9600.0,494.4,9105.6,4800.0,4305.6,1.25,,0,33440.32
L0024215,INV-2025-011756,INV,,20250824,202508,88,8,852,1,OM,OMR,0.3845,2,2400.0,0.0741,4800.0,355.68,4444.32,2640.0,1804.32,1.0,,0,1708.84
L0023202,INV-2025-011274,INV,,20250825,202508,12,1,62,15,EG,EGP,49.8633,1,1100.0,0.0665,1100.0,73.15,1026.85,858.0,168.85,1.0,,0,51202.13
L0023823,INV-2025-011581,INV,,20250825,202508,52,5,524,10,SA,SAR,3.75,1,3000.0,0.0524,3000.0,157.2,2842.8,900.0,1942.8,1.25,,0,10660.5
L0023911,INV-2025-011627,INV,,20250826,202508,56,6,726,17,AE,AED,3.6725,4,450.0,0.1938,1799.99,348.83,1451.16,1350.0,101.16,1.0,,0,5329.37
L0023412,INV-2025-011378,INV,,20250826,202508,25,2,151,7,EG,EGP,49.8633,1,1200.0,0.0346,1200.0,41.52,1158.48,360.0,798.48,1.0,,0,57765.64
L0023303,INV-2025-011315,INV,,20250826,202508,18,2,187,15,EG,EGP,49.8633,2,1100.0,0.0344,2200.0,75.68,2124.32,1716.0,408.32,1.0,,0,105925.61
L0023930,INV-2025-011632,INV,,20250827,202508,59,6,706,12,AE,AED,3.6725,1,4800.0,0.1618,4800.0,776.64,4023.36,2160.0,1863.36,1.25,,0,14775.79
L0023808,INV-2025-011568,INV,,20250827,202508,50,5,643,1,SA,SAR,3.75,1,2400.0,0.0768,2400.0,184.32,2215.68,1320.0,895.68,1.0,,0,8308.8
L0024074,INV-2025-011682,INV,,20250827,202508,65,7,782,1,AE,AED,3.6725,1,2400.0,0.192,2400.0,460.8,1939.2,1320.0,619.2,1.0,,0,7121.71
L0023897,INV-2025-011620,INV,,20250827,202508,56,6,768,12,AE,AED,3.6725,1,4800.0,0.1566,4800.0,751.68,4048.32,2160.0,1888.32,1.25,,0,14867.46
L0023801,INV-2025-011565,INV,,20250827,202508,50,5,639,7,SA,SAR,3.75,1,1200.0,0.0674,1200.0,80.88,1119.12,360.0,759.12,1.0,,0,4196.7
L0023914,INV-2025-011628,INV,,20250827,202508,58,6,755,4,AE,AED,3.6725,2,9000.0,0.1412,18000.0,2541.6,15458.4,9900.0,5558.4,1.0,,0,56770.97
L0024239,INV-2025-011770,INV,,20250827,202508,92,8,840,17,OM,OMR,0.3845,1,449.99,0.1235,449.99,55.58,394.41,337.5,56.91,1.0,,0,151.65
L0023524,INV-2025-011443,INV,,20250827,202508,87,2,117,3,EG,EGP,49.8633,1,3600.0,0.066,3600.0,237.6,3362.4,1620.0,1742.4,1.0,,0,167660.36
L0023285,INV-2025-011305,INV,,20250827,202508,18,2,221,1,EG,EGP,49.8633,1,2400.0,0.0,2400.0,0.0,2400.0,1320.0,1080.0,1.0,,0,119671.92
L0023809,INV-2025-011568,INV,,20250827,202508,50,5,643,8,SA,SAR,3.75,2,1500.0,0.0786,3000.0,235.8,2764.2,2100.0,664.2,1.0,,0,10365.75
L0023803,INV-2025-011565,INV,,20250827,202508,50,5,639,1,SA,SAR,3.75,1,2400.0,0.0748,2400.0,179.52,2220.48,1320.0,900.48,1.0,,0,8326.8
L0023965,INV-2025-011646,INV,,20250827,202508,64,6,709,12,AE,AED,3.6725,1,4800.0,0.1017,4800.0,488.16,4311.84,2160.0,2151.84,1.25,,0,15835.23
L0024161,INV-2025-011727,INV,,20250827,202508,73,8,852,7,OM,OMR,0.3845,5,1200.0,0.0249,6000.0,149.39,5850.61,1800.0,4050.61,1.0,,0,2249.56
L0024076,INV-2025-011682,INV,,20250827,202508,65,7,782,17,AE,AED,3.6725,18,450.0,0.185,8099.98,1498.5,6601.48,6075.0,526.48,1.0,,0,24243.94
L0023926,INV-2025-011631,INV,,20250827,202508,58,6,745,1,AE,AED,3.6725,1,2400.0,0.1007,2400.0,241.68,2158.32,1320.0,838.32,1.0,,0,7926.43
L0023592,INV-2025-011474,INV,,20250827,202508,95,3,365,12,EG,EGP,49.8633,1,4800.0,0.1657,4800.0,795.36,4004.64,2160.0,1844.64,1.25,,0,199684.57
L0023945,INV-2025-011639,INV,,20250828,202508,59,6,734,3,AE,AED,3.6725,1,3600.0,0.1771,3600.0,637.56,2962.44,1620.0,1342.44,1.0,,0,10879.56
L0023581,INV-2025-011471,INV,,20250828,202508,35,3,348,16,EG,EGP,49.8633,3,2200.0,0.1681,6600.0,1109.46,5490.54,5280.0,210.54,1.0,,0,273776.44
L0023231,INV-2025-011285,INV,,20250828,202508,14,1,4,12,EG,EGP,49.8633,1,4800.0,0.1395,4800.0,669.6,4130.4,2160.0,1970.4,1.25,,0,205955.37
L0024009,INV-2025-011660,INV,,20250828,202508,80,6,745,10,AE,AED,3.6725,1,3000.0,0.0755,3000.0,226.5,2773.5,900.0,1873.5,1.25,,0,10185.68
L0023787,INV-2025-011557,INV,,20250828,202508,48,5,546,1,SA,SAR,3.75,1,2400.0,0.0,2400.0,0.0,2400.0,1320.0,1080.0,1.0,,0,9000.0
L0023702,INV-2025-011518,INV,,20250828,202508,45,4,400,1,SA,SAR,3.75,1,2400.0,0.1144,2400.0,274.56,2125.44,1320.0,805.44,1.0,,0,7970.4
L0023672,INV-2025-011505,INV,,20250828,202508,41,4,381,7,SA,SAR,3.75,1,1200.0,0.0529,1200.0,63.48,1136.52,360.0,776.52,1.0,,0,4261.95
L0023756,INV-2025-011538,INV,,20250828,202508,93,4,387,12,SA,SAR,3.75,1,4800.0,0.0859,4800.0,412.32,4387.68,2160.0,2227.68,1.25,,0,16453.8
L0023312,INV-2025-011320,INV,,20250829,202508,18,2,144,7,EG,EGP,49.8633,1,1200.0,0.037,1200.0,44.4,1155.6,360.0,795.6,1.0,,1,57622.03
L0024071,INV-2025-011680,INV,,20250829,202508,65,7,808,8,AE,AED,3.6725,2,1500.0,0.2247,3000.0,674.1,2325.9,2100.0,225.9,1.0,,1,8541.87
L0024013,INV-2025-011661,INV,,20250829,202508,91,6,734,5,AE,AED,3.6725,3,1800.0,0.0732,5400.0,395.28,5004.72,2160.0,2844.72,1.0,,1,18379.83
L0024070,INV-2025-011680,INV,,20250829,202508,65,7,808,5,AE,AED,3.6725,2,1800.0,0.2021,3600.0,727.56,2872.44,1440.0,1432.44,1.0,,1,10549.04
L0024014,INV-2025-011661,INV,,20250829,202508,91,6,734,19,AE,AED,3.6725,3,5500.0,0.1061,16500.0,1750.65,14749.35,7425.0,7324.35,1.0,,1,54166.99
L0023545,INV-2025-011455,INV,,20250829,202508,33,3,375,5,EG,EGP,49.8633,5,1800.0,0.1973,9000.0,1775.7,7224.3,3600.0,3624.3,1.0,,1,360227.44
L0023738,INV-2025-011531,INV,,20250829,202508,83,4,398,9,SA,SAR,3.75,3,6000.0,0.1159,18000.0,2086.2,15913.8,6300.0,9613.8,1.25,,1,59676.75
L0024168,INV-2025-011730,INV,,20250829,202508,73,8,893,1,OM,OMR,0.3845,1,2400.0,0.0423,2400.0,101.51,2298.49,1320.0,978.49,1.0,,1,883.77
L0023681,INV-2025-011509,INV,,20250829,202508,42,4,379,5,SA,SAR,3.75,7,1800.0,0.109,12600.0,1373.4,11226.6,5040.0,6186.6,1.0,,1,42099.75
L0023907,INV-2025-011626,INV,,20250829,202508,56,6,735,10,AE,AED,3.6725,2,3000.0,0.197,6000.0,1182.0,4818.0,1800.0,3018.0,1.25,,1,17694.1
L0023220,INV-2025-011281,INV,,20250829,202508,14,1,55,19,EG,EGP,49.8633,4,5500.0,0.1672,22000.0,3678.4,18321.6,9900.0,8421.6,1.0,,1,913575.44
L0023576,INV-2025-011469,INV,,20250830,202508,35,3,375,18,EG,EGP,49.8633,1,800.0,0.2223,800.0,177.84,622.16,440.0,182.16,1.0,,1,31022.95
L0024199,INV-2025-011748,INV,,20250830,202508,82,8,859,5,OM,OMR,0.3845,1,1800.0,0.047,1800.0,84.6,1715.4,720.0,995.4,1.0,,1,659.57
L0023371,INV-2025-011355,INV,,20250830,202508,24,2,162,7,EG,EGP,49.8633,1,1200.0,0.13,1200.0,156.0,1044.0,360.0,684.0,1.0,,1,52057.29
L0023431,INV-2025-011388,INV,,20250830,202508,26,2,111,1,EG,EGP,49.8633,1,2400.0,0.1439,2400.0,345.36,2054.64,1320.0,734.64,1.0,,1,102451.13
L0023761,INV-2025-011541,INV,,20250830,202508,46,5,450,18,SA,SAR,3.75,1,800.0,0.0796,800.0,63.68,736.32,440.0,296.32,1.0,,1,2761.2
L0023760,INV-2025-011541,INV,,20250830,202508,46,5,450,1,SA,SAR,3.75,1,2400.0,0.0655,2400.0,157.2,2242.8,1320.0,922.8,1.0,,1,8410.5
L0023171,INV-2025-011263,INV,,20250830,202508,10,1,9,12,EG,EGP,49.8633,1,4800.0,0.1403,4800.0,673.44,4126.56,2160.0,1966.56,1.25,,1,205763.9
L0023769,INV-2025-011546,INV,,20250830,202508,46,5,692,7,SA,SAR,3.75,4,1200.0,0.0702,4800.0,336.96,4463.04,1440.0,3023.04,1.0,,1,16736.4
L0023676,INV-2025-011507,INV,,20250830,202508,41,4,418,12,SA,SAR,3.75,2,4800.0,0.0235,9600.0,225.6,9374.4,4320.0,5054.4,1.25,,1,35154.0
L0023240,INV-2025-011288,INV,,20250831,202508,16,1,54,10,EG,EGP,49.8633,1,3000.0,0.0614,3000.0,184.2,2815.8,900.0,1915.8,1.25,,1,140405.08
L0024022,INV-2025-011663,INV,,20250831,202508,91,6,737,18,AE,AED,3.6725,1,800.0,0.0847,800.0,67.76,732.24,440.0,292.24,1.0,,1,2689.15
L0023542,INV-2025-011453,INV,,20250831,202508,32,3,335,15,EG,EGP,49.8633,10,1100.0,0.2456,11000.0,2701.6,8298.4,8580.0,-281.6,1.0,,1,413785.61
L0024083,INV-2025-011687,INV,,20250831,202508,68,7,814,10,AE,AED,3.6725,1,3000.0,0.2776,3000.0,832.8,2167.2,900.0,1267.2,1.25,,1,7959.04
L0023453,INV-2025-011402,INV,,20250831,202508,27,2,150,17,EG,EGP,49.8633,2,450.0,0.0228,900.0,20.52,879.48,675.0,204.48,1.0,,1,43853.77
L0023290,INV-2025-011308,INV,,20250831,202508,18,2,200,1,EG,EGP,49.8633,1,2400.0,0.0779,2400.0,186.96,2213.04,1320.0,893.04,1.0,,1,110349.48
L0023871,INV-2025-011610,INV,,20250831,202508,55,5,446,18,SA,SAR,3.75,2,800.0,0.0509,1600.0,81.44,1518.56,880.0,638.56,1.0,,1,5694.6
L0024026,INV-2025-011664,INV,,20250831,202508,91,6,764,9,AE,AED,3.6725,1,6000.0,0.0663,6000.0,397.8,5602.2,2100.0,3502.2,1.25,,1,20574.08
L0023837,INV-2025-011591,INV,,20250831,202508,53,5,463,7,SA,SAR,3.75,6,1200.0,0.0832,7200.0,599.04,6600.96,2160.0,4440.96,1.0,,1,24753.6
L0024633,INV-2025-011957,INV,,20250901,202509,27,2,275,7,EG,EGP,50.0616,1,1200.0,0.0468,1200.0,56.16,1143.84,360.0,783.84,1.0,,0,57262.46
L0025244,INV-2025-012231,INV,,20250901,202509,52,5,456,10,SA,SAR,3.75,1,3000.0,0.0749,3000.0,224.7,2775.3,900.0,1875.3,1.25,,0,10407.38
L0025002,INV-2025-012119,INV,,20250901,202509,45,4,420,17,SA,SAR,3.75,3,450.0,0.1107,1350.0,149.45,1200.55,1012.5,188.05,1.0,,0,4502.08
L0025242,INV-2025-012231,INV,,20250901,202509,52,5,456,15,SA,SAR,3.75,3,1100.0,0.0437,3300.0,144.21,3155.79,2574.0,581.79,1.0,,0,11834.21
L0024369,INV-2025-011821,INV,,20250901,202509,16,1,50,1,EG,EGP,50.0616,1,2400.0,0.0891,2400.0,213.84,2186.16,1320.0,866.16,1.0,,0,109442.67
L0024387,INV-2025-011826,INV,,20250901,202509,17,1,36,12,EG,EGP,50.0616,1,4800.0,0.112,4800.0,537.6,4262.4,2160.0,2102.4,1.25,,0,213382.56
L0031270,CN-2025-00302,CN,INV-2025-011521,20250901,202509,78,4,406,17,SA,SAR,3.75,-1,450.0,0.1411,-450.0,-63.5,-386.5,-337.5,-49.0,1.0,13.0,0,-1449.39
L0025255,INV-2025-012238,INV,,20250901,202509,53,5,531,18,SA,SAR,3.75,1,800.0,0.1103,800.0,88.24,711.76,440.0,271.76,1.0,,0,2669.1
L0025113,INV-2025-012166,INV,,20250901,202509,48,5,611,7,SA,SAR,3.75,4,1200.0,0.0,4800.0,0.0,4800.0,1440.0,3360.0,1.0,,0,18000.0
L0024814,INV-2025-012049,INV,,20250901,202509,33,3,332,3,EG,EGP,50.0616,1,3600.0,0.1804,3600.0,649.44,2950.56,1620.0,1330.56,1.0,,0,147709.75
L0031184,CN-2025-00252,CN,INV-2025-009479,20250901,202509,34,3,375,7,EG,EGP,50.0616,-1,1200.0,0.2016,-1200.0,-241.92,-958.08,-360.0,-598.08,1.0,94.0,0,-47963.02
L0025001,INV-2025-012119,INV,,20250901,202509,45,4,420,10,SA,SAR,3.75,3,3000.0,0.0857,9000.0,771.3,8228.7,2700.0,5528.7,1.25,,0,30857.62
L0024371,INV-2025-011821,INV,,20250901,202509,16,1,50,7,EG,EGP,50.0616,1,1200.0,0.1114,1200.0,133.68,1066.32,360.0,706.32,1.0,,0,53381.69
L0025285,INV-2025-012257,INV,,20250901,202509,54,5,491,7,SA,SAR,3.75,4,1200.0,0.0379,4800.0,181.92,4618.08,1440.0,3178.08,1.0,,0,17317.8
L0025114,INV-2025-012166,INV,,20250901,202509,48,5,611,7,SA,SAR,3.75,1,1200.0,0.0,1200.0,0.0,1200.0,360.0,840.0,1.0,,0,4500.0
L0025612,INV-2025-012399,INV,,20250901,202509,97,7,782,6,AE,AED,3.6725,1,7500.0,0.2079,7500.0,1559.25,5940.75,2850.0,3090.75,1.0,,0,21817.4
L0024868,INV-2025-012071,INV,,20250902,202509,95,3,357,7,EG,EGP,50.0616,1,1200.0,0.1916,1200.0,229.92,970.08,360.0,610.08,1.0,,0,48563.76
L0024813,INV-2025-012048,INV,,20250902,202509,33,3,370,16,EG,EGP,50.0616,3,2200.0,0.1623,6600.0,1071.18,5528.82,5280.0,248.82,1.0,,0,276781.58
L0025824,INV-2025-012517,INV,,20250903,202509,98,8,905,17,OM,OMR,0.3845,1,449.99,0.0172,449.99,7.75,442.24,337.5,104.74,1.0,,0,170.04
L0024669,INV-2025-011976,INV,,20250903,202509,9,2,328,7,EG,EGP,50.0616,2,1200.0,0.0345,2400.0,82.8,2317.2,720.0,1597.2,1.0,,0,116002.74
L0024670,INV-2025-011976,INV,,20250903,202509,9,2,328,1,EG,EGP,50.0616,1,2400.0,0.0364,2400.0,87.36,2312.64,1320.0,992.64,1.0,,0,115774.46
L0025390,INV-2025-012305,INV,,20250903,202509,62,6,773,10,AE,AED,3.6725,3,3000.0,0.0819,9000.0,737.1,8262.9,2700.0,5562.9,1.25,,0,30345.5
L0025391,INV-2025-012305,INV,,20250903,202509,62,6,773,9,AE,AED,3.6725,1,6000.0,0.1135,6000.0,681.0,5319.0,2100.0,3219.0,1.25,,0,19534.03
L0024330,INV-2025-011807,INV,,20250903,202509,14,1,65,12,EG,EGP,50.0616,1,4800.0,0.133,4800.0,638.4,4161.6,2160.0,2001.6,1.25,,0,208336.35
L0025606,INV-2025-012397,INV,,20250903,202509,97,7,809,3,AE,AED,3.6725,2,3600.0,0.2528,7200.0,1820.16,5379.84,3240.0,2139.84,1.0,,0,19757.46
L0024661,INV-2025-011971,INV,,20250904,202509,85,2,185,7,EG,EGP,50.0616,1,1200.0,0.064,1200.0,76.8,1123.2,360.0,763.2,1.0,,0,56229.19
L0024272,INV-2025-011785,INV,,20250904,202509,11,1,5,12,EG,EGP,50.0616,2,4800.0,0.0955,9600.0,916.8,8683.2,4320.0,4363.2,1.25,,0,434694.89
L0024374,INV-2025-011822,INV,,20250904,202509,16,1,23,1,EG,EGP,50.0616,2,2400.0,0.0758,4800.0,363.84,4436.16,2640.0,1796.16,1.0,,0,222081.27
L0024960,INV-2025-012106,INV,,20250905,202509,41,4,432,15,SA,SAR,3.75,10,1100.0,0.0377,11000.0,414.7,10585.3,8580.0,2005.3,1.0,,0,39694.88
L0025233,INV-2025-012226,INV,,20250905,202509,52,5,693,1,SA,SAR,3.75,1,2400.0,0.0645,2400.0,154.8,2245.2,1320.0,925.2,1.0,,0,8419.5
L0025075,INV-2025-012146,INV,,20250905,202509,46,5,639,3,SA,SAR,3.75,1,3600.0,0.0559,3600.0,201.24,3398.76,1620.0,1778.76,1.0,,0,12745.35
L0024959,INV-2025-012106,INV,,20250905,202509,41,4,432,20,SA,SAR,3.75,3,1500.0,0.0687,4500.0,309.15,4190.85,2250.0,1940.85,1.0,,0,15715.69
L0025600,INV-2025-012394,INV,,20250905,202509,94,7,820,12,AE,AED,3.6725,1,4800.0,0.1977,4800.0,948.96,3851.04,2160.0,1691.04,1.25,,0,14142.94
L0024584,INV-2025-011926,INV,,20250906,202509,25,2,119,17,EG,EGP,50.0616,1,450.0,0.0,450.0,0.0,450.0,337.5,112.5,1.0,,0,22527.72
L0025070,INV-2025-012143,INV,,20250906,202509,46,5,623,10,SA,SAR,3.75,1,3000.0,0.0837,3000.0,251.1,2748.9,900.0,1848.9,1.25,,0,10308.38
L0025270,INV-2025-012247,INV,,20250906,202509,53,5,551,7,SA,SAR,3.75,3,1200.0,0.0856,3600.0,308.16,3291.84,1080.0,2211.84,1.0,,0,12344.4
L0025421,INV-2025-012319,INV,,20250906,202509,63,6,717,10,AE,AED,3.6725,1,3000.0,0.0666,3000.0,199.8,2800.2,900.0,1900.2,1.25,,0,10283.73
L0025068,INV-2025-012143,INV,,20250906,202509,46,5,623,17,SA,SAR,3.75,1,450.0,0.1,450.0,45.0,405.0,337.5,67.5,1.0,,0,1518.75
L0025827,INV-2025-012518,INV,,20250907,202509,98,8,840,7,OM,OMR,0.3845,4,1200.0,0.0423,4800.0,203.04,4596.96,1440.0,3156.96,1.0,,0,1767.53
L0024346,INV-2025-011812,INV,,20250907,202509,15,1,18,4,EG,EGP,50.0616,1,9000.0,0.1203,9000.0,1082.7,7917.3,4950.0,2967.3,1.0,,0,396352.71
L0024436,INV-2025-011843,INV,,20250907,202509,18,2,207,7,EG,EGP,50.0616,1,1200.0,0.0573,1200.0,68.76,1131.24,360.0,771.24,1.0,,0,56631.68
L0025789,INV-2025-012498,INV,,20250907,202509,92,8,922,17,OM,OMR,0.3845,14,449.99,0.0848,6299.82,534.23,5765.59,4725.0,1040.59,1.0,,0,2216.87
L0024435,INV-2025-011843,INV,,20250907,202509,18,2,207,1,EG,EGP,50.0616,1,2400.0,0.0563,2400.0,135.12,2264.88,1320.0,944.88,1.0,,0,113383.52
L0024823,INV-2025-012052,INV,,20250907,202509,34,3,341,18,EG,EGP,50.0616,7,800.0,0.1948,5600.0,1090.88,4509.12,3080.0,1429.12,1.0,,0,225733.76
L0025097,INV-2025-012157,INV,,20250908,202509,47,5,456,1,SA,SAR,3.75,2,2400.0,0.0858,4800.0,411.84,4388.16,2640.0,1748.16,1.0,,0,16455.6
L0025820,INV-2025-012515,INV,,20250908,202509,92,8,893,7,OM,OMR,0.3845,1,1200.0,0.0608,1200.0,72.95,1127.05,360.0,767.05,1.0,,0,433.35
L0024955,INV-2025-012104,INV,,20250908,202509,40,4,410,3,SA,SAR,3.75,2,3600.0,0.0894,7200.0,643.68,6556.32,3240.0,3316.32,1.0,,0,24586.2
L0031241,CN-2025-00288,CN,INV-2025-011160,20250908,202509,94,7,803,7,AE,AED,3.6725,-1,1200.0,0.199,-1200.0,-238.8,-961.2,-360.0,-601.2,1.0,53.0,0,-3530.01
L0025361,INV-2025-012296,INV,,20250908,202509,59,6,769,8,AE,AED,3.6725,2,1500.0,0.1751,3000.0,525.3,2474.7,2100.0,374.7,1.0,,0,9088.34
L0024481,INV-2025-011866,INV,,20250908,202509,19,2,239,17,EG,EGP,50.0616,3,450.0,0.0326,1350.0,44.01,1305.99,1012.5,293.49,1.0,,0,65379.95
L0024818,INV-2025-012050,INV,,20250908,202509,33,3,351,17,EG,EGP,50.0616,1,450.0,0.2031,450.0,91.4,358.6,337.5,21.1,1.0,,0,17952.34
L0025547,INV-2025-012371,INV,,20250908,202509,71,7,810,7,AE,AED,3.6725,1,1200.0,0.224,1200.0,268.8,931.2,360.0,571.2,1.0,,0,3419.83
L0025178,INV-2025-012195,INV,,20250908,202509,50,5,678,10,SA,SAR,3.75,1,3000.0,0.0885,3000.0,265.5,2734.5,900.0,1834.5,1.25,,0,10254.38
L0025182,INV-2025-012198,INV,,20250908,202509,51,5,475,5,SA,SAR,3.75,1,1800.0,0.0527,1800.0,94.86,1705.14,720.0,985.14,1.0,,0,6394.28
L0025267,INV-2025-012245,INV,,20250909,202509,53,5,561,17,SA,SAR,3.75,5,450.0,0.0646,2250.0,145.35,2104.65,1687.5,417.15,1.0,,0,7892.44
L0024806,INV-2025-012045,INV,,20250909,202509,33,3,361,15,EG,EGP,50.0616,1,1100.0,0.1763,1100.0,193.93,906.07,858.0,48.07,1.0,,0,45359.31
L0025746,INV-2025-012470,INV,,20250909,202509,82,8,847,17,OM,OMR,0.3845,3,449.99,0.0,1349.96,0.0,1349.96,1012.5,337.46,1.0,,0,519.06
L0024363,INV-2025-011819,INV,,20250910,202509,16,1,64,17,EG,EGP,50.0616,1,450.0,0.0901,450.0,40.55,409.45,337.5,71.95,1.0,,0,20497.97
L0024366,INV-2025-011819,INV,,20250910,202509,16,1,64,1,EG,EGP,50.0616,1,2400.0,0.0945,2400.0,226.8,2173.2,1320.0,853.2,1.0,,0,108793.87
L0025124,INV-2025-012172,INV,,20250910,202509,48,5,554,8,SA,SAR,3.75,3,1500.0,0.0,4500.0,0.0,4500.0,3150.0,1350.0,1.0,,0,16875.0
L0024367,INV-2025-011819,INV,,20250910,202509,16,1,64,18,EG,EGP,50.0616,1,800.0,0.1033,800.0,82.64,717.36,440.0,277.36,1.0,,0,35912.19
L0024732,INV-2025-012012,INV,,20250910,202509,87,2,289,5,EG,EGP,50.0616,2,1800.0,0.0791,3600.0,284.76,3315.24,1440.0,1875.24,1.0,,0,165966.22
L0025129,INV-2025-012174,INV,,20250910,202509,48,5,519,10,SA,SAR,3.75,1,3000.0,0.0302,3000.0,90.6,2909.4,900.0,2009.4,1.25,,0,10910.25
L0024565,INV-2025-011917,INV,,20250910,202509,25,2,87,12,EG,EGP,50.0616,1,4800.0,0.0621,4800.0,298.08,4501.92,2160.0,2341.92,1.25,,0,225373.32
L0025119,INV-2025-012170,INV,,20250910,202509,48,5,596,3,SA,SAR,3.75,1,3600.0,0.0,3600.0,0.0,3600.0,1620.0,1980.0,1.0,,0,13500.0
L0025813,INV-2025-012512,INV,,20250911,202509,92,8,832,1,OM,OMR,0.3845,1,2400.0,0.0913,2400.0,219.12,2180.88,1320.0,860.88,1.0,,0,838.55
L0024577,INV-2025-011923,INV,,20250911,202509,25,2,200,7,EG,EGP,50.0616,1,1200.0,0.0,1200.0,0.0,1200.0,360.0,840.0,1.0,,0,60073.92
L0024483,INV-2025-011867,INV,,20250911,202509,19,2,230,7,EG,EGP,50.0616,1,1200.0,0.0339,1200.0,40.68,1159.32,360.0,799.32,1.0,,0,58037.41
L0025311,INV-2025-012274,INV,,20250911,202509,84,5,649,7,SA,SAR,3.75,1,1200.0,0.0278,1200.0,33.36,1166.64,360.0,806.64,1.0,,0,4374.9
L0025350,INV-2025-012292,INV,,20250912,202509,58,6,748,6,AE,AED,3.6725,1,7500.0,0.1263,7500.0,947.25,6552.75,2850.0,3702.75,1.0,,0,24064.97
L0025432,INV-2025-012322,INV,,20250912,202509,64,6,774,7,AE,AED,3.6725,2,1200.0,0.1364,2400.0,327.36,2072.64,720.0,1352.64,1.0,,0,7611.77
L0024355,INV-2025-011814,INV,,20250912,202509,15,1,62,5,EG,EGP,50.0616,1,1800.0,0.1408,1800.0,253.44,1546.56,720.0,826.56,1.0,,0,77423.27
L0024532,INV-2025-011895,INV,,20250912,202509,23,2,315,10,EG,EGP,50.0616,1,3000.0,0.1289,3000.0,386.7,2613.3,900.0,1713.3,1.25,,0,130825.98
L0025706,INV-2025-012447,INV,,20250912,202509,75,8,870,5,OM,OMR,0.3845,1,1800.0,0.0301,1800.0,54.17,1745.83,720.0,1025.83,1.0,,0,671.27
L0025353,INV-2025-012292,INV,,20250912,202509,58,6,748,1,AE,AED,3.6725,1,2400.0,0.1006,2400.0,241.44,2158.56,1320.0,838.56,1.0,,0,7927.31
L0024611,INV-2025-011941,INV,,20250912,202509,26,2,279,5,EG,EGP,50.0616,2,1800.0,0.0797,3600.0,286.92,3313.08,1440.0,1873.08,1.0,,0,165858.09
L0025510,INV-2025-012352,INV,,20250912,202509,68,7,792,15,AE,AED,3.6725,1,1100.0,0.2586,1100.0,284.46,815.54,858.0,-42.46,1.0,,0,2995.07
L0025020,INV-2025-012126,INV,,20250913,202509,78,4,445,7,SA,SAR,3.75,1,1200.0,0.1316,1200.0,157.92,1042.08,360.0,682.08,1.0,,0,3907.8
L0024651,INV-2025-011966,INV,,20250913,202509,85,2,123,1,EG,EGP,50.0616,2,2400.0,0.0789,4800.0,378.72,4421.28,2640.0,1781.28,1.0,,0,221336.35
L0025476,INV-2025-012338,INV,,20250913,202509,96,6,769,1,AE,AED,3.6725,1,2400.0,0.1325,2400.0,318.0,2082.0,1320.0,762.0,1.0,,0,7646.14
L0024966,INV-2025-012108,INV,,20250913,202509,41,4,378,5,SA,SAR,3.75,3,1800.0,0.0734,5400.0,396.36,5003.64,2160.0,2843.64,1.0,,0,18763.65
L0024316,INV-2025-011803,INV,,20250913,202509,14,1,60,1,EG,EGP,50.0616,1,2400.0,0.1364,2400.0,327.36,2072.64,1320.0,752.64,1.0,,0,103759.67
L0024967,INV-2025-012108,INV,,20250913,202509,41,4,378,3,SA,SAR,3.75,1,3600.0,0.0472,3600.0,169.92,3430.08,1620.0,1810.08,1.0,,0,12862.8
L0024467,INV-2025-011859,INV,,20250913,202509,19,2,75,18,EG,EGP,50.0616,1,800.0,0.0357,800.0,28.56,771.44,440.0,331.44,1.0,,0,38619.52
L0025475,INV-2025-012338,INV,,20250913,202509,96,6,769,10,AE,AED,3.6725,1,3000.0,0.1702,3000.0,510.6,2489.4,900.0,1589.4,1.25,,0,9142.32
L0024560,INV-2025-011915,INV,,20250913,202509,25,2,247,5,EG,EGP,50.0616,2,1800.0,0.0466,3600.0,167.76,3432.24,1440.0,1992.24,1.0,,0,171823.43
L0024341,INV-2025-011811,INV,,20250913,202509,15,1,68,3,EG,EGP,50.0616,2,3600.0,0.1097,7200.0,789.84,6410.16,3240.0,3170.16,1.0,,0,320902.87
L0025807,INV-2025-012508,INV,,20250914,202509,92,8,896,1,OM,OMR,0.3845,1,2400.0,0.1072,2400.0,257.27,2142.73,1320.0,822.73,1.0,,0,823.88
L0024883,INV-2025-012078,INV,,20250914,202509,101,3,360,17,EG,EGP,50.0616,4,450.0,0.1941,1800.0,349.38,1450.62,1350.0,100.62,1.0,,0,72620.36
L0025219,INV-2025-012217,INV,,20250914,202509,52,5,516,8,SA,SAR,3.75,4,1500.0,0.0177,6000.0,106.2,5893.8,4200.0,1693.8,1.0,,0,22101.75
L0025636,INV-2025-012409,INV,,20250914,202509,100,7,812,10,AE,AED,3.6725,2,3000.0,0.1859,6000.0,1115.4,4884.6,1800.0,3084.6,1.25,,0,17938.69
L0024906,INV-2025-012087,INV,,20250914,202509,37,4,426,12,SA,SAR,3.75,4,4800.0,0.1753,19200.0,3365.76,15834.24,8640.0,7194.24,1.25,,0,59378.4
L0024849,INV-2025-012063,INV,,20250914,202509,95,3,354,17,EG,EGP,50.0616,9,450.0,0.2091,4050.0,846.86,3203.14,3037.5,165.64,1.0,,0,160354.56
L0024884,INV-2025-012078,INV,,20250914,202509,101,3,360,20,EG,EGP,50.0616,2,1500.0,0.2595,3000.0,778.5,2221.5,1500.0,721.5,1.0,,0,111211.84
L0025735,INV-2025-012464,INV,,20250915,202509,82,8,947,8,OM,OMR,0.3845,2,1500.0,0.0539,3000.0,161.69,2838.31,2100.0,738.31,1.0,,0,1091.33
L0024574,INV-2025-011922,INV,,20250915,202509,25,2,219,8,EG,EGP,50.0616,1,1500.0,0.0464,1500.0,69.6,1430.4,1050.0,380.4,1.0,,0,71608.11
L0024335,INV-2025-011810,INV,,20250915,202509,15,1,64,12,EG,EGP,50.0616,1,4800.0,0.1054,4800.0,505.92,4294.08,2160.0,2134.08,1.25,,0,214968.52
L0024617,INV-2025-011946,INV,,20250915,202509,27,2,304,1,EG,EGP,50.0616,1,2400.0,0.0218,2400.0,52.32,2347.68,1320.0,1027.68,1.0,,0,117528.62
L0025388,INV-2025-012304,INV,,20250915,202509,62,6,773,18,AE,AED,3.6725,5,800.0,0.0971,4000.0,388.4,3611.6,2200.0,1411.6,1.0,,0,13263.6
L0024368,INV-2025-011820,INV,,20250915,202509,16,1,46,19,EG,EGP,50.0616,1,5500.0,0.108,5500.0,594.0,4906.0,2475.0,2431.0,1.0,,0,245602.21
L0024848,INV-2025-012062,INV,,20250915,202509,35,3,342,7,EG,EGP,50.0616,1,1200.0,0.2175,1200.0,261.0,939.0,360.0,579.0,1.0,,0,47007.84
L0025786,INV-2025-012496,INV,,20250915,202509,89,8,965,10,OM,OMR,0.3845,1,3000.0,0.0639,3000.0,191.7,2808.3,900.0,1908.3,1.25,,0,1079.79
L0025575,INV-2025-012382,INV,,20250915,202509,79,7,800,8,AE,AED,3.6725,2,1500.0,0.196,3000.0,588.0,2412.0,2100.0,312.0,1.0,,0,8858.07
L0025051,INV-2025-012135,INV,,20250915,202509,83,4,445,16,SA,SAR,3.75,6,2200.0,0.1055,13200.0,1392.6,11807.4,10560.0,1247.4,1.0,,0,44277.75
L0025567,INV-2025-012379,INV,,20250915,202509,71,7,777,10,AE,AED,3.6725,1,3000.0,0.1573,3000.0,471.9,2528.1,900.0,1628.1,1.25,,0,9284.45
L0025042,INV-2025-012132,INV,,20250916,202509,83,4,395,1,SA,SAR,3.75,2,2400.0,0.0834,4800.0,400.32,4399.68,2640.0,1759.68,1.0,,0,16498.8
L0025010,INV-2025-012123,INV,,20250916,202509,78,4,429,10,SA,SAR,3.75,1,3000.0,0.137,3000.0,411.0,2589.0,900.0,1689.0,1.25,,0,9708.75
L0025526,INV-2025-012359,INV,,20250916,202509,69,7,790,5,AE,AED,3.6725,9,1800.0,0.2365,16200.0,3831.3,12368.7,6480.0,5888.7,1.0,,0,45424.05
L0025792,INV-2025-012499,INV,,20250916,202509,92,8,949,7,OM,OMR,0.3845,1,1200.0,0.1158,1200.0,138.96,1061.04,360.0,701.04,1.0,,0,407.97
L0024422,INV-2025-011839,INV,,20250916,202509,90,1,61,5,EG,EGP,50.0616,1,1800.0,0.1194,1800.0,214.92,1585.08,720.0,865.08,1.0,,0,79351.64
L0025012,INV-2025-012123,INV,,20250916,202509,78,4,429,19,SA,SAR,3.75,2,5500.0,0.1075,11000.0,1182.5,9817.5,4950.0,4867.5,1.0,,0,36815.62
L0025112,INV-2025-012165,INV,,20250916,202509,48,5,473,7,SA,SAR,3.75,1,1200.0,0.0,1200.0,0.0,1200.0,360.0,840.0,1.0,,0,4500.0
L0025481,INV-2025-012340,INV,,20250917,202509,96,6,732,1,AE,AED,3.6725,1,2400.0,0.1407,2400.0,337.68,2062.32,1320.0,742.32,1.0,,0,7573.87
L0025484,INV-2025-012340,INV,,20250917,202509,96,6,732,10,AE,AED,3.6725,1,3000.0,0.1682,3000.0,504.6,2495.4,900.0,1595.4,1.25,,0,9164.36
L0024594,INV-2025-011932,INV,,20250917,202509,25,2,229,5,EG,EGP,50.0616,2,1800.0,0.0249,3600.0,89.64,3510.36,1440.0,2070.36,1.0,,0,175734.24
L0024459,INV-2025-011854,INV,,20250917,202509,18,2,113,17,EG,EGP,50.0616,1,450.0,0.0577,450.0,25.97,424.03,337.5,86.53,1.0,,0,21227.87
L0024878,INV-2025-012076,INV,,20250917,202509,101,3,345,15,EG,EGP,50.0616,4,1100.0,0.1816,4400.0,799.04,3600.96,3432.0,168.96,1.0,,0,180269.82
L0024570,INV-2025-011919,INV,,20250917,202509,25,2,93,7,EG,EGP,50.0616,1,1200.0,0.0097,1200.0,11.64,1188.36,360.0,828.36,1.0,,0,59491.2
L0024281,INV-2025-011788,INV,,20250917,202509,12,1,59,10,EG,EGP,50.0616,2,3000.0,0.0453,6000.0,271.8,5728.2,1800.0,3928.2,1.25,,0,286762.86
L0024700,INV-2025-011992,INV,,20250918,202509,9,2,123,16,EG,EGP,50.0616,1,2200.0,0.0829,2200.0,182.38,2017.62,1760.0,257.62,1.0,,0,101005.29
L0025026,INV-2025-012128,INV,,20250918,202509,78,4,394,9,SA,SAR,3.75,1,6000.0,0.1217,6000.0,730.2,5269.8,2100.0,3169.8,1.25,,0,19761.75
L0024870,INV-2025-012072,INV,,20250918,202509,95,3,346,10,EG,EGP,50.0616,1,3000.0,0.2117,3000.0,635.1,2364.9,900.0,1464.9,1.25,,0,118390.68
L0024857,INV-2025-012067,INV,,20250918,202509,95,3,345,10,EG,EGP,50.0616,1,3000.0,0.2383,3000.0,714.9,2285.1,900.0,1385.1,1.25,,0,114395.76
L0024858,INV-2025-012067,INV,,20250918,202509,95,3,345,8,EG,EGP,50.0616,1,1500.0,0.1921,1500.0,288.15,1211.85,1050.0,161.85,1.0,,0,60667.15
L0025644,INV-2025-012412,INV,,20250918,202509,91,7,816,15,AE,AED,3.6725,1,1100.0,0.163,1100.0,179.3,920.7,858.0,62.7,1.0,,0,3381.27
L0025030,INV-2025-012128,INV,,20250918,202509,78,4,394,7,SA,SAR,3.75,4,1200.0,0.1418,4800.0,680.64,4119.36,1440.0,2679.36,1.0,,0,15447.6
L0025522,INV-2025-012358,INV,,20250919,202509,68,7,807,16,AE,AED,3.6725,2,2200.0,0.2452,4400.0,1078.88,3321.12,3520.0,-198.88,1.0,,0,12196.81
L0025383,INV-2025-012302,INV,,20250919,202509,62,6,733,1,AE,AED,3.6725,1,2400.0,0.1216,2400.0,291.84,2108.16,1320.0,788.16,1.0,,0,7742.22
L0025355,INV-2025-012294,INV,,20250919,202509,59,6,729,12,AE,AED,3.6725,1,4800.0,0.1468,4800.0,704.64,4095.36,2160.0,1935.36,1.25,,0,15040.21
L0025382,INV-2025-012302,INV,,20250919,202509,62,6,733,10,AE,AED,3.6725,2,3000.0,0.1082,6000.0,649.2,5350.8,1800.0,3550.8,1.25,,0,19650.81
L0025172,INV-2025-012192,INV,,20250919,202509,50,5,522,1,SA,SAR,3.75,1,2400.0,0.0475,2400.0,114.0,2286.0,1320.0,966.0,1.0,,0,8572.5
L0025318,INV-2025-012279,INV,,20250919,202509,84,5,616,8,SA,SAR,3.75,1,1500.0,0.0512,1500.0,76.8,1423.2,1050.0,373.2,1.0,,0,5337.0
L0025238,INV-2025-012228,INV,,20250919,202509,52,5,489,16,SA,SAR,3.75,4,2200.0,0.0435,8800.0,382.8,8417.2,7040.0,1377.2,1.0,,0,31564.5
L0024881,INV-2025-012077,INV,,20250919,202509,101,3,336,10,EG,EGP,50.0616,1,3000.0,0.1857,3000.0,557.1,2442.9,900.0,1542.9,1.25,,0,122295.48
L0025669,INV-2025-012425,INV,,20250920,202509,73,8,866,1,OM,OMR,0.3845,1,2400.0,0.0189,2400.0,45.36,2354.64,1320.0,1034.64,1.0,,0,905.36
L0024477,INV-2025-011864,INV,,20250920,202509,19,2,212,7,EG,EGP,50.0616,1,1200.0,0.0323,1200.0,38.76,1161.24,360.0,801.24,1.0,,0,58133.53
L0025146,INV-2025-012182,INV,,20250921,202509,50,5,554,17,SA,SAR,3.75,3,450.0,0.0597,1350.0,80.59,1269.41,1012.5,256.91,1.0,,0,4760.27
L0024666,INV-2025-011974,INV,,20250921,202509,9,2,112,1,EG,EGP,50.0616,1,2400.0,0.0281,2400.0,67.44,2332.56,1320.0,1012.56,1.0,,0,116771.69
L0024573,INV-2025-011921,INV,,20250921,202509,25,2,155,7,EG,EGP,50.0616,1,1200.0,0.0321,1200.0,38.52,1161.48,360.0,801.48,1.0,,0,58145.55
L0024604,INV-2025-011938,INV,,20250921,202509,26,2,296,8,EG,EGP,50.0616,2,1500.0,0.1279,3000.0,383.7,2616.3,2100.0,516.3,1.0,,0,130976.16
L0025137,INV-2025-012178,INV,,20250921,202509,50,5,612,17,SA,SAR,3.75,3,450.0,0.0359,1350.0,48.46,1301.54,1012.5,289.04,1.0,,0,4880.76
L0025074,INV-2025-012145,INV,,20250921,202509,46,5,640,20,SA,SAR,3.75,4,1500.0,0.0743,6000.0,445.8,5554.2,3000.0,2554.2,1.0,,0,20828.25
L0024266,INV-2025-011783,INV,,20250921,202509,11,1,1,3,EG,EGP,50.0616,2,3600.0,0.0801,7200.0,576.72,6623.28,3240.0,3383.28,1.0,,0,331571.99
L0025161,INV-2025-012188,INV,,20250921,202509,50,5,628,17,SA,SAR,3.75,6,450.0,0.0756,2700.0,204.12,2495.88,2025.0,470.88,1.0,,0,9359.55
L0024922,INV-2025-012093,INV,,20250921,202509,39,4,411,14,SA,SAR,3.75,1,9600.0,0.1252,9600.0,1201.92,8398.08,4800.0,3598.08,1.25,,0,31492.8
L0025450,INV-2025-012328,INV,,20250921,202509,80,6,767,7,AE,AED,3.6725,28,1200.0,0.0907,33600.0,3047.52,30552.48,10080.0,20472.48,1.0,,0,112203.98
L0025453,INV-2025-012328,INV,,20250921,202509,80,6,767,10,AE,AED,3.6725,2,3000.0,0.095,6000.0,570.0,5430.0,1800.0,3630.0,1.25,,0,19941.68
L0025837,INV-2025-012525,INV,,20250921,202509,98,8,821,1,OM,OMR,0.3845,1,2400.0,0.015,2400.0,35.99,2364.01,1320.0,1044.01,1.0,,0,908.96
L0024333,INV-2025-011809,INV,,20250922,202509,15,1,37,10,EG,EGP,50.0616,1,3000.0,0.1245,3000.0,373.5,2626.5,900.0,1726.5,1.25,,0,131486.79
L0024460,INV-2025-011855,INV,,20250922,202509,18,2,79,12,EG,EGP,50.0616,1,4800.0,0.0451,4800.0,216.48,4583.52,2160.0,2423.52,1.25,,0,229458.34
L0025320,INV-2025-012280,INV,,20250922,202509,84,5,457,5,SA,SAR,3.75,4,1800.0,0.0597,7200.0,429.84,6770.16,2880.0,3890.16,1.0,,0,25388.1
L0025092,INV-2025-012155,INV,,20250923,202509,47,5,465,1,SA,SAR,3.75,2,2400.0,0.0718,4800.0,344.64,4455.36,2640.0,1815.36,1.0,,0,16707.6
L0024621,INV-2025-011949,INV,,20250923,202509,27,2,91,8,EG,EGP,50.0616,1,1500.0,0.0289,1500.0,43.35,1456.65,1050.0,406.65,1.0,,0,72922.23
L0024911,INV-2025-012089,INV,,20250923,202509,37,4,415,9,SA,SAR,3.75,1,6000.0,0.1217,6000.0,730.2,5269.8,2100.0,3169.8,1.25,,0,19761.75
L0024678,INV-2025-011981,INV,,20250923,202509,9,2,151,1,EG,EGP,50.0616,1,2400.0,0.0414,2400.0,99.36,2300.64,1320.0,980.64,1.0,,0,115173.72
L0024408,INV-2025-011833,INV,,20250924,202509,17,1,32,12,EG,EGP,50.0616,1,4800.0,0.1076,4800.0,516.48,4283.52,2160.0,2123.52,1.25,,0,214439.86
L0024746,INV-2025-012018,INV,,20250924,202509,87,2,214,15,EG,EGP,50.0616,1,1100.0,0.0593,1100.0,65.23,1034.77,858.0,176.77,1.0,,0,51802.24
L0024745,INV-2025-012018,INV,,20250924,202509,87,2,214,7,EG,EGP,50.0616,1,1200.0,0.0304,1200.0,36.48,1163.52,360.0,803.52,1.0,,0,58247.67
L0025273,INV-2025-012248,INV,,20250924,202509,53,5,509,5,SA,SAR,3.75,1,1800.0,0.1232,1800.0,221.76,1578.24,720.0,858.24,1.0,,0,5918.4
L0025291,INV-2025-012262,INV,,20250924,202509,54,5,657,15,SA,SAR,3.75,3,1100.0,0.0475,3300.0,156.75,3143.25,2574.0,569.25,1.0,,0,11787.19
L0025784,INV-2025-012495,INV,,20250924,202509,89,8,884,7,OM,OMR,0.3845,1,1200.0,0.0253,1200.0,30.35,1169.65,360.0,809.65,1.0,,0,449.73
L0024403,INV-2025-011831,INV,,20250924,202509,17,1,43,15,EG,EGP,50.0616,12,1100.0,0.0819,13200.0,1081.08,12118.92,10296.0,1822.92,1.0,,0,606692.53
L0024406,INV-2025-011833,INV,,20250924,202509,17,1,32,6,EG,EGP,50.0616,1,7500.0,0.0939,7500.0,704.25,6795.75,2850.0,3945.75,1.0,,0,340206.12
L0024270,INV-2025-011784,INV,,20250924,202509,11,1,3,1,EG,EGP,50.0616,3,2400.0,0.1136,7200.0,817.92,6382.08,3960.0,2422.08,1.0,,0,319497.14
L0025722,INV-2025-012458,INV,,20250924,202509,75,8,930,18,OM,OMR,0.3845,1,800.0,0.0651,800.0,52.07,747.93,440.0,307.93,1.0,,0,287.58
L0024642,INV-2025-011962,INV,,20250924,202509,28,2,270,7,EG,EGP,50.0616,1,1200.0,0.0357,1200.0,42.84,1157.16,360.0,797.16,1.0,,0,57929.28
L0024997,INV-2025-012118,INV,,20250924,202509,45,4,379,20,SA,SAR,3.75,3,1500.0,0.0925,4500.0,416.25,4083.75,2250.0,1833.75,1.0,,0,15314.06
L0025527,INV-2025-012360,INV,,20250925,202509,69,7,804,12,AE,AED,3.6725,1,4800.0,0.1959,4800.0,940.32,3859.68,2160.0,1699.68,1.25,,0,14174.67
L0024530,INV-2025-011894,INV,,20250925,202509,23,2,117,1,EG,EGP,50.0616,1,2400.0,0.0694,2400.0,166.56,2233.44,1320.0,913.44,1.0,,0,111809.58
L0024450,INV-2025-011849,INV,,20250926,202509,18,2,302,7,EG,EGP,50.0616,1,1200.0,0.0163,1200.0,19.56,1180.44,360.0,820.44,1.0,,0,59094.72
L0025512,INV-2025-012353,INV,,20250926,202509,68,7,792,18,AE,AED,3.6725,1,800.0,0.2367,800.0,189.36,610.64,440.0,170.64,1.0,,0,2242.58
L0024449,INV-2025-011849,INV,,20250926,202509,18,2,302,12,EG,EGP,50.0616,1,4800.0,0.0,4800.0,0.0,4800.0,2160.0,2640.0,1.25,,0,240295.68
L0025692,INV-2025-012440,INV,,20250926,202509,74,8,967,12,OM,OMR,0.3845,1,4800.0,0.0167,4800.0,80.16,4719.84,2160.0,2559.84,1.25,,0,1814.78
L0024384,INV-2025-011825,INV,,20250926,202509,16,1,35,10,EG,EGP,50.0616,1,3000.0,0.0601,3000.0,180.3,2819.7,900.0,1919.7,1.25,,0,141158.69
L0024386,INV-2025-011825,INV,,20250926,202509,16,1,35,10,EG,EGP,50.0616,1,3000.0,0.081,3000.0,243.0,2757.0,900.0,1857.0,1.25,,0,138019.83
L0025036,INV-2025-012130,INV,,20250926,202509,78,4,377,1,SA,SAR,3.75,4,2400.0,0.1365,9600.0,1310.4,8289.6,5280.0,3009.6,1.0,,0,31086.0
L0024751,INV-2025-012022,INV,,20250926,202509,31,3,359,10,EG,EGP,50.0616,1,3000.0,0.1863,3000.0,558.9,2441.1,900.0,1541.1,1.25,,0,122205.37
L0025565,INV-2025-012378,INV,,20250926,202509,71,7,792,5,AE,AED,3.6725,5,1800.0,0.2194,9000.0,1974.6,7025.4,3600.0,3425.4,1.0,,0,25800.78
L0024986,INV-2025-012114,INV,,20250926,202509,43,4,432,10,SA,SAR,3.75,3,3000.0,0.1314,9000.0,1182.6,7817.4,2700.0,5117.4,1.25,,0,29315.25
L0024416,INV-2025-011837,INV,,20250926,202509,90,1,53,1,EG,EGP,50.0616,1,2400.0,0.0916,2400.0,219.84,2180.16,1320.0,860.16,1.0,,0,109142.3
L0024295,INV-2025-011794,INV,,20250926,202509,12,1,16,12,EG,EGP,50.0616,1,4800.0,0.0891,4800.0,427.68,4372.32,2160.0,2212.32,1.25,,0,218885.33
L0024935,INV-2025-012097,INV,,20250926,202509,40,4,391,1,SA,SAR,3.75,1,2400.0,0.0936,2400.0,224.64,2175.36,1320.0,855.36,1.0,,0,8157.6
L0024536,INV-2025-011898,INV,,20250926,202509,24,2,84,17,EG,EGP,50.0616,1,450.0,0.1271,450.0,57.19,392.81,337.5,55.31,1.0,,0,19664.45
L0024766,INV-2025-012027,INV,,20250926,202509,31,3,373,10,EG,EGP,50.0616,1,3000.0,0.1689,3000.0,506.7,2493.3,900.0,1593.3,1.25,,0,124818.59
L0025329,INV-2025-012285,INV,,20250926,202509,56,6,709,3,AE,AED,3.6725,1,3600.0,0.1651,3600.0,594.36,3005.64,1620.0,1385.64,1.0,,0,11038.21
L0025274,INV-2025-012249,INV,,20250926,202509,53,5,474,7,SA,SAR,3.75,1,1200.0,0.0917,1200.0,110.04,1089.96,360.0,729.96,1.0,,0,4087.35
L0024420,INV-2025-011838,INV,,20250926,202509,90,1,70,7,EG,EGP,50.0616,1,1200.0,0.1071,1200.0,128.52,1071.48,360.0,711.48,1.0,,0,53640.0
L0024654,INV-2025-011968,INV,,20250926,202509,85,2,282,15,EG,EGP,50.0616,1,1100.0,0.0437,1100.0,48.07,1051.93,858.0,193.93,1.0,,0,52661.3
L0024385,INV-2025-011825,INV,,20250926,202509,16,1,35,7,EG,EGP,50.0616,2,1200.0,0.0961,2400.0,230.64,2169.36,720.0,1449.36,1.0,,0,108601.63
L0025696,INV-2025-012442,INV,,20250926,202509,75,8,861,8,OM,OMR,0.3845,1,1500.0,0.0323,1500.0,48.45,1451.55,1050.0,401.55,1.0,,0,558.12
L0025721,INV-2025-012457,INV,,20250926,202509,75,8,850,1,OM,OMR,0.3845,1,2400.0,0.0591,2400.0,141.85,2258.15,1320.0,938.15,1.0,,0,868.26
L0024429,INV-2025-011841,INV,,20250927,202509,90,1,67,1,EG,EGP,50.0616,1,2400.0,0.1343,2400.0,322.32,2077.68,1320.0,757.68,1.0,,0,104011.99
L0024452,INV-2025-011850,INV,,20250927,202509,18,2,245,1,EG,EGP,50.0616,1,2400.0,0.0448,2400.0,107.52,2292.48,1320.0,972.48,1.0,,0,114765.22
L0025678,INV-2025-012430,INV,,20250927,202509,73,8,869,1,OM,OMR,0.3845,1,2400.0,0.0356,2400.0,85.44,2314.56,1320.0,994.56,1.0,,0,889.95
L0024428,INV-2025-011841,INV,,20250927,202509,90,1,67,7,EG,EGP,50.0616,1,1200.0,0.1509,1200.0,181.08,1018.92,360.0,658.92,1.0,,0,51008.77
L0025215,INV-2025-012216,INV,,20250927,202509,52,5,468,20,SA,SAR,3.75,3,1500.0,0.117,4500.0,526.5,3973.5,2250.0,1723.5,1.0,,0,14900.62
L0025652,INV-2025-012416,INV,,20250927,202509,73,8,898,12,OM,OMR,0.3845,1,4800.0,0.0,4800.0,0.0,4800.0,2160.0,2640.0,1.25,,0,1845.6
L0024830,INV-2025-012056,INV,,20250927,202509,34,3,373,17,EG,EGP,50.0616,2,450.0,0.1819,900.0,163.71,736.29,675.0,61.29,1.0,,0,36859.86
L0025628,INV-2025-012406,INV,,20250927,202509,100,7,799,20,AE,AED,3.6725,8,1500.0,0.1947,12000.0,2336.4,9663.6,6000.0,3663.6,1.0,,0,35489.57
L0024273,INV-2025-011786,INV,,20250927,202509,11,1,60,12,EG,EGP,50.0616,1,4800.0,0.0967,4800.0,464.16,4335.84,2160.0,2175.84,1.25,,0,217059.09
L0025008,INV-2025-012121,INV,,20250927,202509,78,4,398,19,SA,SAR,3.75,1,5500.0,0.0657,5500.0,361.35,5138.65,2475.0,2663.65,1.0,,0,19269.94
L0024689,INV-2025-011987,INV,,20250927,202509,9,2,231,7,EG,EGP,50.0616,1,1200.0,0.0657,1200.0,78.84,1121.16,360.0,761.16,1.0,,0,56127.06
L0024838,INV-2025-012059,INV,,20250927,202509,35,3,357,1,EG,EGP,50.0616,1,2400.0,0.1587,2400.0,380.88,2019.12,1320.0,699.12,1.0,,0,101080.38
L0024274,INV-2025-011786,INV,,20250927,202509,11,1,60,3,EG,EGP,50.0616,1,3600.0,0.0854,3600.0,307.44,3292.56,1620.0,1672.56,1.0,,0,164830.82
L0024300,INV-2025-011796,INV,,20250927,202509,12,1,63,1,EG,EGP,50.0616,3,2400.0,0.0693,7200.0,498.96,6701.04,3960.0,2741.04,1.0,,0,335464.78
L0025241,INV-2025-012230,INV,,20250927,202509,52,5,672,7,SA,SAR,3.75,4,1200.0,0.0257,4800.0,123.36,4676.64,1440.0,3236.64,1.0,,0,17537.4
L0024939,INV-2025-012098,INV,,20250927,202509,40,4,430,1,SA,SAR,3.75,2,2400.0,0.1153,4800.0,553.44,4246.56,2640.0,1606.56,1.0,,0,15924.6
L0024941,INV-2025-012098,INV,,20250927,202509,40,4,430,20,SA,SAR,3.75,2,1500.0,0.1065,3000.0,319.5,2680.5,1500.0,1180.5,1.0,,0,10051.88
L0025631,INV-2025-012406,INV,,20250927,202509,100,7,799,17,AE,AED,3.6725,6,450.0,0.195,2699.99,526.5,2173.49,2025.0,148.49,1.0,,0,7982.15
L0025733,INV-2025-012463,INV,,20250927,202509,82,8,868,18,OM,OMR,0.3845,1,800.0,0.0507,800.0,40.57,759.43,440.0,319.43,1.0,,0,292.0
L0024927,INV-2025-012095,INV,,20250928,202509,39,4,443,12,SA,SAR,3.75,1,4800.0,0.0734,4800.0,352.32,4447.68,2160.0,2287.68,1.25,,1,16678.8
L0024928,INV-2025-012095,INV,,20250928,202509,39,4,443,5,SA,SAR,3.75,2,1800.0,0.1261,3600.0,453.96,3146.04,1440.0,1706.04,1.0,,1,11797.65
L0025779,INV-2025-012492,INV,,20250928,202509,89,8,964,16,OM,OMR,0.3845,1,2200.0,0.0492,2200.0,108.24,2091.76,1760.0,331.76,1.0,,1,804.28
L0025757,INV-2025-012477,INV,,20250928,202509,88,8,970,1,OM,OMR,0.3845,1,2400.0,0.0542,2400.0,130.09,2269.91,1320.0,949.91,1.0,,1,872.78
L0025376,INV-2025-012300,INV,,20250928,202509,59,6,740,7,AE,AED,3.6725,1,1200.0,0.2012,1200.0,241.44,958.56,360.0,598.56,1.0,,1,3520.31
L0024404,INV-2025-011832,INV,,20250928,202509,17,1,40,19,EG,EGP,50.0616,1,5500.0,0.1212,5500.0,666.6,4833.4,2475.0,2358.4,1.0,,1,241967.74
L0025188,INV-2025-012201,INV,,20250928,202509,51,5,555,5,SA,SAR,3.75,2,1800.0,0.0615,3600.0,221.4,3378.6,1440.0,1938.6,1.0,,1,12669.75
L0024352,INV-2025-011813,INV,,20250928,202509,15,1,13,7,EG,EGP,50.0616,1,1200.0,0.1512,1200.0,181.44,1018.56,360.0,658.56,1.0,,1,50990.74
L0024984,INV-2025-012112,INV,,20250928,202509,43,4,412,12,SA,SAR,3.75,1,4800.0,0.1084,4800.0,520.32,4279.68,2160.0,2119.68,1.25,,1,16048.8
L0025764,INV-2025-012482,INV,,20250928,202509,89,8,858,20,OM,OMR,0.3845,2,1500.0,0.052,3000.0,155.99,2844.01,1500.0,1344.01,1.0,,1,1093.52
L0024350,INV-2025-011813,INV,,20250928,202509,15,1,13,10,EG,EGP,50.0616,1,3000.0,0.1117,3000.0,335.1,2664.9,900.0,1764.9,1.25,,1,133409.16
L0024497,INV-2025-011875,INV,,20250928,202509,21,2,269,18,EG,EGP,50.0616,1,800.0,0.0606,800.0,48.48,751.52,440.0,311.52,1.0,,1,37622.29
L0024993,INV-2025-012116,INV,,20250928,202509,45,4,433,12,SA,SAR,3.75,1,4800.0,0.1338,4800.0,642.24,4157.76,2160.0,1997.76,1.25,,1,15591.6
L0025603,INV-2025-012396,INV,,20250928,202509,97,7,805,10,AE,AED,3.6725,1,3000.0,0.2524,3000.0,757.2,2242.8,900.0,1342.8,1.25,,1,8236.68
L0025227,INV-2025-012222,INV,,20250928,202509,52,5,533,17,SA,SAR,3.75,4,450.0,0.0884,1800.0,159.12,1640.88,1350.0,290.88,1.0,,1,6153.3
L0024873,INV-2025-012073,INV,,20250928,202509,95,3,331,4,EG,EGP,50.0616,2,9000.0,0.2075,18000.0,3735.0,14265.0,9900.0,4365.0,1.0,,1,714128.72
L0024351,INV-2025-011813,INV,,20250928,202509,15,1,13,1,EG,EGP,50.0616,1,2400.0,0.1123,2400.0,269.52,2130.48,1320.0,810.48,1.0,,1,106655.24
L0025306,INV-2025-012272,INV,,20250928,202509,55,5,537,1,SA,SAR,3.75,1,2400.0,0.0236,2400.0,56.64,2343.36,1320.0,1023.36,1.0,,1,8787.6
L0025269,INV-2025-012246,INV,,20250928,202509,53,5,482,15,SA,SAR,3.75,11,1100.0,0.0984,12100.0,1190.64,10909.36,9438.0,1471.36,1.0,,1,40910.1
L0024981,INV-2025-012112,INV,,20250928,202509,43,4,412,3,SA,SAR,3.75,5,3600.0,0.1298,18000.0,2336.4,15663.6,8100.0,7563.6,1.0,,1,58738.5
L0024916,INV-2025-012091,INV,,20250928,202509,37,4,405,15,SA,SAR,3.75,5,1100.0,0.1555,5500.0,855.25,4644.75,4290.0,354.75,1.0,,1,17417.81
L0025604,INV-2025-012396,INV,,20250928,202509,97,7,805,17,AE,AED,3.6725,6,450.0,0.2057,2699.99,555.39,2144.6,2025.0,119.6,1.0,,1,7876.06
L0025226,INV-2025-012222,INV,,20250928,202509,52,5,533,3,SA,SAR,3.75,1,3600.0,0.0988,3600.0,355.68,3244.32,1620.0,1624.32,1.0,,1,12166.2
L0024969,INV-2025-012109,INV,,20250928,202509,42,4,402,1,SA,USD,1.0,1,2400.0,0.0905,2400.0,217.2,2182.8,1320.0,862.8,1.0,,1,2182.8
L0025300,INV-2025-012268,INV,,20250928,202509,55,5,666,7,SA,SAR,3.75,1,1200.0,0.0892,1200.0,107.04,1092.96,360.0,732.96,1.0,,1,4098.6
L0024794,INV-2025-012039,INV,,20250928,202509,33,3,343,16,EG,EGP,50.0616,1,2200.0,0.1907,2200.0,419.54,1780.46,1760.0,20.46,1.0,,1,89132.68
L0024488,INV-2025-011869,INV,,20250929,202509,21,2,165,7,EG,EGP,50.0616,1,1200.0,0.0274,1200.0,32.88,1167.12,360.0,807.12,1.0,,1,58427.89
L0024486,INV-2025-011869,INV,,20250929,202509,21,2,165,7,EG,EGP,50.0616,1,1200.0,0.0419,1200.0,50.28,1149.72,360.0,789.72,1.0,,1,57556.82
L0024469,INV-2025-011860,INV,,20250929,202509,19,2,122,7,EG,EGP,50.0616,2,1200.0,0.0806,2400.0,193.44,2206.56,720.0,1486.56,1.0,,1,110463.92
L0024504,INV-2025-011879,INV,,20250929,202509,21,2,198,7,EG,EGP,50.0616,1,1200.0,0.0532,1200.0,63.84,1136.16,360.0,776.16,1.0,,1,56877.99
L0025748,INV-2025-012471,INV,,20250929,202509,88,8,924,1,OM,OMR,0.3845,1,2400.0,0.0939,2400.0,225.36,2174.64,1320.0,854.64,1.0,,1,836.15
L0025206,INV-2025-012210,INV,,20250929,202509,52,5,478,17,SA,SAR,3.75,1,450.0,0.089,450.0,40.05,409.95,337.5,72.45,1.0,,1,1537.31
L0025747,INV-2025-012471,INV,,20250929,202509,88,8,924,7,OM,OMR,0.3845,1,1200.0,0.0829,1200.0,99.48,1100.52,360.0,740.52,1.0,,1,423.15
L0024791,INV-2025-012037,INV,,20250929,202509,33,3,372,20,EG,EGP,50.0616,2,1500.0,0.1912,3000.0,573.6,2426.4,1500.0,926.4,1.0,,1,121469.47
L0024634,INV-2025-011958,INV,,20250929,202509,28,2,132,17,EG,EGP,50.0616,1,450.0,0.0675,450.0,30.37,419.63,337.5,82.13,1.0,,1,21007.1
L0025688,INV-2025-012437,INV,,20250929,202509,74,8,876,17,OM,OMR,0.3845,4,449.99,0.0711,1799.95,127.99,1671.96,1350.0,321.96,1.0,,1,642.87
L0024561,INV-2025-011916,INV,,20250929,202509,25,2,299,7,EG,EGP,50.0616,1,1200.0,0.0908,1200.0,108.96,1091.04,360.0,731.04,1.0,,1,54619.21
L0025229,INV-2025-012223,INV,,20250929,202509,52,5,554,1,SA,SAR,3.75,1,2400.0,0.0585,2400.0,140.4,2259.6,1320.0,939.6,1.0,,1,8473.5
L0024562,INV-2025-011916,INV,,20250929,202509,25,2,299,12,EG,EGP,50.0616,1,4800.0,0.0447,4800.0,214.56,4585.44,2160.0,2425.44,1.25,,1,229554.46
L0024664,INV-2025-011973,INV,,20250929,202509,85,2,282,7,EG,EGP,50.0616,3,1200.0,0.024,3600.0,86.4,3513.6,1080.0,2433.6,1.0,,1,175896.44
L0025396,INV-2025-012307,INV,,20250929,202509,63,6,731,10,AE,AED,3.6725,1,3000.0,0.0763,3000.0,228.9,2771.1,900.0,1871.1,1.25,,1,10176.86
L0025737,INV-2025-012465,INV,,20250929,202509,82,8,821,18,OM,OMR,0.3845,5,800.0,0.0579,4000.0,231.6,3768.4,2200.0,1568.4,1.0,,1,1448.95
L0024297,INV-2025-011795,INV,,20250929,202509,12,1,49,20,EG,EGP,50.0616,15,1500.0,0.0931,22500.0,2094.75,20405.25,11250.0,9155.25,1.0,,1,1021519.46
L0024909,INV-2025-012088,INV,,20250930,202509,37,4,432,12,SA,SAR,3.75,2,4800.0,0.1262,9600.0,1211.52,8388.48,4320.0,4068.48,1.25,,1,31456.8
L0025625,INV-2025-012404,INV,,20250930,202509,100,7,790,1,AE,AED,3.6725,2,2400.0,0.2087,4800.0,1001.76,3798.24,2640.0,1158.24,1.0,,1,13949.04
L0024649,INV-2025-011964,INV,,20250930,202509,28,2,306,1,EG,EGP,50.0616,1,2400.0,0.0662,2400.0,158.88,2241.12,1320.0,921.12,1.0,,1,112194.05
L0025266,INV-2025-012244,INV,,20250930,202509,53,5,459,16,SA,SAR,3.75,2,2200.0,0.1068,4400.0,469.92,3930.08,3520.0,410.08,1.0,,1,14737.8
L0025427,INV-2025-012321,INV,,20250930,202509,64,6,745,9,AE,AED,3.6725,1,6000.0,0.1141,6000.0,684.6,5315.4,2100.0,3215.4,1.25,,1,19520.81
L0024763,INV-2025-012026,INV,,20250930,202509,31,3,351,15,EG,EGP,50.0616,3,1100.0,0.1809,3300.0,596.97,2703.03,2574.0,129.03,1.0,,1,135318.01
L0024653,INV-2025-011967,INV,,20250930,202509,85,2,272,1,EG,EGP,50.0616,1,2400.0,0.0825,2400.0,198.0,2202.0,1320.0,882.0,1.0,,1,110235.64
L0024609,INV-2025-011940,INV,,20250930,202509,26,2,279,1,EG,EGP,50.0616,1,2400.0,0.1154,2400.0,276.96,2123.04,1320.0,803.04,1.0,,1,106282.78
L0025641,INV-2025-012411,INV,,20250930,202509,91,7,801,5,AE,AED,3.6725,3,1800.0,0.1866,5400.0,1007.64,4392.36,2160.0,2232.36,1.0,,1,16130.94
L0024896,INV-2025-012084,INV,,20250930,202509,36,4,418,1,SA,SAR,3.75,1,2400.0,0.125,2400.0,300.0,2100.0,1320.0,780.0,1.0,,1,7875.0
L0025214,INV-2025-012215,INV,,20250930,202509,52,5,461,8,SA,SAR,3.75,2,1500.0,0.042,3000.0,126.0,2874.0,2100.0,774.0,1.0,,1,10777.5
L0024974,INV-2025-012110,INV,,20250930,202509,42,4,390,5,SA,SAR,3.75,1,1800.0,0.1159,1800.0,208.62,1591.38,720.0,871.38,1.0,,1,5967.68
L0025414,INV-2025-012317,INV,,20250930,202509,63,6,713,10,AE,AED,3.6725,3,3000.0,0.1307,9000.0,1176.3,7823.7,2700.0,5123.7,1.25,,1,28732.54
L0025394,INV-2025-012306,INV,,20250930,202509,62,6,773,8,AE,AED,3.6725,3,1500.0,0.1336,4500.0,601.2,3898.8,3150.0,748.8,1.0,,1,14318.34
L0026675,INV-2025-012947,INV,,20251001,202510,52,5,509,16,SA,SAR,3.75,3,2200.0,0.0714,6600.0,471.24,6128.76,5280.0,848.76,1.0,,0,22982.85
L0027021,INV-2025-013095,INV,,20251001,202510,71,7,784,16,AE,AED,3.6725,4,2200.0,0.2463,8800.0,2167.44,6632.56,7040.0,-407.44,1.0,,0,24358.08
L0027133,INV-2025-013152,INV,,20251001,202510,73,8,884,1,OM,OMR,0.3845,1,2400.0,0.0,2400.0,0.0,2400.0,1320.0,1080.0,1.0,,0,922.8
L0026942,INV-2025-013064,INV,,20251001,202510,99,6,739,12,AE,AED,3.6725,3,4800.0,0.0759,14400.0,1092.96,13307.04,6480.0,6827.04,1.25,,0,48870.1
L0026643,INV-2025-012928,INV,,20251002,202510,52,5,454,12,SA,SAR,3.75,2,4800.0,0.0528,9600.0,506.88,9093.12,4320.0,4773.12,1.25,,0,34099.2
L0026786,INV-2025-013006,INV,,20251002,202510,58,6,770,8,AE,AED,3.6725,3,1500.0,0.1074,4500.0,483.3,4016.7,3150.0,866.7,1.0,,0,14751.33
L0026784,INV-2025-013006,INV,,20251002,202510,58,6,770,7,AE,AED,3.6725,1,1200.0,0.1099,1200.0,131.88,1068.12,360.0,708.12,1.0,,0,3922.67
L0026526,INV-2025-012860,INV,,20251002,202510,46,5,685,5,SA,SAR,3.75,1,1800.0,0.047,1800.0,84.6,1715.4,720.0,995.4,1.0,,0,6432.75
L0026889,INV-2025-013043,INV,,20251002,202510,80,6,774,10,AE,AED,3.6725,1,3000.0,0.1112,3000.0,333.6,2666.4,900.0,1766.4,1.25,,0,9792.35
L0026662,INV-2025-012939,INV,,20251002,202510,52,5,668,1,SA,SAR,3.75,1,2400.0,0.0306,2400.0,73.44,2326.56,1320.0,1006.56,1.0,,0,8724.6
L0027085,INV-2025-013123,INV,,20251003,202510,97,7,792,15,AE,AED,3.6725,2,1100.0,0.2441,2200.0,537.02,1662.98,1716.0,-53.02,1.0,,0,6107.29
L0025851,INV-2025-012531,INV,,20251003,202510,10,1,42,7,EG,EGP,49.5606,8,1200.0,0.1324,9600.0,1271.04,8328.96,2880.0,5448.96,1.0,,0,412788.25
L0027210,INV-2025-013195,INV,,20251004,202510,89,8,968,7,OM,OMR,0.3845,2,1200.0,0.0544,2400.0,130.56,2269.44,720.0,1549.44,1.0,,0,872.6
L0026984,INV-2025-013081,INV,,20251004,202510,68,7,776,15,AE,AED,3.6725,6,1100.0,0.2442,6600.0,1611.72,4988.28,5148.0,-159.72,1.0,,0,18319.46
L0025878,INV-2025-012541,INV,,20251005,202510,11,1,70,12,EG,EGP,49.5606,1,4800.0,0.0572,4800.0,274.56,4525.44,2160.0,2365.44,1.25,,0,224283.52
L0026501,INV-2025-012852,INV,,20251005,202510,83,4,395,12,SA,SAR,3.75,1,4800.0,0.0847,4800.0,406.56,4393.44,2160.0,2233.44,1.25,,0,16475.4
L0026559,INV-2025-012879,INV,,20251005,202510,47,5,678,18,SA,SAR,3.75,10,800.0,0.0597,8000.0,477.6,7522.4,4400.0,3122.4,1.0,,0,28209.0
L0025859,INV-2025-012534,INV,,20251005,202510,10,1,34,1,EG,EGP,49.5606,1,2400.0,0.1023,2400.0,245.52,2154.48,1320.0,834.48,1.0,,0,106777.32
L0026216,INV-2025-012721,INV,,20251005,202510,28,2,197,7,EG,EGP,49.5606,1,1200.0,0.0467,1200.0,56.04,1143.96,360.0,783.96,1.0,,0,56695.34
L0026345,INV-2025-012787,INV,,20251006,202510,95,3,352,10,EG,EGP,49.5606,1,3000.0,0.1978,3000.0,593.4,2406.6,900.0,1506.6,1.25,,0,119272.54
L0025865,INV-2025-012537,INV,,20251006,202510,10,1,42,1,EG,EGP,49.5606,1,2400.0,0.142,2400.0,340.8,2059.2,1320.0,739.2,1.0,,0,102055.19
L0026734,INV-2025-012981,INV,,20251006,202510,55,5,473,10,SA,SAR,3.75,1,3000.0,0.0,3000.0,0.0,3000.0,900.0,2100.0,1.25,,0,11250.0
L0027241,INV-2025-013213,INV,,20251006,202510,92,8,928,7,OM,OMR,0.3845,3,1200.0,0.0827,3600.0,297.71,3302.29,1080.0,2222.29,1.0,,0,1269.73
L0027167,INV-2025-013171,INV,,20251006,202510,75,8,914,7,OM,OMR,0.3845,2,1200.0,0.0425,2400.0,102.0,2298.0,720.0,1578.0,1.0,,0,883.58
L0026628,INV-2025-012920,INV,,20251006,202510,51,5,631,17,SA,SAR,3.75,2,450.0,0.0143,900.0,12.87,887.13,675.0,212.13,1.0,,0,3326.74
L0027255,INV-2025-013221,INV,,20251007,202510,98,8,910,1,OM,OMR,0.3845,1,2400.0,0.0366,2400.0,87.83,2312.17,1320.0,992.17,1.0,,0,889.03
L0026200,INV-2025-012709,INV,,20251008,202510,28,2,139,1,EG,EGP,49.5606,1,2400.0,0.0716,2400.0,171.84,2228.16,1320.0,908.16,1.0,,0,110428.95
L0026517,INV-2025-012857,INV,,20251009,202510,93,4,436,14,SA,SAR,3.75,1,9600.0,0.1155,9600.0,1108.8,8491.2,4800.0,3691.2,1.25,,0,31842.0
L0026328,INV-2025-012777,INV,,20251009,202510,35,3,344,15,EG,EGP,49.5606,1,1100.0,0.2064,1100.0,227.04,872.96,858.0,14.96,1.0,,0,43264.42
L0026074,INV-2025-012631,INV,,20251010,202510,23,2,153,1,EG,EGP,49.5606,1,2400.0,0.0986,2400.0,236.64,2163.36,1320.0,843.36,1.0,,0,107217.42
L0026966,INV-2025-013074,INV,,20251010,202510,68,7,776,8,AE,AED,3.6725,6,1500.0,0.2359,9000.0,2123.1,6876.9,6300.0,576.9,1.0,,0,25255.42
L0026856,INV-2025-013032,INV,,20251010,202510,64,6,719,3,AE,AED,3.6725,10,3600.0,0.0962,36000.0,3463.2,32536.8,16200.0,16336.8,1.0,,0,119491.4
L0026081,INV-2025-012635,INV,,20251010,202510,23,2,99,8,EG,EGP,49.5606,1,1500.0,0.086,1500.0,129.0,1371.0,1050.0,321.0,1.0,,0,67947.58
L0027087,INV-2025-013125,INV,,20251011,202510,97,7,794,1,AE,AED,3.6725,1,2400.0,0.236,2400.0,566.4,1833.6,1320.0,513.6,1.0,,0,6733.9
L0026326,INV-2025-012776,INV,,20251011,202510,35,3,341,7,EG,EGP,49.5606,1,1200.0,0.1814,1200.0,217.68,982.32,360.0,622.32,1.0,,0,48684.37
L0026858,INV-2025-013033,INV,,20251011,202510,64,6,718,16,AE,AED,3.6725,3,2200.0,0.0973,6600.0,642.18,5957.82,5280.0,677.82,1.0,,0,21880.09
L0027177,INV-2025-013175,INV,,20251012,202510,75,8,942,10,OM,OMR,0.3845,1,3000.0,0.0765,3000.0,229.49,2770.51,900.0,1870.51,1.25,,0,1065.26
L0027176,INV-2025-013175,INV,,20251012,202510,75,8,942,7,OM,OMR,0.3845,2,1200.0,0.0605,2400.0,145.2,2254.8,720.0,1534.8,1.0,,0,866.97
L0026880,INV-2025-013040,INV,,20251012,202510,64,6,723,3,AE,AED,3.6725,2,3600.0,0.1307,7200.0,941.04,6258.96,3240.0,3018.96,1.0,,0,22986.03
L0027068,INV-2025-013116,INV,,20251012,202510,94,7,812,7,AE,AED,3.6725,1,1200.0,0.2209,1200.0,265.08,934.92,360.0,574.92,1.0,,0,3433.49
L0026366,INV-2025-012801,INV,,20251012,202510,101,3,361,8,EG,EGP,49.5606,5,1500.0,0.2146,7500.0,1609.5,5890.5,5250.0,640.5,1.0,,0,291936.71
L0026464,INV-2025-012838,INV,,20251012,202510,78,4,396,20,SA,SAR,3.75,6,1500.0,0.0935,9000.0,841.5,8158.5,4500.0,3658.5,1.0,,0,30594.38
L0026490,INV-2025-012847,INV,,20251013,202510,78,4,435,7,SA,SAR,3.75,1,1200.0,0.1127,1200.0,135.24,1064.76,360.0,704.76,1.0,,0,3992.85
L0027156,INV-2025-013165,INV,,20251013,202510,75,8,875,17,OM,OMR,0.3845,1,449.99,0.073,449.99,32.85,417.14,337.5,79.64,1.0,,0,160.39
L0026198,INV-2025-012708,INV,,20251013,202510,27,2,279,17,EG,EGP,49.5606,1,450.0,0.0014,450.0,0.63,449.37,337.5,111.87,1.0,,0,22271.05
L0031287,CN-2025-00311,CN,INV-2025-011713,20251013,202510,97,7,802,1,AE,AED,3.6725,-1,2400.0,0.26,-2400.0,-624.0,-1776.0,-1320.0,-456.0,1.0,44.0,0,-6522.36
L0026989,INV-2025-013083,INV,,20251013,202510,69,7,787,12,AE,AED,3.6725,1,4800.0,0.2016,4800.0,967.68,3832.32,2160.0,1672.32,1.25,,0,14074.2
L0026894,INV-2025-013044,INV,,20251013,202510,80,6,722,10,AE,AED,3.6725,2,3000.0,0.0899,6000.0,539.4,5460.6,1800.0,3660.6,1.25,,0,20054.05
L0026191,INV-2025-012705,INV,,20251013,202510,27,2,126,1,EG,EGP,49.5606,1,2400.0,0.0315,2400.0,75.6,2324.4,1320.0,1004.4,1.0,,0,115198.66
L0026487,INV-2025-012847,INV,,20251013,202510,78,4,435,12,SA,SAR,3.75,1,4800.0,0.1171,4800.0,562.08,4237.92,2160.0,2077.92,1.25,,0,15892.2
L0026489,INV-2025-012847,INV,,20251013,202510,78,4,435,1,SA,SAR,3.75,2,2400.0,0.1505,4800.0,722.4,4077.6,2640.0,1437.6,1.0,,0,15291.0
L0027157,INV-2025-013165,INV,,20251013,202510,75,8,875,5,OM,OMR,0.3845,1,1800.0,0.0798,1800.0,143.64,1656.36,720.0,936.36,1.0,,0,636.87
L0026272,INV-2025-012752,INV,,20251014,202510,31,3,374,10,EG,EGP,49.5606,2,3000.0,0.1617,6000.0,970.2,5029.8,1800.0,3229.8,1.25,,0,249279.91
L0026179,INV-2025-012698,INV,,20251014,202510,27,2,327,16,EG,EGP,49.5606,1,2200.0,0.0547,2200.0,120.34,2079.66,1760.0,319.66,1.0,,0,103069.2
L0026164,INV-2025-012687,INV,,20251014,202510,27,2,278,7,EG,EGP,49.5606,1,1200.0,0.0146,1200.0,17.52,1182.48,360.0,822.48,1.0,,0,58604.42
L0025904,INV-2025-012551,INV,,20251014,202510,14,1,35,18,EG,EGP,49.5606,1,800.0,0.1216,800.0,97.28,702.72,440.0,262.72,1.0,,0,34827.22
L0025988,INV-2025-012582,INV,,20251014,202510,90,1,39,5,EG,EGP,49.5606,15,1800.0,0.113,27000.0,3051.0,23949.0,10800.0,13149.0,1.0,,0,1186926.81
L0026073,INV-2025-012630,INV,,20251015,202510,23,2,235,10,EG,EGP,49.5606,1,3000.0,0.0879,3000.0,263.7,2736.3,900.0,1836.3,1.25,,0,135612.67
L0026639,INV-2025-012926,INV,,20251015,202510,52,5,650,12,SA,SAR,3.75,1,4800.0,0.0614,4800.0,294.72,4505.28,2160.0,2345.28,1.25,,0,16894.8
L0026791,INV-2025-013007,INV,,20251015,202510,58,6,756,10,AE,AED,3.6725,1,3000.0,0.0901,3000.0,270.3,2729.7,900.0,1829.7,1.25,,0,10024.82
L0026037,INV-2025-012608,INV,,20251015,202510,19,2,174,1,EG,EGP,49.5606,1,2400.0,0.0113,2400.0,27.12,2372.88,1320.0,1052.88,1.0,,0,117601.36
L0027114,INV-2025-013139,INV,,20251015,202510,91,7,811,12,AE,AED,3.6725,1,4800.0,0.1053,4800.0,505.44,4294.56,2160.0,2134.56,1.25,,0,15771.77
L0026718,INV-2025-012971,INV,,20251015,202510,54,5,494,3,SA,SAR,3.75,1,3600.0,0.0589,3600.0,212.04,3387.96,1620.0,1767.96,1.0,,0,12704.85
L0027042,INV-2025-013104,INV,,20251015,202510,79,7,797,17,AE,AED,3.6725,13,450.0,0.2024,5849.98,1184.03,4665.95,4387.5,278.45,1.0,,0,17135.69
L0026064,INV-2025-012625,INV,,20251016,202510,23,2,147,1,EG,EGP,49.5606,1,2400.0,0.1036,2400.0,248.64,2151.36,1320.0,831.36,1.0,,0,106622.69
L0026874,INV-2025-013037,INV,,20251016,202510,64,6,732,1,AE,AED,3.6725,1,2400.0,0.1247,2400.0,299.28,2100.72,1320.0,780.72,1.0,,0,7714.89
L0026149,INV-2025-012679,INV,,20251016,202510,26,2,263,18,EG,EGP,49.5606,1,800.0,0.0933,800.0,74.64,725.36,440.0,285.36,1.0,,0,35949.28
L0026047,INV-2025-012615,INV,,20251016,202510,21,2,258,10,EG,EGP,49.5606,1,3000.0,0.0178,3000.0,53.4,2946.6,900.0,2046.6,1.25,,0,146035.26
L0031210,CN-2025-00266,CN,INV-2025-010065,20251016,202510,25,2,217,18,EG,EGP,49.5606,-2,800.0,0.0359,-1600.0,-57.44,-1542.56,-880.0,-662.56,1.0,130.0,0,-76450.2
L0027172,INV-2025-013173,INV,,20251016,202510,75,8,823,10,OM,OMR,0.3845,1,3000.0,0.0645,3000.0,193.5,2806.5,900.0,1906.5,1.25,,0,1079.1
L0026711,INV-2025-012967,INV,,20251017,202510,54,5,565,10,SA,SAR,3.75,1,3000.0,0.0979,3000.0,293.7,2706.3,900.0,1806.3,1.25,,0,10148.62
L0026112,INV-2025-012654,INV,,20251017,202510,25,2,93,1,EG,EGP,49.5606,1,2400.0,0.0641,2400.0,153.84,2246.16,1320.0,926.16,1.0,,0,111321.04
L0026105,INV-2025-012650,INV,,20251017,202510,24,2,285,1,EG,EGP,49.5606,1,2400.0,0.12,2400.0,288.0,2112.0,1320.0,792.0,1.0,,0,104671.99
L0026117,INV-2025-012657,INV,,20251017,202510,25,2,320,7,EG,EGP,49.5606,1,1200.0,0.0447,1200.0,53.64,1146.36,360.0,786.36,1.0,,0,56814.29
L0026854,INV-2025-013031,INV,,20251017,202510,64,6,722,10,AE,AED,3.6725,4,3000.0,0.1068,12000.0,1281.6,10718.4,3600.0,7118.4,1.25,,0,39363.32
L0026867,INV-2025-013035,INV,,20251017,202510,64,6,707,10,AE,AED,3.6725,3,3000.0,0.1048,9000.0,943.2,8056.8,2700.0,5356.8,1.25,,0,29588.6
L0026953,INV-2025-013067,INV,,20251018,202510,65,7,784,10,AE,AED,3.6725,1,3000.0,0.1677,3000.0,503.1,2496.9,900.0,1596.9,1.25,,0,9169.87
L0026411,INV-2025-012818,INV,,20251018,202510,41,4,389,13,SA,SAR,3.75,2,12000.0,0.0674,24000.0,1617.6,22382.4,10080.0,12302.4,1.25,,0,83934.0
L0026382,INV-2025-012808,INV,,20251018,202510,39,4,415,10,SA,SAR,3.75,1,3000.0,0.0862,3000.0,258.6,2741.4,900.0,1841.4,1.25,,0,10280.25
L0026093,INV-2025-012643,INV,,20251018,202510,24,2,120,7,EG,EGP,49.5606,1,1200.0,0.1286,1200.0,154.32,1045.68,360.0,685.68,1.0,,0,51824.53
L0031261,CN-2025-00297,CN,INV-2025-011446,20251018,202510,31,3,334,17,EG,EGP,49.5606,-1,450.0,0.2151,-450.0,-96.8,-353.2,-337.5,-15.7,1.0,50.0,0,-17505.05
L0026094,INV-2025-012643,INV,,20251018,202510,24,2,120,8,EG,EGP,49.5606,1,1500.0,0.076,1500.0,114.0,1386.0,1050.0,336.0,1.0,,0,68690.99
L0026493,INV-2025-012849,INV,,20251018,202510,83,4,436,12,SA,SAR,3.75,1,4800.0,0.122,4800.0,585.6,4214.4,2160.0,2054.4,1.25,,0,15804.0
L0026009,INV-2025-012593,INV,,20251019,202510,18,2,211,1,EG,EGP,49.5606,1,2400.0,0.0694,2400.0,166.56,2233.44,1320.0,913.44,1.0,,0,110690.63
L0026970,INV-2025-013076,INV,,20251019,202510,68,7,786,17,AE,AED,3.6725,3,450.0,0.2312,1350.0,312.12,1037.88,1012.5,25.38,1.0,,0,3811.6
L0026294,INV-2025-012762,INV,,20251019,202510,32,3,358,9,EG,EGP,49.5606,1,6000.0,0.233,6000.0,1398.0,4602.0,2100.0,2502.0,1.25,,0,228077.88
L0026614,INV-2025-012911,INV,,20251020,202510,51,5,574,16,SA,SAR,3.75,1,2200.0,0.0485,2200.0,106.7,2093.3,1760.0,333.3,1.0,,0,7849.88
L0026121,INV-2025-012660,INV,,20251020,202510,25,2,128,17,EG,EGP,49.5606,6,450.0,0.0236,2700.0,63.72,2636.28,2025.0,611.28,1.0,,0,130655.62
L0027045,INV-2025-013105,INV,,20251020,202510,57,7,809,16,AE,AED,3.6725,5,2200.0,0.1909,11000.0,2099.9,8900.1,8800.0,100.1,1.0,,0,32685.62
L0025869,INV-2025-012538,INV,,20251020,202510,10,1,44,12,EG,EGP,49.5606,3,4800.0,0.1592,14400.0,2292.48,12107.52,6480.0,5627.52,1.25,,0,600055.96
L0027196,INV-2025-013185,INV,,20251020,202510,88,8,922,7,OM,OMR,0.3845,1,1200.0,0.055,1200.0,66.01,1133.99,360.0,773.99,1.0,,0,436.02
L0026021,INV-2025-012599,INV,,20251020,202510,18,2,225,3,EG,EGP,49.5606,1,3600.0,0.0,3600.0,0.0,3600.0,1620.0,1980.0,1.0,,0,178418.16
L0026270,INV-2025-012751,INV,,20251021,202510,31,3,354,1,EG,EGP,49.5606,1,2400.0,0.1881,2400.0,451.44,1948.56,1320.0,628.56,1.0,,0,96571.8
L0026537,INV-2025-012864,INV,,20251021,202510,46,5,626,10,SA,SAR,3.75,1,3000.0,0.0661,3000.0,198.3,2801.7,900.0,1901.7,1.25,,0,10506.38
L0025969,INV-2025-012576,INV,,20251021,202510,17,1,9,1,EG,EGP,49.5606,1,2400.0,0.1223,2400.0,293.52,2106.48,1320.0,786.48,1.0,,0,104398.41
L0027053,INV-2025-013109,INV,,20251021,202510,57,7,797,8,AE,AED,3.6725,1,1500.0,0.1827,1500.0,274.05,1225.95,1050.0,175.95,1.0,,0,4502.3
L0026536,INV-2025-012864,INV,,20251021,202510,46,5,626,15,SA,SAR,3.75,4,1100.0,0.0372,4400.0,163.68,4236.32,3432.0,804.32,1.0,,0,15886.2
L0027094,INV-2025-013128,INV,,20251022,202510,97,7,776,16,AE,AED,3.6725,2,2200.0,0.2445,4400.0,1075.8,3324.2,3520.0,-195.8,1.0,,0,12208.12
L0026290,INV-2025-012759,INV,,20251022,202510,32,3,374,16,EG,EGP,49.5606,2,2200.0,0.1986,4400.0,873.84,3526.16,3520.0,6.16,1.0,,0,174758.61
L0027026,INV-2025-013097,INV,,20251022,202510,71,7,804,10,AE,AED,3.6725,1,3000.0,0.1643,3000.0,492.9,2507.1,900.0,1607.1,1.25,,0,9207.32
L0026234,INV-2025-012731,INV,,20251022,202510,9,2,103,17,EG,EGP,49.5606,1,450.0,0.0,450.0,0.0,450.0,337.5,112.5,1.0,,0,22302.27
L0031324,CN-2025-00332,CN,INV-2025-012926,20251022,202510,52,5,650,12,SA,SAR,3.75,-1,4800.0,0.0614,-4800.0,-294.72,-4505.28,-2160.0,-2345.28,1.25,7.0,0,-16894.8
L0027093,INV-2025-013128,INV,,20251022,202510,97,7,776,8,AE,AED,3.6725,3,1500.0,0.2251,4500.0,1012.95,3487.05,3150.0,337.05,1.0,,0,12806.19
L0027120,INV-2025-013141,INV,,20251023,202510,91,7,809,18,AE,AED,3.6725,7,800.0,0.1433,5600.0,802.48,4797.52,3080.0,1717.52,1.0,,0,17618.89
L0025855,INV-2025-012533,INV,,20251023,202510,10,1,60,10,EG,EGP,49.5606,4,3000.0,0.1227,12000.0,1472.4,10527.6,3600.0,6927.6,1.25,,0,521754.17
L0025856,INV-2025-012533,INV,,20251023,202510,10,1,60,8,EG,EGP,49.5606,38,1500.0,0.1317,57000.0,7506.9,49493.1,39900.0,9593.1,1.0,,0,2452907.73
L0026510,INV-2025-012855,INV,,20251023,202510,93,4,409,6,SA,SAR,3.75,2,7500.0,0.1167,15000.0,1750.5,13249.5,5700.0,7549.5,1.0,,0,49685.62
L0027010,INV-2025-013091,INV,,20251024,202510,71,7,786,7,AE,AED,3.6725,1,1200.0,0.2045,1200.0,245.4,954.6,360.0,594.6,1.0,,0,3505.77
L0025951,INV-2025-012570,INV,,20251024,202510,17,1,51,18,EG,EGP,49.5606,2,800.0,0.0956,1600.0,152.96,1447.04,880.0,567.04,1.0,,0,71716.17
L0026826,INV-2025-013020,INV,,20251024,202510,63,6,740,8,AE,AED,3.6725,11,1500.0,0.073,16500.0,1204.5,15295.5,11550.0,3745.5,1.0,,0,56172.72
L0026246,INV-2025-012737,INV,,20251024,202510,9,2,139,1,EG,EGP,49.5606,1,2400.0,0.039,2400.0,93.6,2306.4,1320.0,986.4,1.0,,0,114306.57
L0027011,INV-2025-013091,INV,,20251024,202510,71,7,786,16,AE,AED,3.6725,8,2200.0,0.1975,17600.0,3476.0,14124.0,14080.0,44.0,1.0,,0,51870.39
L0026146,INV-2025-012677,INV,,20251025,202510,26,2,149,7,EG,EGP,49.5606,1,1200.0,0.0921,1200.0,110.52,1089.48,360.0,729.48,1.0,,0,53995.28
L0025980,INV-2025-012579,INV,,20251025,202510,90,1,66,12,EG,EGP,49.5606,1,4800.0,0.1268,4800.0,608.64,4191.36,2160.0,2031.36,1.25,,0,207726.32
L0027233,INV-2025-013207,INV,,20251025,202510,92,8,956,8,OM,OMR,0.3845,2,1500.0,0.0935,3000.0,280.49,2719.51,2100.0,619.51,1.0,,0,1045.65
L0026780,INV-2025-013004,INV,,20251025,202510,58,6,713,10,AE,AED,3.6725,1,3000.0,0.0988,3000.0,296.4,2703.6,900.0,1803.6,1.25,,0,9928.97
L0026565,INV-2025-012883,INV,,20251025,202510,47,5,672,15,SA,SAR,3.75,2,1100.0,0.0886,2200.0,194.92,2005.08,1716.0,289.08,1.0,,0,7519.05
L0027154,INV-2025-013163,INV,,20251025,202510,75,8,919,1,OM,OMR,0.3845,1,2400.0,0.0638,2400.0,153.11,2246.89,1320.0,926.89,1.0,,0,863.93
L0026533,INV-2025-012863,INV,,20251025,202510,46,5,637,7,SA,SAR,3.75,1,1200.0,0.0775,1200.0,93.0,1107.0,360.0,747.0,1.0,,0,4151.25
L0026648,INV-2025-012931,INV,,20251026,202510,52,5,688,7,SA,SAR,3.75,3,1200.0,0.0294,3600.0,105.84,3494.16,1080.0,2414.16,1.0,,0,13103.1
L0026196,INV-2025-012707,INV,,20251026,202510,27,2,141,3,EG,EGP,49.5606,1,3600.0,0.0198,3600.0,71.28,3528.72,1620.0,1908.72,1.0,,0,174885.48
L0026333,INV-2025-012781,INV,,20251026,202510,35,3,371,15,EG,EGP,49.5606,2,1100.0,0.1849,2200.0,406.78,1793.22,1716.0,77.22,1.0,,0,88873.06
L0026870,INV-2025-013036,INV,,20251027,202510,64,6,734,1,AE,AED,3.6725,2,2400.0,0.0966,4800.0,463.68,4336.32,2640.0,1696.32,1.0,,0,15925.14
L0026591,INV-2025-012897,INV,,20251027,202510,48,5,465,1,SA,SAR,3.75,1,2400.0,0.0058,2400.0,13.92,2386.08,1320.0,1066.08,1.0,,0,8947.8
L0025930,INV-2025-012562,INV,,20251027,202510,15,1,55,18,EG,EGP,49.5606,5,800.0,0.0809,4000.0,323.6,3676.4,2200.0,1476.4,1.0,,0,182204.59
L0026049,INV-2025-012617,INV,,20251027,202510,21,2,155,17,EG,EGP,49.5606,3,450.0,0.0323,1350.0,43.61,1306.39,1012.5,293.89,1.0,,0,64745.72
L0027230,INV-2025-013206,INV,,20251027,202510,92,8,828,15,OM,OMR,0.3845,2,1100.0,0.0737,2200.0,162.13,2037.87,1716.0,321.87,1.0,,0,783.56
L0027180,INV-2025-013177,INV,,20251027,202510,82,8,956,1,OM,OMR,0.3845,1,2400.0,0.0004,2400.0,0.96,2399.04,1320.0,1079.04,1.0,,0,922.43
L0027137,INV-2025-013153,INV,,20251027,202510,73,8,948,17,OM,OMR,0.3845,1,449.99,0.0144,449.99,6.48,443.51,337.5,106.01,1.0,,0,170.53
L0027141,INV-2025-013156,INV,,20251027,202510,74,8,842,1,OM,OMR,0.3845,1,2400.0,0.0449,2400.0,107.75,2292.25,1320.0,972.25,1.0,,0,881.37
L0027240,INV-2025-013212,INV,,20251027,202510,92,8,923,5,OM,OMR,0.3845,1,1800.0,0.0694,1800.0,124.92,1675.08,720.0,955.08,1.0,,0,644.07
L0026758,INV-2025-012995,INV,,20251027,202510,84,5,673,8,SA,SAR,3.75,4,1500.0,0.0573,6000.0,343.8,5656.2,4200.0,1456.2,1.0,,0,21210.75
L0025931,INV-2025-012562,INV,,20251027,202510,15,1,55,1,EG,EGP,49.5606,1,2400.0,0.1308,2400.0,313.92,2086.08,1320.0,766.08,1.0,,0,103387.38
L0026783,INV-2025-013005,INV,,20251027,202510,58,6,717,7,AE,USD,1.0,1,1200.0,0.1031,1200.0,123.72,1076.28,360.0,716.28,1.0,,0,1076.28
L0026905,INV-2025-013048,INV,,20251027,202510,80,6,765,18,AE,AED,3.6725,4,800.0,0.059,3200.0,188.8,3011.2,1760.0,1251.2,1.0,,0,11058.63
L0026995,INV-2025-013084,INV,,20251027,202510,69,7,777,20,AE,AED,3.6725,2,1500.0,0.1934,3000.0,580.2,2419.8,1500.0,919.8,1.0,,0,8886.72
L0026635,INV-2025-012923,INV,,20251027,202510,51,5,540,15,SA,SAR,3.75,2,1100.0,0.0364,2200.0,80.08,2119.92,1716.0,403.92,1.0,,0,7949.7
L0026633,INV-2025-012922,INV,,20251027,202510,51,5,704,1,SA,SAR,3.75,2,2400.0,0.0658,4800.0,315.84,4484.16,2640.0,1844.16,1.0,,0,16815.6
L0026722,INV-2025-012974,INV,,20251027,202510,54,5,544,1,SA,SAR,3.75,1,2400.0,0.0492,2400.0,118.08,2281.92,1320.0,961.92,1.0,,0,8557.2
L0026740,INV-2025-012983,INV,,20251027,202510,55,5,557,1,SA,SAR,3.75,1,2400.0,0.0339,2400.0,81.36,2318.64,1320.0,998.64,1.0,,0,8694.9
L0026583,INV-2025-012894,INV,,20251027,202510,48,5,573,17,SA,SAR,3.75,7,450.0,0.0,3150.0,0.0,3150.0,2362.5,787.5,1.0,,0,11812.5
L0026567,INV-2025-012885,INV,,20251027,202510,47,5,491,1,SA,SAR,3.75,1,2400.0,0.0802,2400.0,192.48,2207.52,1320.0,887.52,1.0,,0,8278.2
L0026482,INV-2025-012846,INV,,20251027,202510,78,4,405,1,SA,SAR,3.75,1,2400.0,0.1171,2400.0,281.04,2118.96,1320.0,798.96,1.0,,0,7946.1
L0026311,INV-2025-012769,INV,,20251028,202510,33,3,341,7,EG,EGP,49.5606,3,1200.0,0.1674,3600.0,602.64,2997.36,1080.0,1917.36,1.0,,0,148550.96
L0026998,INV-2025-013085,INV,,20251028,202510,69,7,798,10,AE,AED,3.6725,3,3000.0,0.2015,9000.0,1813.5,7186.5,2700.0,4486.5,1.25,,0,26392.42
L0027216,INV-2025-013198,INV,,20251028,202510,89,8,849,1,OM,OMR,0.3845,1,2400.0,0.0466,2400.0,111.83,2288.17,1320.0,968.17,1.0,,0,879.8
L0026404,INV-2025-012816,INV,,20251028,202510,41,4,394,12,SA,SAR,3.75,1,4800.0,0.0341,4800.0,163.68,4636.32,2160.0,2476.32,1.25,,0,17386.2
L0026761,INV-2025-012998,INV,,20251028,202510,84,5,509,15,SA,SAR,3.75,5,1100.0,0.0428,5500.0,235.4,5264.6,4290.0,974.6,1.0,,0,19742.25
L0026886,INV-2025-013042,INV,,20251028,202510,80,6,764,10,AE,AED,3.6725,7,3000.0,0.0605,21000.0,1270.5,19729.5,6300.0,13429.5,1.25,,0,72456.59
L0027214,INV-2025-013197,INV,,20251028,202510,89,8,910,8,OM,OMR,0.3845,3,1500.0,0.0581,4500.0,261.46,4238.54,3150.0,1088.54,1.0,,0,1629.72
L0026996,INV-2025-013085,INV,,20251028,202510,69,7,798,10,AE,AED,3.6725,1,3000.0,0.207,3000.0,621.0,2379.0,900.0,1479.0,1.25,,0,8736.88
L0025999,INV-2025-012587,INV,,20251028,202510,90,1,1,5,EG,EGP,49.5606,1,1800.0,0.0716,1800.0,128.88,1671.12,720.0,951.12,1.0,,0,82821.71
L0026862,INV-2025-013034,INV,,20251028,202510,64,6,744,1,AE,AED,3.6725,1,2400.0,0.1136,2400.0,272.64,2127.36,1320.0,807.36,1.0,,0,7812.73
L0026742,INV-2025-012984,INV,,20251028,202510,55,5,664,7,SA,SAR,3.75,1,1200.0,0.0525,1200.0,63.0,1137.0,360.0,777.0,1.0,,0,4263.75
L0027228,INV-2025-013205,INV,,20251028,202510,92,8,867,17,OM,OMR,0.3845,1,449.99,0.0747,449.99,33.61,416.38,337.5,78.88,1.0,,0,160.1
L0026403,INV-2025-012816,INV,,20251028,202510,41,4,394,10,SA,SAR,3.75,1,3000.0,0.0492,3000.0,147.6,2852.4,900.0,1952.4,1.25,,0,10696.5
L0026043,INV-2025-012612,INV,,20251028,202510,19,2,330,1,EG,EGP,49.5606,1,2400.0,0.0101,2400.0,24.24,2375.76,1320.0,1055.76,1.0,,0,117744.09
L0026309,INV-2025-012769,INV,,20251028,202510,33,3,341,8,EG,EGP,49.5606,1,1500.0,0.1686,1500.0,252.9,1247.1,1050.0,197.1,1.0,,0,61807.02
L0027227,INV-2025-013205,INV,,20251028,202510,92,8,867,1,OM,OMR,0.3845,1,2400.0,0.0805,2400.0,193.21,2206.79,1320.0,886.79,1.0,,0,848.51
L0026407,INV-2025-012816,INV,,20251028,202510,41,4,394,8,SA,SAR,3.75,1,1500.0,0.0628,1500.0,94.2,1405.8,1050.0,355.8,1.0,,0,5271.75
L0026898,INV-2025-013046,INV,,20251029,202510,80,6,750,12,AE,USD,1.0,1,4800.0,0.0908,4800.0,435.84,4364.16,2160.0,2204.16,1.25,,1,4364.16
L0027200,INV-2025-013187,INV,,20251029,202510,88,8,863,15,OM,OMR,0.3845,1,1100.0,0.0797,1100.0,87.67,1012.33,858.0,154.33,1.0,,1,389.24
L0026367,INV-2025-012802,INV,,20251029,202510,36,4,390,8,SA,SAR,3.75,6,1500.0,0.1198,9000.0,1078.2,7921.8,6300.0,1621.8,1.0,,1,29706.75
L0031298,CN-2025-00315,CN,INV-2025-011827,20251029,202510,17,1,24,12,EG,EGP,49.5606,-1,4800.0,0.0891,-4800.0,-427.68,-4372.32,-2160.0,-2212.32,1.25,40.0,1,-216694.8
L0026947,INV-2025-013065,INV,,20251029,202510,99,6,738,12,AE,AED,3.6725,1,4800.0,0.1223,4800.0,587.04,4212.96,2160.0,2052.96,1.25,,1,15472.1
L0026834,INV-2025-013023,INV,,20251029,202510,63,6,772,10,AE,AED,3.6725,1,3000.0,0.088,3000.0,264.0,2736.0,900.0,1836.0,1.25,,1,10047.96
L0026833,INV-2025-013023,INV,,20251029,202510,63,6,772,12,AE,AED,3.6725,1,4800.0,0.0891,4800.0,427.68,4372.32,2160.0,2212.32,1.25,,1,16057.35
L0026176,INV-2025-012695,INV,,20251029,202510,27,2,125,5,EG,EGP,49.5606,3,1800.0,0.0405,5400.0,218.7,5181.3,2160.0,3021.3,1.0,,1,256788.34
L0026835,INV-2025-013023,INV,,20251029,202510,63,6,772,7,AE,AED,3.6725,3,1200.0,0.0816,3600.0,293.76,3306.24,1080.0,2226.24,1.0,,1,12142.17
L0027236,INV-2025-013210,INV,,20251029,202510,92,8,838,17,OM,OMR,0.3845,1,449.99,0.1283,449.99,57.74,392.25,337.5,54.75,1.0,,1,150.82
L0027166,INV-2025-013170,INV,,20251029,202510,75,8,852,20,OM,OMR,0.3845,3,1500.0,0.1076,4500.0,484.19,4015.81,2250.0,1765.81,1.0,,1,1544.08
L0026593,INV-2025-012899,INV,,20251029,202510,48,5,479,12,SA,SAR,3.75,1,4800.0,0.0253,4800.0,121.44,4678.56,2160.0,2518.56,1.25,,1,17544.6
L0027149,INV-2025-013160,INV,,20251029,202510,74,8,899,1,OM,OMR,0.3845,1,2400.0,0.088,2400.0,211.21,2188.79,1320.0,868.79,1.0,,1,841.59
L0026001,INV-2025-012588,INV,,20251029,202510,18,2,302,7,EG,EGP,49.5606,1,1200.0,0.0479,1200.0,57.48,1142.52,360.0,782.52,1.0,,1,56623.98
L0026691,INV-2025-012956,INV,,20251030,202510,53,5,632,1,SA,SAR,3.75,1,2400.0,0.1296,2400.0,311.04,2088.96,1320.0,768.96,1.0,,1,7833.6
L0026983,INV-2025-013080,INV,,20251030,202510,68,7,792,15,AE,AED,3.6725,11,1100.0,0.212,12100.0,2565.2,9534.8,9438.0,96.8,1.0,,1,35016.55
L0025992,INV-2025-012585,INV,,20251030,202510,90,1,60,1,EG,EGP,49.5606,2,2400.0,0.1222,4800.0,586.56,4213.44,2640.0,1573.44,1.0,,1,208820.61
L0027056,INV-2025-013111,INV,,20251030,202510,57,7,784,8,AE,AED,3.6725,7,1500.0,0.2395,10500.0,2514.75,7985.25,7350.0,635.25,1.0,,1,29325.83
L0026824,INV-2025-013019,INV,,20251030,202510,62,6,715,10,AE,AED,3.6725,1,3000.0,0.1477,3000.0,443.1,2556.9,900.0,1656.9,1.25,,1,9390.22
L0026698,INV-2025-012960,INV,,20251030,202510,53,5,611,1,SA,SAR,3.75,2,2400.0,0.1174,4800.0,563.52,4236.48,2640.0,1596.48,1.0,,1,15886.8
L0027086,INV-2025-013124,INV,,20251030,202510,97,7,813,2,AE,AED,3.6725,2,14000.0,0.2499,28000.0,6997.2,21002.8,14000.0,7002.8,1.0,,1,77132.78
L0026244,INV-2025-012736,INV,,20251030,202510,9,2,125,1,EG,EGP,49.5606,1,2400.0,0.0486,2400.0,116.64,2283.36,1320.0,963.36,1.0,,1,113164.69
L0026794,INV-2025-013008,INV,,20251030,202510,58,6,722,12,AE,AED,3.6725,1,4800.0,0.1392,4800.0,668.16,4131.84,2160.0,1971.84,1.25,,1,15174.18
L0027057,INV-2025-013111,INV,,20251030,202510,57,7,784,1,AE,AED,3.6725,5,2400.0,0.273,12000.0,3276.0,8724.0,6600.0,2124.0,1.0,,1,32038.89
L0026472,INV-2025-012841,INV,,20251030,202510,78,4,388,18,SA,SAR,3.75,12,800.0,0.1467,9600.0,1408.32,8191.68,5280.0,2911.68,1.0,,1,30718.8
L0031309,CN-2025-00323,CN,INV-2025-012407,20251030,202510,100,7,784,3,AE,AED,3.6725,-1,3600.0,0.1925,-3600.0,-693.0,-2907.0,-1620.0,-1287.0,1.0,43.0,1,-10675.96
L0026361,INV-2025-012799,INV,,20251030,202510,101,3,337,20,EG,EGP,49.5606,2,1500.0,0.2196,3000.0,658.8,2341.2,1500.0,841.2,1.0,,1,116031.28
L0026543,INV-2025-012869,INV,,20251030,202510,46,5,626,9,SA,SAR,3.75,1,6000.0,0.1159,6000.0,695.4,5304.6,2100.0,3204.6,1.25,,1,19892.25
L0026721,INV-2025-012973,INV,,20251030,202510,54,5,631,7,SA,SAR,3.75,4,1200.0,0.1132,4800.0,543.36,4256.64,1440.0,2816.64,1.0,,1,15962.4
L0025934,INV-2025-012563,INV,,20251031,202510,15,1,22,1,EG,EGP,49.5606,1,2400.0,0.1321,2400.0,317.04,2082.96,1320.0,762.96,1.0,,1,103232.75
L0026689,INV-2025-012955,INV,,20251031,202510,53,5,526,10,SA,SAR,3.75,1,3000.0,0.1476,3000.0,442.8,2557.2,900.0,1657.2,1.25,,1,9589.5
L0026192,INV-2025-012706,INV,,20251031,202510,27,2,161,17,EG,EGP,49.5606,4,450.0,0.0381,1800.0,68.58,1731.42,1350.0,381.42,1.0,,1,85810.21
L0026107,INV-2025-012651,INV,,20251031,202510,25,2,158,1,EG,EGP,49.5606,1,2400.0,0.0378,2400.0,90.72,2309.28,1320.0,989.28,1.0,,1,114449.3
L0025926,INV-2025-012560,INV,,20251031,202510,15,1,6,7,EG,EGP,49.5606,1,1200.0,0.1673,1200.0,200.76,999.24,360.0,639.24,1.0,,1,49522.93
L0025898,INV-2025-012549,INV,,20251031,202510,13,1,14,1,EG,EGP,49.5606,1,2400.0,0.1722,2400.0,413.28,1986.72,1320.0,666.72,1.0,,1,98463.04
L0026178,INV-2025-012697,INV,,20251031,202510,27,2,190,18,EG,EGP,49.5606,3,800.0,0.0339,2400.0,81.36,2318.64,1320.0,998.64,1.0,,1,114913.19
L0027245,INV-2025-013216,INV,,20251031,202510,92,8,969,1,OM,OMR,0.3845,1,2400.0,0.101,2400.0,242.39,2157.61,1320.0,837.61,1.0,,1,829.6
L0026641,INV-2025-012927,INV,,20251031,202510,52,5,660,7,SA,SAR,3.75,1,1200.0,0.0795,1200.0,95.4,1104.6,360.0,744.6,1.0,,1,4142.25
L0026280,INV-2025-012755,INV,,20251031,202510,31,3,353,8,EG,EGP,49.5606,30,1500.0,0.1809,45000.0,8140.5,36859.5,31500.0,5359.5,1.0,,1,1826778.94
L0027110,INV-2025-013136,INV,,20251031,202510,100,7,806,16,AE,AED,3.6725,2,2200.0,0.1481,4400.0,651.64,3748.36,3520.0,228.36,1.0,,1,13765.85
L0027252,INV-2025-013219,INV,,20251031,202510,92,8,920,1,OM,OMR,0.3845,1,2400.0,0.1204,2400.0,288.97,2111.03,1320.0,791.03,1.0,,1,811.69
L0026822,INV-2025-013018,INV,,20251031,202510,62,6,747,10,AE,AED,3.6725,1,3000.0,0.1541,3000.0,462.3,2537.7,900.0,1637.7,1.25,,1,9319.7
L0028215,INV-2025-013684,INV,,20251101,202511,53,5,520,8,SA,SAR,3.75,3,1500.0,0.09,4500.0,405.0,4095.0,3150.0,945.0,1.0,,0,15356.25
L0027947,INV-2025-013559,INV,,20251101,202511,42,4,394,5,SA,SAR,3.75,1,1800.0,0.1282,1800.0,230.76,1569.24,720.0,849.24,1.0,,0,5884.65
L0028696,INV-2025-013897,INV,,20251101,202511,73,8,925,5,OM,OMR,0.3845,2,1800.0,0.0352,3600.0,126.71,3473.29,1440.0,2033.29,1.0,,0,1335.48
L0028042,INV-2025-013591,INV,,20251101,202511,93,4,376,5,SA,SAR,3.75,2,1800.0,0.1097,3600.0,394.92,3205.08,1440.0,1765.08,1.0,,0,12019.05
L0027890,INV-2025-013540,INV,,20251101,202511,39,4,415,20,SA,SAR,3.75,6,1500.0,0.091,9000.0,819.0,8181.0,4500.0,3681.0,1.0,,0,30678.75
L0027349,INV-2025-013260,INV,,20251101,202511,13,1,39,10,EG,EGP,50.1441,1,3000.0,0.1661,3000.0,498.3,2501.7,900.0,1601.7,1.25,,0,125445.49
L0027946,INV-2025-013559,INV,,20251101,202511,42,4,394,1,SA,SAR,3.75,1,2400.0,0.0701,2400.0,168.24,2231.76,1320.0,911.76,1.0,,0,8369.1
L0028122,INV-2025-013630,INV,,20251101,202511,48,5,516,1,SA,SAR,3.75,1,2400.0,0.0,2400.0,0.0,2400.0,1320.0,1080.0,1.0,,0,9000.0
L0027371,INV-2025-013269,INV,,20251101,202511,14,1,25,12,EG,EGP,50.1441,1,4800.0,0.1124,4800.0,539.52,4260.48,2160.0,2100.48,1.25,,0,213637.94
L0028889,INV-2025-014010,INV,,20251101,202511,92,8,891,1,OM,OMR,0.3845,1,2400.0,0.104,2400.0,249.6,2150.4,1320.0,830.4,1.0,,0,826.83
L0028029,INV-2025-013586,INV,,20251102,202511,83,4,404,12,SA,SAR,3.75,1,4800.0,0.0776,4800.0,372.48,4427.52,2160.0,2267.52,1.25,,0,16603.2
L0028762,INV-2025-013936,INV,,20251102,202511,75,8,912,3,OM,OMR,0.3845,1,3600.0,0.0736,3600.0,264.97,3335.03,1620.0,1715.03,1.0,,0,1282.32
L0027605,INV-2025-013399,INV,,20251102,202511,26,2,109,7,EG,EGP,50.1441,1,1200.0,0.0915,1200.0,109.8,1090.2,360.0,730.2,1.0,,0,54667.1
L0027544,INV-2025-013365,INV,,20251102,202511,24,2,151,15,EG,EGP,50.1441,1,1100.0,0.1473,1100.0,162.03,937.97,858.0,79.97,1.0,,0,47033.66
L0028761,INV-2025-013936,INV,,20251102,202511,75,8,912,12,OM,OMR,0.3845,1,4800.0,0.0848,4800.0,407.05,4392.95,2160.0,2232.95,1.25,,0,1689.09
L0028863,INV-2025-013994,INV,,20251103,202511,89,8,861,7,OM,OMR,0.3845,4,1200.0,0.0478,4800.0,229.44,4570.56,1440.0,3130.56,1.0,,0,1757.38
L0027602,INV-2025-013397,INV,,20251103,202511,26,2,118,10,EG,EGP,50.1441,1,3000.0,0.0697,3000.0,209.1,2790.9,900.0,1890.9,1.25,,0,139947.17
L0027894,INV-2025-013541,INV,,20251103,202511,39,4,437,14,SA,USD,1.0,1,9600.0,0.0711,9600.0,682.56,8917.44,4800.0,4117.44,1.25,,0,8917.44
L0028840,INV-2025-013981,INV,,20251103,202511,89,8,870,17,OM,OMR,0.3845,2,449.99,0.0721,899.97,64.89,835.08,675.0,160.08,1.0,,0,321.09
L0028106,INV-2025-013623,INV,,20251103,202511,48,5,556,1,SA,SAR,3.75,1,2400.0,0.0078,2400.0,18.72,2381.28,1320.0,1061.28,1.0,,0,8929.8
L0028694,INV-2025-013896,INV,,20251104,202511,91,7,813,15,AE,AED,3.6725,14,1100.0,0.1426,15400.0,2196.04,13203.96,12012.0,1191.96,1.0,,0,48491.54
L0028422,INV-2025-013780,INV,,20251104,202511,63,6,756,1,AE,AED,3.6725,1,2400.0,0.0439,2400.0,105.36,2294.64,1320.0,974.64,1.0,,0,8427.07
L0028642,INV-2025-013866,INV,,20251104,202511,97,7,798,14,AE,AED,3.6725,1,9600.0,0.215,9600.0,2064.0,7536.0,4800.0,2736.0,1.25,,0,27675.96
L0028209,INV-2025-013681,INV,,20251104,202511,53,5,657,8,SA,SAR,3.75,2,1500.0,0.0862,3000.0,258.6,2741.4,2100.0,641.4,1.0,,0,10280.25
L0031295,CN-2025-00314,CN,INV-2025-011819,20251104,202511,16,1,64,10,EG,EGP,50.1441,-1,3000.0,0.1031,-3000.0,-309.3,-2690.7,-900.0,-1790.7,1.25,55.0,0,-134922.73
L0028766,INV-2025-013939,INV,,20251104,202511,82,8,886,12,OM,OMR,0.3845,1,4800.0,0.0639,4800.0,306.71,4493.29,2160.0,2333.29,1.25,,0,1727.67
L0027406,INV-2025-013283,INV,,20251104,202511,16,1,48,12,EG,EGP,50.1441,1,4800.0,0.1006,4800.0,482.88,4317.12,2160.0,2157.12,1.25,,0,216478.1
L0028470,INV-2025-013797,INV,,20251104,202511,81,6,725,18,AE,AED,3.6725,13,800.0,0.0881,10400.0,916.24,9483.76,5720.0,3763.76,1.0,,0,34829.11
L0028471,INV-2025-013797,INV,,20251104,202511,81,6,725,8,AE,AED,3.6725,3,1500.0,0.0454,4500.0,204.3,4295.7,3150.0,1145.7,1.0,,0,15775.96
L0028874,INV-2025-014000,INV,,20251104,202511,92,8,917,17,OM,OMR,0.3845,13,449.99,0.0794,5849.83,464.47,5385.36,4387.5,997.86,1.0,,0,2070.67
L0028101,INV-2025-013621,INV,,20251104,202511,47,5,632,7,SA,SAR,3.75,1,1200.0,0.0777,1200.0,93.24,1106.76,360.0,746.76,1.0,,0,4150.35
L0028266,INV-2025-013713,INV,,20251105,202511,55,5,684,7,SA,SAR,3.75,1,1200.0,0.0535,1200.0,64.2,1135.8,360.0,775.8,1.0,,0,4259.25
L0028216,INV-2025-013685,INV,,20251105,202511,53,5,701,17,SA,SAR,3.75,31,450.0,0.107,13950.0,1492.65,12457.35,10462.5,1994.85,1.0,,0,46715.06
L0028270,INV-2025-013715,INV,,20251105,202511,55,5,528,7,SA,SAR,3.75,1,1200.0,0.0031,1200.0,3.72,1196.28,360.0,836.28,1.0,,0,4486.05
L0028222,INV-2025-013688,INV,,20251105,202511,53,5,550,3,SA,SAR,3.75,2,3600.0,0.1028,7200.0,740.16,6459.84,3240.0,3219.84,1.0,,0,24224.4
L0028269,INV-2025-013715,INV,,20251105,202511,55,5,528,1,SA,SAR,3.75,1,2400.0,0.0176,2400.0,42.24,2357.76,1320.0,1037.76,1.0,,0,8841.6
L0028811,INV-2025-013965,INV,,20251105,202511,88,8,867,1,OM,OMR,0.3845,1,2400.0,0.0547,2400.0,131.29,2268.71,1320.0,948.71,1.0,,0,872.32
L0028783,INV-2025-013950,INV,,20251105,202511,82,8,956,5,OM,OMR,0.3845,3,1800.0,0.042,5400.0,226.79,5173.21,2160.0,3013.21,1.0,,0,1989.1
L0027761,INV-2025-013484,INV,,20251105,202511,33,3,369,8,EG,EGP,50.1441,3,1500.0,0.1606,4500.0,722.7,3777.3,3150.0,627.3,1.0,,0,189409.31
L0028272,INV-2025-013716,INV,,20251105,202511,55,5,645,15,SA,SAR,3.75,4,1100.0,0.0353,4400.0,155.32,4244.68,3432.0,812.68,1.0,,0,15917.55
L0027997,INV-2025-013576,INV,,20251106,202511,45,4,403,8,SA,SAR,3.75,5,1500.0,0.1255,7500.0,941.25,6558.75,5250.0,1308.75,1.0,,0,24595.31
L0027787,INV-2025-013498,INV,,20251106,202511,35,3,372,12,EG,EGP,50.1441,1,4800.0,0.227,4800.0,1089.6,3710.4,2160.0,1550.4,1.25,,0,186054.67
L0028714,INV-2025-013909,INV,,20251106,202511,73,8,956,18,OM,OMR,0.3845,3,800.0,0.0197,2400.0,47.28,2352.72,1320.0,1032.72,1.0,,0,904.62
L0027570,INV-2025-013380,INV,,20251106,202511,25,2,252,1,EG,EGP,50.1441,1,2400.0,0.0379,2400.0,90.96,2309.04,1320.0,989.04,1.0,,0,115784.73
L0027569,INV-2025-013380,INV,,20251106,202511,25,2,252,10,EG,EGP,50.1441,1,3000.0,0.0262,3000.0,78.6,2921.4,900.0,2021.4,1.25,,0,146490.97
L0027496,INV-2025-013337,INV,,20251106,202511,21,2,261,1,EG,EGP,50.1441,1,2400.0,0.0419,2400.0,100.56,2299.44,1320.0,979.44,1.0,,0,115303.35
L0028047,INV-2025-013592,INV,,20251106,202511,93,4,423,12,SA,SAR,3.75,3,4800.0,0.1164,14400.0,1676.16,12723.84,6480.0,6243.84,1.25,,0,47714.4
L0027999,INV-2025-013576,INV,,20251106,202511,45,4,403,10,SA,SAR,3.75,5,3000.0,0.1269,15000.0,1903.5,13096.5,4500.0,8596.5,1.25,,0,49111.88
L0028822,INV-2025-013972,INV,,20251106,202511,88,8,856,7,OM,OMR,0.3845,1,1200.0,0.0605,1200.0,72.59,1127.41,360.0,767.41,1.0,,0,433.49
L0028859,INV-2025-013992,INV,,20251106,202511,89,8,957,7,OM,OMR,0.3845,2,1200.0,0.0113,2400.0,27.13,2372.87,720.0,1652.87,1.0,,0,912.37
L0027981,INV-2025-013570,INV,,20251107,202511,45,4,382,18,SA,SAR,3.75,5,800.0,0.098,4000.0,392.0,3608.0,2200.0,1408.0,1.0,,0,13530.0
L0027980,INV-2025-013570,INV,,20251107,202511,45,4,382,12,SA,SAR,3.75,1,4800.0,0.1101,4800.0,528.48,4271.52,2160.0,2111.52,1.25,,0,16018.2
L0028193,INV-2025-013673,INV,,20251107,202511,52,5,619,1,SA,SAR,3.75,1,2400.0,0.0075,2400.0,18.0,2382.0,1320.0,1062.0,1.0,,0,8932.5
L0031254,CN-2025-00294,CN,INV-2025-011368,20251107,202511,25,2,222,17,EG,EGP,50.1441,-1,450.0,0.0367,-450.0,-16.52,-433.48,-337.5,-95.98,1.0,79.0,0,-21736.71
L0028275,INV-2025-013718,INV,,20251107,202511,55,5,657,7,SA,SAR,3.75,5,1200.0,0.0361,6000.0,216.6,5783.4,1800.0,3983.4,1.0,,0,21687.75
L0028888,INV-2025-014009,INV,,20251107,202511,92,8,849,17,OM,OMR,0.3845,14,449.99,0.1054,6299.82,664.01,5635.81,4725.0,910.81,1.0,,0,2166.97
L0028290,INV-2025-013726,INV,,20251107,202511,55,5,453,17,SA,SAR,3.75,9,450.0,0.0327,4050.0,132.43,3917.57,3037.5,880.07,1.0,,0,14690.87
L0027592,INV-2025-013392,INV,,20251108,202511,25,2,84,5,EG,EGP,50.1441,2,1800.0,0.0364,3600.0,131.04,3468.96,1440.0,2028.96,1.0,,0,173947.88
L0027402,INV-2025-013281,INV,,20251108,202511,16,1,32,12,EG,EGP,50.1441,1,4800.0,0.0777,4800.0,372.96,4427.04,2160.0,2267.04,1.25,,0,221989.94
L0027403,INV-2025-013281,INV,,20251108,202511,16,1,32,12,EG,EGP,50.1441,1,4800.0,0.063,4800.0,302.4,4497.6,2160.0,2337.6,1.25,,0,225528.1
L0028793,INV-2025-013956,INV,,20251108,202511,88,8,837,12,OM,OMR,0.3845,1,4800.0,0.0796,4800.0,382.08,4417.92,2160.0,2257.92,1.25,,0,1698.69
L0031314,CN-2025-00327,CN,INV-2025-012750,20251108,202511,87,2,288,17,EG,EGP,50.1441,-8,450.0,0.0384,-3600.0,-138.24,-3461.76,-2700.0,-761.76,1.0,24.0,0,-173586.8
L0027317,INV-2025-013247,INV,,20251108,202511,11,1,47,10,EG,EGP,50.1441,2,3000.0,0.0956,6000.0,573.6,5426.4,1800.0,3626.4,1.25,,0,272101.94
L0028721,INV-2025-013913,INV,,20251108,202511,74,8,906,7,OM,OMR,0.3845,1,1200.0,0.0902,1200.0,108.24,1091.76,360.0,731.76,1.0,,0,419.78
L0028798,INV-2025-013958,INV,,20251108,202511,88,8,851,18,OM,OMR,0.3845,2,800.0,0.0771,1600.0,123.36,1476.64,880.0,596.64,1.0,,0,567.77
L0028794,INV-2025-013956,INV,,20251108,202511,88,8,837,18,OM,OMR,0.3845,4,800.0,0.0284,3200.0,90.87,3109.13,1760.0,1349.13,1.0,,0,1195.46
L0027611,INV-2025-013401,INV,,20251109,202511,26,2,250,1,EG,EGP,50.1441,1,2400.0,0.0962,2400.0,230.88,2169.12,1320.0,849.12,1.0,,0,108768.57
L0027978,INV-2025-013569,INV,,20251109,202511,43,4,430,18,SA,SAR,3.75,5,800.0,0.1127,4000.0,450.8,3549.2,2200.0,1349.2,1.0,,0,13309.5
L0028059,INV-2025-013596,INV,,20251110,202511,93,4,380,12,SA,SAR,3.75,1,4800.0,0.1004,4800.0,481.92,4318.08,2160.0,2158.08,1.25,,0,16192.8
L0028057,INV-2025-013596,INV,,20251110,202511,93,4,380,10,SA,SAR,3.75,1,3000.0,0.1573,3000.0,471.9,2528.1,900.0,1628.1,1.25,,0,9480.38
L0027811,INV-2025-013508,INV,,20251110,202511,95,3,352,17,EG,EGP,50.1441,1,450.0,0.1756,450.0,79.02,370.98,337.5,33.48,1.0,,0,18602.45
L0027386,INV-2025-013275,INV,,20251110,202511,14,1,5,7,EG,EGP,50.1441,5,1200.0,0.1565,6000.0,939.0,5061.0,1800.0,3261.0,1.0,,0,253779.29
L0028555,INV-2025-013831,INV,,20251110,202511,69,7,796,19,AE,AED,3.6725,1,5500.0,0.2247,5500.0,1235.85,4264.15,2475.0,1789.15,1.0,,0,15660.09
L0027522,INV-2025-013354,INV,,20251111,202511,23,2,221,8,EG,EGP,50.1441,1,1500.0,0.092,1500.0,138.0,1362.0,1050.0,312.0,1.0,,0,68296.26
L0028414,INV-2025-013777,INV,,20251111,202511,63,6,747,10,AE,AED,3.6725,1,3000.0,0.0667,3000.0,200.1,2799.9,900.0,1899.9,1.25,,0,10282.63
L0027364,INV-2025-013267,INV,,20251112,202511,14,1,6,20,EG,EGP,50.1441,2,1500.0,0.1054,3000.0,316.2,2683.8,1500.0,1183.8,1.0,,0,134576.74
L0028191,INV-2025-013672,INV,,20251112,202511,52,5,566,1,SA,SAR,3.75,1,2400.0,0.0265,2400.0,63.6,2336.4,1320.0,1016.4,1.0,,0,8761.5
L0027745,INV-2025-013477,INV,,20251112,202511,32,3,335,7,EG,EGP,50.1441,1,1200.0,0.2178,1200.0,261.36,938.64,360.0,578.64,1.0,,0,47067.26
L0028311,INV-2025-013738,INV,,20251112,202511,84,5,553,1,SA,SAR,3.75,1,2400.0,0.052,2400.0,124.8,2275.2,1320.0,955.2,1.0,,0,8532.0
L0028026,INV-2025-013585,INV,,20251112,202511,83,4,421,8,SA,SAR,3.75,18,1500.0,0.1002,27000.0,2705.4,24294.6,18900.0,5394.6,1.0,,0,91104.75
L0027877,INV-2025-013535,INV,,20251112,202511,37,4,427,12,SA,SAR,3.75,1,4800.0,0.1025,4800.0,492.0,4308.0,2160.0,2148.0,1.25,,0,16155.0
L0028829,INV-2025-013975,INV,,20251112,202511,89,8,907,10,OM,OMR,0.3845,1,3000.0,0.0432,3000.0,129.6,2870.4,900.0,1970.4,1.25,,0,1103.67
L0028429,INV-2025-013782,INV,,20251113,202511,64,6,765,10,AE,AED,3.6725,1,3000.0,0.0887,3000.0,266.1,2733.9,900.0,1833.9,1.25,,0,10040.25
L0027483,INV-2025-013329,INV,,20251113,202511,21,2,77,5,EG,EGP,50.1441,1,1800.0,0.0208,1800.0,37.44,1762.56,720.0,1042.56,1.0,,0,88381.98
L0027910,INV-2025-013547,INV,,20251113,202511,40,4,428,8,SA,SAR,3.75,3,1500.0,0.1234,4500.0,555.3,3944.7,3150.0,794.7,1.0,,0,14792.62
L0028654,INV-2025-013874,INV,,20251113,202511,97,7,816,18,AE,AED,3.6725,17,800.0,0.2156,13600.0,2932.16,10667.84,7480.0,3187.84,1.0,,0,39177.64
L0028090,INV-2025-013614,INV,,20251113,202511,47,5,592,7,SA,SAR,3.75,1,1200.0,0.087,1200.0,104.4,1095.6,360.0,735.6,1.0,,0,4108.5
L0028615,INV-2025-013855,INV,,20251114,202511,94,7,781,9,AE,AED,3.6725,2,6000.0,0.2122,12000.0,2546.4,9453.6,4200.0,5253.6,1.25,,0,34718.35
L0028869,INV-2025-013997,INV,,20251114,202511,92,8,934,15,OM,OMR,0.3845,4,1100.0,0.0728,4400.0,320.31,4079.69,3432.0,647.69,1.0,,0,1568.64
L0028532,INV-2025-013820,INV,,20251114,202511,68,7,820,12,AE,AED,3.6725,1,4800.0,0.2208,4800.0,1059.84,3740.16,2160.0,1580.16,1.25,,0,13735.74
L0028531,INV-2025-013820,INV,,20251114,202511,68,7,820,15,AE,AED,3.6725,10,1100.0,0.1862,11000.0,2048.2,8951.8,8580.0,371.8,1.0,,0,32875.49
L0028170,INV-2025-013660,INV,,20251114,202511,52,5,521,1,SA,SAR,3.75,1,2400.0,0.0826,2400.0,198.24,2201.76,1320.0,881.76,1.0,,0,8256.6
L0027434,INV-2025-013295,INV,,20251114,202511,18,2,266,16,EG,EGP,50.1441,1,2200.0,0.0176,2200.0,38.72,2161.28,1760.0,401.28,1.0,,0,108375.44
L0028544,INV-2025-013827,INV,,20251114,202511,69,7,794,17,AE,AED,3.6725,1,450.0,0.1873,450.0,84.29,365.71,337.5,28.21,1.0,,0,1343.08
L0027294,INV-2025-013239,INV,,20251114,202511,11,1,51,10,EG,EGP,50.1441,1,3000.0,0.0784,3000.0,235.2,2764.8,900.0,1864.8,1.25,,0,138638.41
L0027577,INV-2025-013383,INV,,20251114,202511,25,2,330,1,EG,EGP,50.1441,1,2400.0,0.056,2400.0,134.4,2265.6,1320.0,945.6,1.0,,0,113606.47
L0027396,INV-2025-013279,INV,,20251114,202511,14,1,57,8,EG,EGP,50.1441,1,1500.0,0.1273,1500.0,190.95,1309.05,1050.0,259.05,1.0,,0,65641.13
L0028162,INV-2025-013655,INV,,20251114,202511,52,5,589,5,SA,SAR,3.75,3,1800.0,0.0372,5400.0,200.88,5199.12,2160.0,3039.12,1.0,,0,19496.7
L0028263,INV-2025-013711,INV,,20251115,202511,55,5,562,8,SA,SAR,3.75,7,1500.0,0.032,10500.0,336.0,10164.0,7350.0,2814.0,1.0,,0,38115.0
L0031280,CN-2025-00308,CN,INV-2025-011702,20251115,202511,79,7,785,7,AE,AED,3.6725,-1,1200.0,0.2041,-1200.0,-244.92,-955.08,-360.0,-595.08,1.0,80.0,0,-3507.53
L0027305,INV-2025-013242,INV,,20251115,202511,11,1,66,3,EG,EGP,50.1441,1,3600.0,0.1122,3600.0,403.92,3196.08,1620.0,1576.08,1.0,,0,160264.56
L0028337,INV-2025-013750,INV,,20251116,202511,56,6,727,12,AE,USD,1.0,1,4800.0,0.1503,4800.0,721.44,4078.56,2160.0,1918.56,1.25,,0,4078.56
L0027923,INV-2025-013551,INV,,20251116,202511,40,4,400,1,SA,SAR,3.75,1,2400.0,0.1018,2400.0,244.32,2155.68,1320.0,835.68,1.0,,0,8083.8
L0027389,INV-2025-013276,INV,,20251116,202511,14,1,30,10,EG,EGP,50.1441,1,3000.0,0.1582,3000.0,474.6,2525.4,900.0,1625.4,1.25,,0,126633.91
L0027649,INV-2025-013425,INV,,20251116,202511,28,2,249,7,EG,EGP,50.1441,3,1200.0,0.0565,3600.0,203.4,3396.6,1080.0,2316.6,1.0,,0,170319.45
L0027961,INV-2025-013564,INV,,20251116,202511,43,4,421,2,SA,SAR,3.75,1,14000.0,0.0872,14000.0,1220.8,12779.2,7000.0,5779.2,1.0,,0,47922.0
L0027727,INV-2025-013469,INV,,20251116,202511,31,3,352,10,EG,EGP,50.1441,1,3000.0,0.1615,3000.0,484.5,2515.5,900.0,1615.5,1.25,,0,126137.48
L0027962,INV-2025-013564,INV,,20251116,202511,43,4,421,12,SA,SAR,3.75,1,4800.0,0.1061,4800.0,509.28,4290.72,2160.0,2130.72,1.25,,0,16090.2
L0028010,INV-2025-013580,INV,,20251116,202511,78,4,404,10,SA,SAR,3.75,1,3000.0,0.0887,3000.0,266.1,2733.9,900.0,1833.9,1.25,,0,10252.12
L0028294,INV-2025-013730,INV,,20251116,202511,55,5,485,7,SA,SAR,3.75,1,1200.0,0.0193,1200.0,23.16,1176.84,360.0,816.84,1.0,,0,4413.15
L0027471,INV-2025-013320,INV,,20251116,202511,19,2,110,1,EG,EGP,50.1441,1,2400.0,0.0237,2400.0,56.88,2343.12,1320.0,1023.12,1.0,,0,117493.64
L0028336,INV-2025-013750,INV,,20251116,202511,56,6,727,4,AE,USD,1.0,1,9000.0,0.1486,9000.0,1337.4,7662.6,4950.0,2712.6,1.0,,0,7662.6
L0028537,INV-2025-013823,INV,,20251116,202511,68,7,795,5,AE,AED,3.6725,3,1800.0,0.2344,5400.0,1265.76,4134.24,2160.0,1974.24,1.0,,0,15183.0
L0028860,INV-2025-013993,INV,,20251116,202511,89,8,958,1,OM,OMR,0.3845,1,2400.0,0.0019,2400.0,4.55,2395.45,1320.0,1075.45,1.0,,0,921.05
L0028861,INV-2025-013993,INV,,20251116,202511,89,8,958,10,OM,OMR,0.3845,1,3000.0,0.0,3000.0,0.0,3000.0,900.0,2100.0,1.25,,0,1153.5
L0028790,INV-2025-013954,INV,,20251116,202511,88,8,852,7,OM,OMR,0.3845,2,1200.0,0.0601,2400.0,144.24,2255.76,720.0,1535.76,1.0,,0,867.34
L0027390,INV-2025-013276,INV,,20251116,202511,14,1,30,10,EG,EGP,50.1441,1,3000.0,0.1372,3000.0,411.6,2588.4,900.0,1688.4,1.25,,0,129792.99
L0028536,INV-2025-013823,INV,,20251116,202511,68,7,795,5,AE,AED,3.6725,3,1800.0,0.1848,5400.0,997.92,4402.08,2160.0,2242.08,1.0,,0,16166.64
L0028612,INV-2025-013854,INV,,20251117,202511,57,7,791,17,AE,AED,3.6725,4,450.0,0.2019,1799.99,363.42,1436.57,1350.0,86.57,1.0,,0,5275.82
L0027917,INV-2025-013549,INV,,20251117,202511,40,4,400,16,SA,SAR,3.75,2,2200.0,0.0736,4400.0,323.84,4076.16,3520.0,556.16,1.0,,0,15285.6
L0028602,INV-2025-013852,INV,,20251117,202511,57,7,791,15,AE,AED,3.6725,1,1100.0,0.1955,1100.0,215.05,884.95,858.0,26.95,1.0,,0,3249.98
L0028117,INV-2025-013628,INV,,20251117,202511,48,5,531,10,SA,SAR,3.75,1,3000.0,0.0,3000.0,0.0,3000.0,900.0,2100.0,1.25,,0,11250.0
L0028052,INV-2025-013593,INV,,20251118,202511,93,4,386,17,SA,SAR,3.75,52,450.0,0.0897,23400.0,2098.98,21301.02,17550.0,3751.02,1.0,,0,79878.82
L0027897,INV-2025-013543,INV,,20251118,202511,40,4,388,10,SA,SAR,3.75,1,3000.0,0.1181,3000.0,354.3,2645.7,900.0,1745.7,1.25,,0,9921.38
L0027586,INV-2025-013388,INV,,20251118,202511,25,2,72,1,EG,EGP,50.1441,1,2400.0,0.0087,2400.0,20.88,2379.12,1320.0,1059.12,1.0,,0,119298.83
L0028301,INV-2025-013733,INV,,20251118,202511,84,5,675,10,SA,SAR,3.75,1,3000.0,0.0424,3000.0,127.2,2872.8,900.0,1972.8,1.25,,0,10773.0
L0028368,INV-2025-013761,INV,,20251118,202511,59,6,736,12,AE,AED,3.6725,1,4800.0,0.1861,4800.0,893.28,3906.72,2160.0,1746.72,1.25,,0,14347.43
L0027631,INV-2025-013416,INV,,20251118,202511,27,2,322,18,EG,EGP,50.1441,1,800.0,0.0589,800.0,47.12,752.88,440.0,312.88,1.0,,0,37752.49
L0027851,INV-2025-013525,INV,,20251119,202511,36,4,438,6,SA,SAR,3.75,2,7500.0,0.0763,15000.0,1144.5,13855.5,5700.0,8155.5,1.0,,0,51958.12
L0027828,INV-2025-013514,INV,,20251119,202511,95,3,352,18,EG,EGP,50.1441,1,800.0,0.154,800.0,123.2,676.8,440.0,236.8,1.0,,0,33937.53
L0028786,INV-2025-013952,INV,,20251119,202511,82,8,907,5,OM,OMR,0.3845,1,1800.0,0.0527,1800.0,94.85,1705.15,720.0,985.15,1.0,,0,655.63
L0031327,CN-2025-00333,CN,INV-2025-013111,20251119,202511,57,7,784,1,AE,AED,3.6725,-5,2400.0,0.273,-12000.0,-3276.0,-8724.0,-6600.0,-2124.0,1.0,20.0,0,-32038.89
L0028463,INV-2025-013795,INV,,20251119,202511,81,6,725,12,AE,AED,3.6725,1,4800.0,0.0941,4800.0,451.68,4348.32,2160.0,2188.32,1.25,,0,15969.21
L0027393,INV-2025-013278,INV,,20251120,202511,14,1,33,8,EG,EGP,50.1441,1,1500.0,0.0862,1500.0,129.3,1370.7,1050.0,320.7,1.0,,0,68732.52
L0028352,INV-2025-013756,INV,,20251120,202511,58,6,739,18,AE,AED,3.6725,2,800.0,0.1066,1600.0,170.56,1429.44,880.0,549.44,1.0,,0,5249.62
L0028388,INV-2025-013769,INV,,20251120,202511,62,6,739,1,AE,AED,3.6725,1,2400.0,0.1296,2400.0,311.04,2088.96,1320.0,768.96,1.0,,0,7671.71
L0028285,INV-2025-013724,INV,,20251120,202511,55,5,534,1,SA,SAR,3.75,1,2400.0,0.0653,2400.0,156.72,2243.28,1320.0,923.28,1.0,,0,8412.3
L0027472,INV-2025-013321,INV,,20251120,202511,19,2,87,10,EG,EGP,50.1441,1,3000.0,0.0359,3000.0,107.7,2892.3,900.0,1992.3,1.25,,0,145031.78
L0027670,INV-2025-013435,INV,,20251120,202511,9,2,85,16,EG,EGP,50.1441,1,2200.0,0.0408,2200.0,89.76,2110.24,1760.0,350.24,1.0,,0,105816.09
L0027612,INV-2025-013402,INV,,20251120,202511,26,2,252,1,EG,EGP,50.1441,1,2400.0,0.1083,2400.0,259.92,2140.08,1320.0,820.08,1.0,,0,107312.39
L0027996,INV-2025-013575,INV,,20251120,202511,45,4,408,3,SA,SAR,3.75,1,3600.0,0.0795,3600.0,286.2,3313.8,1620.0,1693.8,1.0,,0,12426.75
L0027604,INV-2025-013398,INV,,20251121,202511,26,2,281,15,EG,EGP,50.1441,2,1100.0,0.106,2200.0,233.2,1966.8,1716.0,250.8,1.0,,0,98623.42
L0028639,INV-2025-013865,INV,,20251121,202511,97,7,815,5,AE,AED,3.6725,4,1800.0,0.2492,7200.0,1794.24,5405.76,2880.0,2525.76,1.0,,0,19852.65
L0028147,INV-2025-013645,INV,,20251121,202511,51,5,674,3,SA,SAR,3.75,1,3600.0,0.0471,3600.0,169.56,3430.44,1620.0,1810.44,1.0,,0,12864.15
L0027686,INV-2025-013444,INV,,20251121,202511,86,2,270,3,EG,EGP,50.1441,1,3600.0,0.081,3600.0,291.6,3308.4,1620.0,1688.4,1.0,,0,165896.74
L0028769,INV-2025-013941,INV,,20251121,202511,82,8,952,1,OM,OMR,0.3845,1,2400.0,0.0214,2400.0,51.37,2348.63,1320.0,1028.63,1.0,,0,903.05
L0027732,INV-2025-013471,INV,,20251121,202511,31,3,355,17,EG,EGP,50.1441,1,450.0,0.1868,450.0,84.06,365.94,337.5,28.44,1.0,,0,18349.73
L0027427,INV-2025-013292,INV,,20251121,202511,90,1,5,1,EG,EGP,50.1441,1,2400.0,0.1248,2400.0,299.52,2100.48,1320.0,780.48,1.0,,0,105326.68
L0027697,INV-2025-013450,INV,,20251122,202511,86,2,226,7,EG,EGP,50.1441,1,1200.0,0.103,1200.0,123.6,1076.4,360.0,716.4,1.0,,0,53975.11
L0028549,INV-2025-013828,INV,,20251122,202511,69,7,804,5,AE,AED,3.6725,2,1800.0,0.1877,3600.0,675.72,2924.28,1440.0,1484.28,1.0,,0,10739.42
L0027936,INV-2025-013556,INV,,20251122,202511,41,4,395,12,SA,SAR,3.75,1,4800.0,0.0571,4800.0,274.08,4525.92,2160.0,2365.92,1.25,,0,16972.2
L0028906,INV-2025-014019,INV,,20251122,202511,98,8,822,12,OM,OMR,0.3845,1,4800.0,0.0873,4800.0,419.04,4380.96,2160.0,2220.96,1.25,,0,1684.48
L0028867,INV-2025-013996,INV,,20251122,202511,92,8,968,7,OM,OMR,0.3845,1,1200.0,0.0787,1200.0,94.43,1105.57,360.0,745.57,1.0,,0,425.09
L0028516,INV-2025-013813,INV,,20251122,202511,68,7,776,10,AE,AED,3.6725,1,3000.0,0.2574,3000.0,772.2,2227.8,900.0,1327.8,1.25,,0,8181.6
L0028235,INV-2025-013696,INV,,20251122,202511,53,5,677,7,SA,SAR,3.75,4,1200.0,0.1008,4800.0,483.84,4316.16,1440.0,2876.16,1.0,,0,16185.6
L0031250,CN-2025-00292,CN,INV-2025-011288,20251123,202511,16,1,54,1,EG,EGP,50.1441,-1,2400.0,0.151,-2400.0,-362.4,-2037.6,-1320.0,-717.6,1.0,84.0,0,-102173.62
L0028407,INV-2025-013776,INV,,20251123,202511,63,6,738,8,AE,AED,3.6725,2,1500.0,0.0491,3000.0,147.3,2852.7,2100.0,752.7,1.0,,0,10476.54
L0028865,INV-2025-013995,INV,,20251123,202511,92,8,860,12,OM,OMR,0.3845,1,4800.0,0.0633,4800.0,303.85,4496.15,2160.0,2336.15,1.25,,0,1728.77
L0028864,INV-2025-013995,INV,,20251123,202511,92,8,860,1,OM,OMR,0.3845,1,2400.0,0.0695,2400.0,166.79,2233.21,1320.0,913.21,1.0,,0,858.67
L0027527,INV-2025-013357,INV,,20251123,202511,23,2,91,7,EG,EGP,50.1441,1,1200.0,0.0909,1200.0,109.08,1090.92,360.0,730.92,1.0,,0,54703.2
L0028589,INV-2025-013846,INV,,20251124,202511,79,7,814,10,AE,AED,3.6725,1,3000.0,0.2259,3000.0,677.7,2322.3,900.0,1422.3,1.25,,0,8528.65
L0027391,INV-2025-013277,INV,,20251124,202511,14,1,37,9,EG,EGP,50.1441,2,6000.0,0.1355,12000.0,1626.0,10374.0,4200.0,6174.0,1.25,,0,520194.89
L0028758,INV-2025-013934,INV,,20251124,202511,75,8,901,17,OM,OMR,0.3845,5,449.99,0.0848,2249.93,190.79,2059.14,1687.5,371.64,1.0,,0,791.74
L0027711,INV-2025-013459,INV,,20251124,202511,87,2,240,18,EG,EGP,50.1441,1,800.0,0.0207,800.0,16.56,783.44,440.0,343.44,1.0,,0,39284.89
L0028300,INV-2025-013732,INV,,20251124,202511,84,5,522,12,SA,SAR,3.75,1,4800.0,0.0548,4800.0,263.04,4536.96,2160.0,2376.96,1.25,,0,17013.6
L0028709,INV-2025-013906,INV,,20251124,202511,73,8,863,10,OM,OMR,0.3845,1,3000.0,0.0323,3000.0,96.91,2903.09,900.0,2003.09,1.25,,0,1116.24
L0028097,INV-2025-013618,INV,,20251125,202511,47,5,556,1,SA,SAR,3.75,1,2400.0,0.1071,2400.0,257.04,2142.96,1320.0,822.96,1.0,,0,8036.1
L0028595,INV-2025-013849,INV,,20251125,202511,79,7,793,9,AE,AED,3.6725,1,6000.0,0.1986,6000.0,1191.6,4808.4,2100.0,2708.4,1.25,,0,17658.85
L0028096,INV-2025-013618,INV,,20251125,202511,47,5,556,12,SA,SAR,3.75,1,4800.0,0.0784,4800.0,376.32,4423.68,2160.0,2263.68,1.25,,0,16588.8
L0028185,INV-2025-013668,INV,,20251125,202511,52,5,657,17,SA,SAR,3.75,2,450.0,0.0882,900.0,79.38,820.62,675.0,145.62,1.0,,0,3077.32
L0028183,INV-2025-013668,INV,,20251125,202511,52,5,657,1,SA,SAR,3.75,1,2400.0,0.0558,2400.0,133.92,2266.08,1320.0,946.08,1.0,,0,8497.8
L0028095,INV-2025-013618,INV,,20251125,202511,47,5,556,15,SA,SAR,3.75,2,1100.0,0.0909,2200.0,199.98,2000.02,1716.0,284.02,1.0,,0,7500.08
L0027843,INV-2025-013521,INV,,20251125,202511,101,3,363,16,EG,EGP,50.1441,2,2200.0,0.1992,4400.0,876.48,3523.52,3520.0,3.52,1.0,,0,176683.74
L0027969,INV-2025-013567,INV,,20251125,202511,43,4,436,13,SA,SAR,3.75,1,12000.0,0.0918,12000.0,1101.6,10898.4,5040.0,5858.4,1.25,,0,40869.0
L0028434,INV-2025-013784,INV,,20251126,202511,64,6,712,8,AE,AED,3.6725,9,1500.0,0.1015,13500.0,1370.25,12129.75,9450.0,2679.75,1.0,,0,44546.51
L0027869,INV-2025-013532,INV,,20251126,202511,37,4,386,12,SA,SAR,3.75,3,4800.0,0.1352,14400.0,1946.88,12453.12,6480.0,5973.12,1.25,,0,46699.2
L0027597,INV-2025-013394,INV,,20251126,202511,26,2,153,1,EG,EGP,50.1441,1,2400.0,0.1217,2400.0,292.08,2107.92,1320.0,787.92,1.0,,0,105699.75
L0027767,INV-2025-013487,INV,,20251126,202511,33,3,360,16,EG,EGP,50.1441,2,2200.0,0.1647,4400.0,724.68,3675.32,3520.0,155.32,1.0,,0,184295.61
L0028467,INV-2025-013796,INV,,20251126,202511,81,6,726,7,AE,AED,3.6725,1,1200.0,0.1209,1200.0,145.08,1054.92,360.0,694.92,1.0,,0,3874.19
L0027766,INV-2025-013487,INV,,20251126,202511,33,3,360,1,EG,EGP,50.1441,1,2400.0,0.1828,2400.0,438.72,1961.28,1320.0,641.28,1.0,,0,98346.62
L0027508,INV-2025-013344,INV,,20251126,202511,21,2,198,1,EG,EGP,50.1441,1,2400.0,0.0128,2400.0,30.72,2369.28,1320.0,1049.28,1.0,,0,118805.41
L0028892,INV-2025-014011,INV,,20251126,202511,92,8,941,8,OM,OMR,0.3845,3,1500.0,0.1077,4500.0,484.66,4015.34,3150.0,865.34,1.0,,0,1543.9
L0028586,INV-2025-013845,INV,,20251126,202511,79,7,785,20,AE,AED,3.6725,1,1500.0,0.2015,1500.0,302.25,1197.75,750.0,447.75,1.0,,0,4398.74
L0028791,INV-2025-013955,INV,,20251126,202511,88,8,866,12,OM,OMR,0.3845,1,4800.0,0.0742,4800.0,356.15,4443.85,2160.0,2283.85,1.25,,0,1708.66
L0027411,INV-2025-013285,INV,,20251126,202511,17,1,41,12,EG,EGP,50.1441,2,4800.0,0.0885,9600.0,849.6,8750.4,4320.0,4430.4,1.25,,0,438780.93
L0027907,INV-2025-013546,INV,,20251126,202511,40,4,413,3,SA,SAR,3.75,2,3600.0,0.1232,7200.0,887.04,6312.96,3240.0,3072.96,1.0,,0,23673.6
L0028157,INV-2025-013651,INV,,20251126,202511,51,5,600,10,SA,SAR,3.75,1,3000.0,0.0492,3000.0,147.6,2852.4,900.0,1952.4,1.25,,0,10696.5
L0027810,INV-2025-013507,INV,,20251126,202511,95,3,343,3,EG,EGP,50.1441,2,3600.0,0.1827,7200.0,1315.44,5884.56,3240.0,2644.56,1.0,,0,295075.97
L0027679,INV-2025-013440,INV,,20251126,202511,9,2,154,17,EG,EGP,50.1441,3,450.0,0.0307,1350.0,41.45,1308.55,1012.5,296.05,1.0,,0,65616.3
L0027867,INV-2025-013531,INV,,20251126,202511,37,4,404,18,SA,SAR,3.75,7,800.0,0.1388,5600.0,777.28,4822.72,3080.0,1742.72,1.0,,0,18085.2
L0027880,INV-2025-013536,INV,,20251126,202511,37,4,436,1,SA,SAR,3.75,1,2400.0,0.0696,2400.0,167.04,2232.96,1320.0,912.96,1.0,,0,8373.6
L0028021,INV-2025-013583,INV,,20251126,202511,78,4,399,10,SA,SAR,3.75,1,3000.0,0.1409,3000.0,422.7,2577.3,900.0,1677.3,1.25,,0,9664.88
L0027878,INV-2025-013536,INV,,20251126,202511,37,4,436,1,SA,SAR,3.75,1,2400.0,0.1451,2400.0,348.24,2051.76,1320.0,731.76,1.0,,0,7694.1
L0028895,INV-2025-014014,INV,,20251126,202511,98,8,891,17,OM,OMR,0.3845,2,449.99,0.0542,899.97,48.79,851.18,675.0,176.18,1.0,,0,327.28
L0027441,INV-2025-013300,INV,,20251126,202511,18,2,76,17,EG,EGP,50.1441,3,450.0,0.0465,1350.0,62.78,1287.22,1012.5,274.72,1.0,,0,64546.72
L0028734,INV-2025-013920,INV,,20251127,202511,74,8,919,1,OM,OMR,0.3845,1,2400.0,0.0426,2400.0,102.24,2297.76,1320.0,977.76,1.0,,0,883.49
L0027457,INV-2025-013310,INV,,20251127,202511,19,2,258,7,EG,EGP,50.1441,1,1200.0,0.0089,1200.0,10.68,1189.32,360.0,829.32,1.0,,0,59637.38
L0028365,INV-2025-013760,INV,,20251127,202511,58,6,764,8,AE,AED,3.6725,2,1500.0,0.1444,3000.0,433.2,2566.8,2100.0,466.8,1.0,,0,9426.57
L0027333,INV-2025-013255,INV,,20251127,202511,13,1,12,1,EG,EGP,50.1441,4,2400.0,0.1479,9600.0,1419.84,8180.16,5280.0,2900.16,1.0,,0,410186.76
L0028255,INV-2025-013706,INV,,20251127,202511,54,5,553,1,SA,SAR,3.75,1,2400.0,0.072,2400.0,172.8,2227.2,1320.0,907.2,1.0,,0,8352.0
L0028713,INV-2025-013908,INV,,20251127,202511,73,8,844,10,OM,OMR,0.3845,1,3000.0,0.006,3000.0,18.0,2982.0,900.0,2082.0,1.25,,0,1146.58
L0028373,INV-2025-013763,INV,,20251127,202511,59,6,767,1,AE,AED,3.6725,1,2400.0,0.1264,2400.0,303.36,2096.64,1320.0,776.64,1.0,,0,7699.91
L0028158,INV-2025-013652,INV,,20251127,202511,52,5,633,12,SA,SAR,3.75,1,4800.0,0.0739,4800.0,354.72,4445.28,2160.0,2285.28,1.25,,0,16669.8
L0027655,INV-2025-013428,INV,,20251127,202511,85,2,172,12,EG,EGP,50.1441,1,4800.0,0.0449,4800.0,215.52,4584.48,2160.0,2424.48,1.25,,0,229884.62
L0027771,INV-2025-013490,INV,,20251127,202511,35,3,370,19,EG,EGP,50.1441,1,5500.0,0.1716,5500.0,943.8,4556.2,2475.0,2081.2,1.0,,0,228466.55
L0028230,INV-2025-013692,INV,,20251127,202511,53,5,657,1,SA,SAR,3.75,2,2400.0,0.104,4800.0,499.2,4300.8,2640.0,1660.8,1.0,,0,16128.0
L0027617,INV-2025-013405,INV,,20251127,202511,26,2,205,1,EG,EGP,50.1441,1,2400.0,0.0928,2400.0,222.72,2177.28,1320.0,857.28,1.0,,0,109177.75
L0028202,INV-2025-013678,INV,,20251127,202511,53,5,466,1,SA,SAR,3.75,1,2400.0,0.107,2400.0,256.8,2143.2,1320.0,823.2,1.0,,0,8037.0
L0028014,INV-2025-013582,INV,,20251127,202511,78,4,409,10,SA,SAR,3.75,1,3000.0,0.1061,3000.0,318.3,2681.7,900.0,1781.7,1.25,,0,10056.38
L0028739,INV-2025-013923,INV,,20251127,202511,74,8,823,1,OM,OMR,0.3845,1,2400.0,0.0698,2400.0,167.52,2232.48,1320.0,912.48,1.0,,0,858.39
L0027408,INV-2025-013284,INV,,20251127,202511,16,1,62,3,EG,EGP,50.1441,2,3600.0,0.067,7200.0,482.4,6717.6,3240.0,3477.6,1.0,,0,336848.01
L0028032,INV-2025-013588,INV,,20251127,202511,83,4,439,1,SA,SAR,3.75,1,2400.0,0.0923,2400.0,221.52,2178.48,1320.0,858.48,1.0,,0,8169.3
L0028224,INV-2025-013689,INV,,20251127,202511,53,5,592,12,SA,SAR,3.75,1,4800.0,0.1037,4800.0,497.76,4302.24,2160.0,2142.24,1.25,,0,16133.4
L0027409,INV-2025-013284,INV,,20251127,202511,16,1,62,8,EG,EGP,50.1441,3,1500.0,0.1242,4500.0,558.9,3941.1,3150.0,791.1,1.0,,0,197622.91
L0028568,INV-2025-013837,INV,,20251127,202511,71,7,815,11,AE,AED,3.6725,1,18000.0,0.2256,18000.0,4060.8,13939.2,7200.0,6739.2,1.25,,0,51191.71
L0028767,INV-2025-013940,INV,,20251127,202511,82,8,880,15,OM,OMR,0.3845,2,1100.0,0.0401,2200.0,88.22,2111.78,1716.0,395.78,1.0,,0,811.98
L0027624,INV-2025-013409,INV,,20251127,202511,27,2,184,10,EG,EGP,50.1441,1,3000.0,0.0124,3000.0,37.2,2962.8,900.0,2062.8,1.25,,0,148566.94
L0028340,INV-2025-013752,INV,,20251127,202511,56,6,742,14,AE,AED,3.6725,1,9600.0,0.1438,9600.0,1380.48,8219.52,4800.0,3419.52,1.25,,0,30186.19
L0028364,INV-2025-013760,INV,,20251127,202511,58,6,764,12,AE,AED,3.6725,1,4800.0,0.1372,4800.0,658.56,4141.44,2160.0,1981.44,1.25,,0,15209.44
L0027616,INV-2025-013405,INV,,20251127,202511,26,2,205,1,EG,EGP,50.1441,1,2400.0,0.136,2400.0,326.4,2073.6,1320.0,753.6,1.0,,0,103978.81
L0028831,INV-2025-013976,INV,,20251127,202511,89,8,856,8,OM,OMR,0.3845,1,1500.0,0.0014,1500.0,2.11,1497.89,1050.0,447.89,1.0,,0,575.94
L0027549,INV-2025-013367,INV,,20251127,202511,24,2,117,12,EG,EGP,50.1441,1,4800.0,0.1325,4800.0,636.0,4164.0,2160.0,2004.0,1.25,,0,208800.03
L0027474,INV-2025-013323,INV,,20251128,202511,19,2,157,7,EG,EGP,50.1441,1,1200.0,0.0528,1200.0,63.36,1136.64,360.0,776.64,1.0,,1,56995.79
L0028894,INV-2025-014013,INV,,20251128,202511,98,8,839,10,OM,OMR,0.3845,1,3000.0,0.0559,3000.0,167.7,2832.3,900.0,1932.3,1.25,,1,1089.02
L0027405,INV-2025-013282,INV,,20251128,202511,16,1,46,13,EG,EGP,50.1441,1,12000.0,0.1278,12000.0,1533.6,10466.4,5040.0,5426.4,1.25,,1,524828.21
L0027424,INV-2025-013290,INV,,20251128,202511,90,1,38,12,EG,EGP,50.1441,1,4800.0,0.1294,4800.0,621.12,4178.88,2160.0,2018.88,1.25,,1,209546.18
L0027805,INV-2025-013504,INV,,20251128,202511,35,3,336,10,EG,EGP,50.1441,1,3000.0,0.2033,3000.0,609.9,2390.1,900.0,1490.1,1.25,,1,119849.41
L0027567,INV-2025-013378,INV,,20251128,202511,25,2,260,5,EG,EGP,50.1441,1,1800.0,0.0566,1800.0,101.88,1698.12,720.0,978.12,1.0,,1,85150.7
L0027658,INV-2025-013429,INV,,20251128,202511,85,2,81,1,EG,EGP,50.1441,1,2400.0,0.0744,2400.0,178.56,2221.44,1320.0,901.44,1.0,,1,111392.11
L0028814,INV-2025-013967,INV,,20251128,202511,88,8,913,15,OM,OMR,0.3845,4,1100.0,0.0848,4400.0,373.11,4026.89,3432.0,594.89,1.0,,1,1548.34
L0028374,INV-2025-013764,INV,,20251128,202511,59,6,730,1,AE,AED,3.6725,6,2400.0,0.1462,14400.0,2105.28,12294.72,7920.0,4374.72,1.0,,1,45152.36
L0028500,INV-2025-013807,INV,,20251128,202511,65,7,811,12,AE,AED,3.6725,1,4800.0,0.1795,4800.0,861.6,3938.4,2160.0,1778.4,1.25,,1,14463.77
L0028309,INV-2025-013737,INV,,20251128,202511,84,5,580,10,SA,SAR,3.75,1,3000.0,0.0649,3000.0,194.7,2805.3,900.0,1905.3,1.25,,1,10519.88
L0027566,INV-2025-013377,INV,,20251128,202511,25,2,89,10,EG,EGP,50.1441,1,3000.0,0.0699,3000.0,209.7,2790.3,900.0,1890.3,1.25,,1,139917.08
L0027688,INV-2025-013445,INV,,20251128,202511,86,2,290,17,EG,EGP,50.1441,2,450.0,0.1632,900.0,146.88,753.12,675.0,78.12,1.0,,1,37764.52
L0028247,INV-2025-013702,INV,,20251128,202511,54,5,646,8,SA,SAR,3.75,2,1500.0,0.0552,3000.0,165.6,2834.4,2100.0,734.4,1.0,,1,10629.0
L0027589,INV-2025-013389,INV,,20251128,202511,25,2,192,7,EG,EGP,50.1441,1,1200.0,0.078,1200.0,93.6,1106.4,360.0,746.4,1.0,,1,55479.43
L0028499,INV-2025-013807,INV,,20251128,202511,65,7,811,7,AE,AED,3.6725,1,1200.0,0.2352,1200.0,282.24,917.76,360.0,557.76,1.0,,1,3370.47
L0027850,INV-2025-013524,INV,,20251128,202511,103,3,333,1,EG,EGP,50.1441,1,2400.0,0.1953,2400.0,468.72,1931.28,1320.0,611.28,1.0,,1,96842.3
L0027455,INV-2025-013309,INV,,20251128,202511,19,2,125,15,EG,EGP,50.1441,1,1100.0,0.0483,1100.0,53.13,1046.87,858.0,188.87,1.0,,1,52494.35
L0028678,INV-2025-013887,INV,,20251128,202511,100,7,817,12,AE,AED,3.6725,3,4800.0,0.1861,14400.0,2679.84,11720.16,6480.0,5240.16,1.25,,1,43042.29
L0027502,INV-2025-013341,INV,,20251129,202511,21,2,203,5,EG,EGP,50.1441,1,1800.0,0.0488,1800.0,87.84,1712.16,720.0,992.16,1.0,,1,85854.72
L0027974,INV-2025-013568,INV,,20251129,202511,43,4,433,9,SA,SAR,3.75,1,6000.0,0.1372,6000.0,823.2,5176.8,2100.0,3076.8,1.25,,1,19413.0
L0028657,INV-2025-013875,INV,,20251129,202511,97,7,797,5,AE,AED,3.6725,2,1800.0,0.26,3600.0,936.0,2664.0,1440.0,1224.0,1.0,,1,9783.54
L0028523,INV-2025-013815,INV,,20251129,202511,68,7,779,17,AE,AED,3.6725,4,450.0,0.2617,1799.99,471.05,1328.94,1350.0,-21.06,1.0,,1,4880.52
L0027440,INV-2025-013299,INV,,20251129,202511,18,2,200,1,EG,EGP,50.1441,1,2400.0,0.0458,2400.0,109.92,2290.08,1320.0,970.08,1.0,,1,114834.0
L0028087,INV-2025-013613,INV,,20251129,202511,47,5,672,17,SA,SAR,3.75,6,450.0,0.1147,2700.0,309.69,2390.31,2025.0,365.31,1.0,,1,8963.66
L0027634,INV-2025-013417,INV,,20251129,202511,27,2,221,1,EG,EGP,50.1441,1,2400.0,0.0765,2400.0,183.6,2216.4,1320.0,896.4,1.0,,1,111139.38
L0027976,INV-2025-013568,INV,,20251129,202511,43,4,433,12,SA,SAR,3.75,1,4800.0,0.0958,4800.0,459.84,4340.16,2160.0,2180.16,1.25,,1,16275.6
L0027571,INV-2025-013381,INV,,20251129,202511,25,2,184,10,EG,EGP,50.1441,1,3000.0,0.0187,3000.0,56.1,2943.9,900.0,2043.9,1.25,,1,147619.22
L0028011,INV-2025-013581,INV,,20251129,202511,78,4,429,8,SA,SAR,3.75,1,1500.0,0.1153,1500.0,172.95,1327.05,1050.0,277.05,1.0,,1,4976.44
L0028634,INV-2025-013863,INV,,20251129,202511,97,7,819,17,AE,AED,3.6725,1,450.0,0.2478,450.0,111.51,338.49,337.5,0.99,1.0,,1,1243.1
L0028152,INV-2025-013649,INV,,20251129,202511,51,5,651,1,SA,SAR,3.75,1,2400.0,0.0479,2400.0,114.96,2285.04,1320.0,965.04,1.0,,1,8568.9
L0028522,INV-2025-013815,INV,,20251129,202511,68,7,779,7,AE,AED,3.6725,3,1200.0,0.2304,3600.0,829.44,2770.56,1080.0,1690.56,1.0,,1,10174.88
L0028803,INV-2025-013961,INV,,20251129,202511,88,8,948,7,OM,OMR,0.3845,1,1200.0,0.1141,1200.0,136.93,1063.07,360.0,703.07,1.0,,1,408.75
L0027635,INV-2025-013417,INV,,20251129,202511,27,2,221,18,EG,EGP,50.1441,1,800.0,0.0,800.0,0.0,800.0,440.0,360.0,1.0,,1,40115.28
L0027883,INV-2025-013537,INV,,20251129,202511,37,4,425,10,SA,SAR,3.75,4,3000.0,0.1381,12000.0,1657.2,10342.8,3600.0,6742.8,1.25,,1,38785.5
L0028645,INV-2025-013868,INV,,20251129,202511,97,7,804,15,AE,AED,3.6725,5,1100.0,0.2604,5500.0,1432.2,4067.8,4290.0,-222.2,1.0,,1,14939.0
L0027648,INV-2025-013424,INV,,20251129,202511,28,2,329,1,EG,EGP,50.1441,1,2400.0,0.0935,2400.0,224.4,2175.6,1320.0,855.6,1.0,,1,109093.5
L0028151,INV-2025-013649,INV,,20251129,202511,51,5,651,5,SA,SAR,3.75,1,1800.0,0.0921,1800.0,165.78,1634.22,720.0,914.22,1.0,,1,6128.32
L0027651,INV-2025-013426,INV,,20251129,202511,28,2,181,17,EG,EGP,50.1441,5,450.0,0.0887,2250.0,199.58,2050.42,1687.5,362.92,1.0,,1,102816.69
L0028635,INV-2025-013863,INV,,20251129,202511,97,7,819,7,AE,AED,3.6725,2,1200.0,0.2213,2400.0,531.12,1868.88,720.0,1148.88,1.0,,1,6863.46
L0027692,INV-2025-013447,INV,,20251129,202511,86,2,297,7,EG,EGP,50.1441,1,1200.0,0.1269,1200.0,152.28,1047.72,360.0,687.72,1.0,,1,52536.98
L0027708,INV-2025-013456,INV,,20251129,202511,87,2,100,17,EG,EGP,50.1441,2,450.0,0.0487,900.0,43.83,856.17,675.0,181.17,1.0,,1,42931.86
L0028672,INV-2025-013883,INV,,20251129,202511,100,7,780,5,AE,AED,3.6725,4,1800.0,0.2205,7200.0,1587.6,5612.4,2880.0,2732.4,1.0,,1,20611.54
L0028872,INV-2025-013999,INV,,20251129,202511,92,8,905,7,OM,OMR,0.3845,2,1200.0,0.1034,2400.0,248.17,2151.83,720.0,1431.83,1.0,,1,827.38
L0028771,INV-2025-013943,INV,,20251130,202511,82,8,965,12,OM,OMR,0.3845,1,4800.0,0.0987,4800.0,473.76,4326.24,2160.0,2166.24,1.25,,1,1663.44
L0028110,INV-2025-013625,INV,,20251130,202511,48,5,451,1,SA,SAR,3.75,1,2400.0,0.0306,2400.0,73.44,2326.56,1320.0,1006.56,1.0,,1,8724.6
L0028629,INV-2025-013862,INV,,20251130,202511,97,7,786,12,AE,AED,3.6725,1,4800.0,0.2395,4800.0,1149.6,3650.4,2160.0,1490.4,1.25,,1,13406.09
L0027642,INV-2025-013420,INV,,20251130,202511,28,2,245,1,EG,EGP,50.1441,1,2400.0,0.0667,2400.0,160.08,2239.92,1320.0,919.92,1.0,,1,112318.77
L0027715,INV-2025-013461,INV,,20251130,202511,87,2,164,1,EG,EGP,50.1441,1,2400.0,0.0413,2400.0,99.12,2300.88,1320.0,980.88,1.0,,1,115375.56
L0028711,INV-2025-013907,INV,,20251130,202511,73,8,963,1,OM,OMR,0.3845,1,2400.0,0.0503,2400.0,120.73,2279.27,1320.0,959.27,1.0,,1,876.38
L0028385,INV-2025-013768,INV,,20251130,202511,62,6,709,3,AE,AED,3.6725,1,3600.0,0.1314,3600.0,473.04,3126.96,1620.0,1506.96,1.0,,1,11483.76
L0027714,INV-2025-013461,INV,,20251130,202511,87,2,164,1,EG,EGP,50.1441,1,2400.0,0.0765,2400.0,183.6,2216.4,1320.0,896.4,1.0,,1,111139.38
L0027426,INV-2025-013291,INV,,20251130,202511,90,1,43,3,EG,EGP,50.1441,9,3600.0,0.1476,32400.0,4782.24,27617.76,14580.0,13037.76,1.0,,1,1384867.72
L0028636,INV-2025-013864,INV,,20251130,202511,97,7,805,16,AE,AED,3.6725,1,2200.0,0.2593,2200.0,570.46,1629.54,1760.0,-130.46,1.0,,1,5984.49
L0028056,INV-2025-013595,INV,,20251130,202511,93,4,385,19,SA,SAR,3.75,1,5500.0,0.1282,5500.0,705.1,4794.9,2475.0,2319.9,1.0,,1,17980.88
L0027928,INV-2025-013553,INV,,20251130,202511,41,4,385,12,SA,SAR,3.75,1,4800.0,0.079,4800.0,379.2,4420.8,2160.0,2260.8,1.25,,1,16578.0
L0028384,INV-2025-013768,INV,,20251130,202511,62,6,709,3,AE,AED,3.6725,1,3600.0,0.1357,3600.0,488.52,3111.48,1620.0,1491.48,1.0,,1,11426.91
L0027627,INV-2025-013412,INV,,20251130,202511,27,2,147,15,EG,EGP,50.1441,3,1100.0,0.0782,3300.0,258.06,3041.94,2574.0,467.94,1.0,,1,152535.34
L0028167,INV-2025-013658,INV,,20251130,202511,52,5,540,1,SA,SAR,3.75,3,2400.0,0.0896,7200.0,645.12,6554.88,3960.0,2594.88,1.0,,1,24580.8
L0028510,INV-2025-013810,INV,,20251130,202511,65,7,776,17,AE,AED,3.6725,6,450.0,0.1954,2699.99,527.58,2172.41,2025.0,147.41,1.0,,1,7978.19
L0030198,INV-2025-014640,INV,,20251201,202512,64,6,769,6,AE,AED,3.6725,2,7500.0,0.0852,15000.0,1278.0,13722.0,5700.0,8022.0,1.0,,0,50394.05
L0029845,INV-2025-014460,INV,,20251201,202512,47,5,509,1,SA,SAR,3.75,1,2400.0,0.0892,2400.0,214.08,2185.92,1320.0,865.92,1.0,,0,8197.2
L0029530,INV-2025-014343,INV,,20251201,202512,103,3,360,15,EG,EGP,50.4537,2,1100.0,0.1705,2200.0,375.1,1824.9,1716.0,108.9,1.0,,0,92072.96
L0029676,INV-2025-014393,INV,,20251201,202512,45,4,399,12,SA,SAR,3.75,1,4800.0,0.1487,4800.0,713.76,4086.24,2160.0,1926.24,1.25,,0,15323.4
L0029823,INV-2025-014447,INV,,20251202,202512,46,5,619,8,SA,SAR,3.75,2,1500.0,0.1008,3000.0,302.4,2697.6,2100.0,597.6,1.0,,0,10116.0
L0030131,INV-2025-014616,INV,,20251202,202512,59,6,767,8,AE,AED,3.6725,7,1500.0,0.169,10500.0,1774.5,8725.5,7350.0,1375.5,1.0,,0,32044.4
L0030129,INV-2025-014616,INV,,20251202,202512,59,6,767,10,AE,AED,3.6725,2,3000.0,0.1648,6000.0,988.8,5011.2,1800.0,3211.2,1.25,,0,18403.63
L0029021,INV-2025-014064,INV,,20251202,202512,90,1,68,18,EG,EGP,50.4537,2,800.0,0.1198,1600.0,191.68,1408.32,880.0,528.32,1.0,,0,71054.95
L0030377,INV-2025-014712,INV,,20251202,202512,79,7,789,3,AE,AED,3.6725,2,3600.0,0.2119,7200.0,1525.68,5674.32,3240.0,2434.32,1.0,,0,20838.94
L0029617,INV-2025-014375,INV,,20251202,202512,41,4,435,7,SA,SAR,3.75,14,1200.0,0.0568,16800.0,954.24,15845.76,5040.0,10805.76,1.0,,0,59421.6
L0028932,INV-2025-014030,INV,,20251202,202512,11,1,46,3,EG,EGP,50.4537,1,3600.0,0.1197,3600.0,430.92,3169.08,1620.0,1549.08,1.0,,0,159891.81
L0028931,INV-2025-014030,INV,,20251202,202512,11,1,46,1,EG,EGP,50.4537,1,2400.0,0.0655,2400.0,157.2,2242.8,1320.0,922.8,1.0,,0,113157.56
L0029562,INV-2025-014353,INV,,20251203,202512,37,4,422,1,SA,SAR,3.75,4,2400.0,0.119,9600.0,1142.4,8457.6,5280.0,3177.6,1.0,,0,31716.0
L0029712,INV-2025-014403,INV,,20251203,202512,78,4,392,17,SA,SAR,3.75,12,450.0,0.1167,5400.0,630.18,4769.82,4050.0,719.82,1.0,,0,17886.82
L0029381,INV-2025-014271,INV,,20251203,202512,87,2,254,7,EG,EGP,50.4537,1,1200.0,0.0617,1200.0,74.04,1125.96,360.0,765.96,1.0,,0,56808.85
L0029561,INV-2025-014353,INV,,20251203,202512,37,4,422,18,SA,SAR,3.75,2,800.0,0.1591,1600.0,254.56,1345.44,880.0,465.44,1.0,,0,5045.4
L0029811,INV-2025-014441,INV,,20251203,202512,46,5,501,1,SA,SAR,3.75,1,2400.0,0.0673,2400.0,161.52,2238.48,1320.0,918.48,1.0,,0,8394.3
L0029812,INV-2025-014441,INV,,20251203,202512,46,5,501,17,SA,SAR,3.75,12,450.0,0.0866,5400.0,467.64,4932.36,4050.0,882.36,1.0,,0,18496.35
L0030541,INV-2025-014795,INV,,20251203,202512,75,8,830,17,OM,OMR,0.3845,8,449.99,0.0432,3599.9,155.53,3444.37,2700.0,744.37,1.0,,0,1324.36
L0030493,INV-2025-014769,INV,,20251203,202512,73,8,863,8,OM,OMR,0.3845,1,1500.0,0.0,1500.0,0.0,1500.0,1050.0,450.0,1.0,,0,576.75
L0029971,INV-2025-014540,INV,,20251203,202512,54,5,577,17,SA,SAR,3.75,1,450.0,0.0579,450.0,26.06,423.94,337.5,86.44,1.0,,0,1589.79
L0029711,INV-2025-014403,INV,,20251203,202512,78,4,392,13,SA,SAR,3.75,1,12000.0,0.1431,12000.0,1717.2,10282.8,5040.0,5242.8,1.25,,0,38560.5
L0031318,CN-2025-00329,CN,INV-2025-012756,20251204,202512,31,3,374,7,EG,EGP,50.4537,-1,1200.0,0.2358,-1200.0,-282.96,-917.04,-360.0,-557.04,1.0,35.0,0,-46268.06
L0029121,INV-2025-014121,INV,,20251204,202512,23,2,88,7,EG,EGP,50.4537,3,1200.0,0.1033,3600.0,371.88,3228.12,1080.0,2148.12,1.0,,0,162870.6
L0030127,INV-2025-014615,INV,,20251204,202512,59,6,768,10,AE,AED,3.6725,4,3000.0,0.1817,12000.0,2180.4,9819.6,3600.0,6219.6,1.25,,0,36062.48
L0029941,INV-2025-014522,INV,,20251204,202512,52,5,446,8,SA,SAR,3.75,2,1500.0,0.0298,3000.0,89.4,2910.6,2100.0,810.6,1.0,,0,10914.75
L0030665,INV-2025-014860,INV,,20251204,202512,89,8,845,15,OM,OMR,0.3845,1,1100.0,0.0673,1100.0,74.02,1025.98,858.0,167.98,1.0,,0,394.49
L0030733,INV-2025-014899,INV,,20251204,202512,98,8,907,7,OM,OMR,0.3845,1,1200.0,0.0425,1200.0,51.0,1149.0,360.0,789.0,1.0,,0,441.79
L0029885,INV-2025-014487,INV,,20251204,202512,51,5,670,3,SA,SAR,3.75,1,3600.0,0.0622,3600.0,223.92,3376.08,1620.0,1756.08,1.0,,0,12660.3
L0029949,INV-2025-014526,INV,,20251204,202512,52,5,606,17,SA,SAR,3.75,2,450.0,0.0274,900.0,24.66,875.34,675.0,200.34,1.0,,0,3282.52
L0030734,INV-2025-014899,INV,,20251204,202512,98,8,907,3,OM,OMR,0.3845,1,3600.0,0.021,3600.0,75.6,3524.4,1620.0,1904.4,1.0,,0,1355.13
L0030132,INV-2025-014617,INV,,20251204,202512,62,6,769,1,AE,AED,3.6725,1,2400.0,0.1139,2400.0,273.36,2126.64,1320.0,806.64,1.0,,0,7810.09
L0029589,INV-2025-014364,INV,,20251205,202512,39,4,398,10,SA,SAR,3.75,1,3000.0,0.0941,3000.0,282.3,2717.7,900.0,1817.7,1.25,,0,10191.38
L0029142,INV-2025-014134,INV,,20251205,202512,24,2,258,1,EG,EGP,50.4537,2,2400.0,0.1143,4800.0,548.64,4251.36,2640.0,1611.36,1.0,,0,214496.84
L0029402,INV-2025-014279,INV,,20251205,202512,31,3,368,1,EG,EGP,50.4537,1,2400.0,0.2163,2400.0,519.12,1880.88,1320.0,560.88,1.0,,0,94897.36
L0029256,INV-2025-014199,INV,,20251206,202512,28,2,215,7,EG,EGP,50.4537,1,1200.0,0.0549,1200.0,65.88,1134.12,360.0,774.12,1.0,,0,57220.55
L0029528,INV-2025-014342,INV,,20251206,202512,103,3,352,16,EG,EGP,50.4537,4,2200.0,0.1738,8800.0,1529.44,7270.56,7040.0,230.56,1.0,,0,366826.65
L0029041,INV-2025-014072,INV,,20251206,202512,18,2,102,5,EG,EGP,50.4537,1,1800.0,0.0249,1800.0,44.82,1755.18,720.0,1035.18,1.0,,0,88555.33
L0031236,CN-2025-00284,CN,INV-2025-010806,20251206,202512,26,2,263,1,EG,EGP,50.4537,-1,2400.0,0.1427,-2400.0,-342.48,-2057.52,-1320.0,-737.52,1.0,146.0,0,-103809.5
L0030273,INV-2025-014666,INV,,20251206,202512,81,6,722,20,AE,AED,3.6725,3,1500.0,0.0894,4500.0,402.3,4097.7,2250.0,1847.7,1.0,,0,15048.8
L0030223,INV-2025-014649,INV,,20251206,202512,64,6,773,3,AE,AED,3.6725,1,3600.0,0.1103,3600.0,397.08,3202.92,1620.0,1582.92,1.0,,0,11762.72
L0029782,INV-2025-014429,INV,,20251207,202512,93,4,408,7,SA,SAR,3.75,1,1200.0,0.1309,1200.0,157.08,1042.92,360.0,682.92,1.0,,0,3910.95
L0029641,INV-2025-014382,INV,,20251207,202512,41,4,397,12,SA,SAR,3.75,2,4800.0,0.0782,9600.0,750.72,8849.28,4320.0,4529.28,1.25,,0,33184.8
L0029817,INV-2025-014444,INV,,20251208,202512,46,5,523,10,SA,SAR,3.75,1,3000.0,0.108,3000.0,324.0,2676.0,900.0,1776.0,1.25,,0,10035.0
L0030350,INV-2025-014700,INV,,20251208,202512,69,7,813,12,AE,AED,3.6725,1,4800.0,0.2022,4800.0,970.56,3829.44,2160.0,1669.44,1.25,,0,14063.62
L0030476,INV-2025-014760,INV,,20251209,202512,91,7,807,10,AE,AED,3.6725,2,3000.0,0.1369,6000.0,821.4,5178.6,1800.0,3378.6,1.25,,0,19018.41
L0030297,INV-2025-014676,INV,,20251209,202512,102,6,718,7,AE,AED,3.6725,1,1200.0,0.1264,1200.0,151.68,1048.32,360.0,688.32,1.0,,0,3849.96
L0029032,INV-2025-014068,INV,,20251209,202512,90,1,3,18,EG,EGP,50.4537,5,800.0,0.1036,4000.0,414.4,3585.6,2200.0,1385.6,1.0,,0,180906.79
L0030042,INV-2025-014580,INV,,20251209,202512,84,5,564,3,SA,SAR,3.75,1,3600.0,0.0544,3600.0,195.84,3404.16,1620.0,1784.16,1.0,,0,12765.6
L0030213,INV-2025-014646,INV,,20251209,202512,64,6,754,10,AE,AED,3.6725,2,3000.0,0.1077,6000.0,646.2,5353.8,1800.0,3553.8,1.25,,0,19661.83
L0030214,INV-2025-014646,INV,,20251209,202512,64,6,754,6,AE,AED,3.6725,1,7500.0,0.0921,7500.0,690.75,6809.25,2850.0,3959.25,1.0,,0,25006.97
L0030212,INV-2025-014646,INV,,20251209,202512,64,6,754,18,AE,AED,3.6725,4,800.0,0.1281,3200.0,409.92,2790.08,1760.0,1030.08,1.0,,0,10246.57
L0029079,INV-2025-014096,INV,,20251209,202512,19,2,208,1,EG,EGP,50.4537,3,2400.0,0.047,7200.0,338.4,6861.6,3960.0,2901.6,1.0,,0,346193.11
L0030423,INV-2025-014732,INV,,20251209,202512,57,7,814,17,AE,AED,3.6725,22,450.0,0.2075,9899.97,2054.24,7845.73,7425.0,420.73,1.0,,0,28813.43
L0029943,INV-2025-014523,INV,,20251210,202512,52,5,603,1,SA,SAR,3.75,1,2400.0,0.0624,2400.0,149.76,2250.24,1320.0,930.24,1.0,,0,8438.4
L0028997,INV-2025-014053,INV,,20251210,202512,16,1,18,12,EG,EGP,50.4537,1,4800.0,0.1399,4800.0,671.52,4128.48,2160.0,1968.48,1.25,,0,208297.09
L0029282,INV-2025-014214,INV,,20251210,202512,85,2,312,7,EG,EGP,50.4537,1,1200.0,0.0498,1200.0,59.76,1140.24,360.0,780.24,1.0,,0,57529.33
L0029997,INV-2025-014554,INV,,20251210,202512,55,5,506,15,SA,SAR,3.75,2,1100.0,0.0,2200.0,0.0,2200.0,1716.0,484.0,1.0,,0,8250.0
L0029446,INV-2025-014304,INV,,20251210,202512,35,3,343,17,EG,EGP,50.4537,2,450.0,0.1597,900.0,143.73,756.27,675.0,81.27,1.0,,0,38156.61
L0030689,INV-2025-014875,INV,,20251210,202512,92,8,938,1,OM,OMR,0.3845,1,2400.0,0.0695,2400.0,166.79,2233.21,1320.0,913.21,1.0,,0,858.67
L0030399,INV-2025-014720,INV,,20251210,202512,79,7,817,15,AE,AED,3.6725,4,1100.0,0.2539,4400.0,1117.16,3282.84,3432.0,-149.16,1.0,,0,12056.23
L0030225,INV-2025-014650,INV,,20251210,202512,64,6,753,9,AE,AED,3.6725,1,6000.0,0.0958,6000.0,574.8,5425.2,2100.0,3325.2,1.25,,0,19924.05
L0029992,INV-2025-014552,INV,,20251210,202512,54,5,548,7,SA,SAR,3.75,3,1200.0,0.0758,3600.0,272.88,3327.12,1080.0,2247.12,1.0,,0,12476.7
L0030047,INV-2025-014583,INV,,20251211,202512,84,5,536,7,SA,SAR,3.75,1,1200.0,0.0563,1200.0,67.56,1132.44,360.0,772.44,1.0,,0,4246.65
L0030201,INV-2025-014641,INV,,20251211,202512,64,6,763,12,AE,AED,3.6725,1,4800.0,0.1046,4800.0,502.08,4297.92,2160.0,2137.92,1.25,,0,15784.11
L0029764,INV-2025-014422,INV,,20251211,202512,83,4,426,20,SA,SAR,3.75,1,1500.0,0.0851,1500.0,127.65,1372.35,750.0,622.35,1.0,,0,5146.31
L0029585,INV-2025-014363,INV,,20251211,202512,39,4,422,18,SA,SAR,3.75,1,800.0,0.0662,800.0,52.96,747.04,440.0,307.04,1.0,,0,2801.4
L0028989,INV-2025-014051,INV,,20251211,202512,15,1,31,10,EG,EGP,50.4537,3,3000.0,0.1512,9000.0,1360.8,7639.2,2700.0,4939.2,1.25,,0,385425.91
L0029939,INV-2025-014521,INV,,20251211,202512,52,5,697,1,SA,SAR,3.75,1,2400.0,0.0651,2400.0,156.24,2243.76,1320.0,923.76,1.0,,0,8414.1
L0030202,INV-2025-014641,INV,,20251211,202512,64,6,763,7,AE,AED,3.6725,6,1200.0,0.0885,7200.0,637.2,6562.8,2160.0,4402.8,1.0,,0,24101.88
L0028925,INV-2025-014028,INV,,20251211,202512,11,1,12,12,EG,EGP,50.4537,1,4800.0,0.1129,4800.0,541.92,4258.08,2160.0,2098.08,1.25,,0,214835.89
L0030441,INV-2025-014740,INV,,20251211,202512,94,7,815,7,AE,AED,3.6725,1,1200.0,0.2188,1200.0,262.56,937.44,360.0,577.44,1.0,,0,3442.75
L0029234,INV-2025-014188,INV,,20251211,202512,27,2,321,7,EG,EGP,50.4537,1,1200.0,0.0122,1200.0,14.64,1185.36,360.0,825.36,1.0,,0,59805.8
L0029517,INV-2025-014336,INV,,20251211,202512,101,3,342,7,EG,EGP,50.4537,6,1200.0,0.1991,7200.0,1433.52,5766.48,2160.0,3606.48,1.0,,0,290940.25
L0030608,INV-2025-014828,INV,,20251212,202512,88,8,886,8,OM,OMR,0.3845,1,1500.0,0.0821,1500.0,123.15,1376.85,1050.0,326.85,1.0,,0,529.4
L0030303,INV-2025-014678,INV,,20251212,202512,102,6,737,9,AE,AED,3.6725,6,6000.0,0.129,36000.0,4644.0,31356.0,12600.0,18756.0,1.25,,0,115154.91
L0030179,INV-2025-014634,INV,,20251212,202512,63,6,766,12,AE,AED,3.6725,1,4800.0,0.0989,4800.0,474.72,4325.28,2160.0,2165.28,1.25,,0,15884.59
L0029498,INV-2025-014327,INV,,20251212,202512,95,3,350,15,EG,EGP,50.4537,7,1100.0,0.19,7700.0,1463.0,6237.0,6006.0,231.0,1.0,,0,314679.73
L0030730,INV-2025-014898,INV,,20251212,202512,98,8,909,5,OM,OMR,0.3845,1,1800.0,0.065,1800.0,117.01,1682.99,720.0,962.99,1.0,,0,647.11
L0028920,INV-2025-014026,INV,,20251212,202512,10,1,15,19,EG,EGP,50.4537,1,5500.0,0.1287,5500.0,707.85,4792.15,2475.0,2317.15,1.0,,0,241781.7
L0029814,INV-2025-014443,INV,,20251212,202512,46,5,705,7,SA,SAR,3.75,3,1200.0,0.0548,3600.0,197.28,3402.72,1080.0,2322.72,1.0,,0,12760.2
L0029111,INV-2025-014114,INV,,20251212,202512,21,2,309,10,EG,EGP,50.4537,1,3000.0,0.0433,3000.0,129.9,2870.1,900.0,1970.1,1.25,,0,144807.16
L0030680,INV-2025-014869,INV,,20251212,202512,92,8,892,6,OM,OMR,0.3845,1,7500.0,0.0959,7500.0,719.25,6780.75,2850.0,3930.75,1.0,,0,2607.2
L0029463,INV-2025-014311,INV,,20251212,202512,35,3,336,17,EG,EGP,50.4537,1,450.0,0.1947,450.0,87.62,362.38,337.5,24.88,1.0,,0,18283.66
L0030166,INV-2025-014629,INV,,20251213,202512,63,6,763,9,AE,AED,3.6725,2,6000.0,0.0888,12000.0,1065.6,10934.4,4200.0,6734.4,1.25,,0,40156.58
L0030164,INV-2025-014629,INV,,20251213,202512,63,6,763,1,AE,AED,3.6725,1,2400.0,0.0629,2400.0,150.96,2249.04,1320.0,929.04,1.0,,0,8259.6
L0029055,INV-2025-014082,INV,,20251213,202512,18,2,146,1,EG,EGP,50.4537,1,2400.0,0.0377,2400.0,90.48,2309.52,1320.0,989.52,1.0,,0,116523.83
L0029999,INV-2025-014555,INV,,20251213,202512,55,5,476,1,SA,SAR,3.75,1,2400.0,0.0404,2400.0,96.96,2303.04,1320.0,983.04,1.0,,0,8636.4
L0030686,INV-2025-014874,INV,,20251214,202512,92,8,955,1,OM,OMR,0.3845,1,2400.0,0.0903,2400.0,216.72,2183.28,1320.0,863.28,1.0,,0,839.47
L0029504,INV-2025-014330,INV,,20251214,202512,101,3,348,1,EG,EGP,50.4537,1,2400.0,0.2157,2400.0,517.68,1882.32,1320.0,562.32,1.0,,0,94970.01
L0030676,INV-2025-014867,INV,,20251214,202512,89,8,863,7,OM,OMR,0.3845,1,1200.0,0.0263,1200.0,31.55,1168.45,360.0,808.45,1.0,,0,449.27
L0029126,INV-2025-014125,INV,,20251214,202512,23,2,94,1,EG,EGP,50.4537,1,2400.0,0.0808,2400.0,193.92,2206.08,1320.0,886.08,1.0,,0,111304.9
L0029935,INV-2025-014518,INV,,20251214,202512,52,5,572,20,SA,SAR,3.75,5,1500.0,0.0552,7500.0,414.0,7086.0,3750.0,3336.0,1.0,,0,26572.5
L0030319,INV-2025-014684,INV,,20251214,202512,65,7,782,8,AE,AED,3.6725,1,1500.0,0.1836,1500.0,275.4,1224.6,1050.0,174.6,1.0,,0,4497.34
L0029200,INV-2025-014170,INV,,20251214,202512,27,2,165,1,EG,EGP,50.4537,1,2400.0,0.014,2400.0,33.6,2366.4,1320.0,1046.4,1.0,,0,119393.64
L0029975,INV-2025-014541,INV,,20251214,202512,54,5,488,5,SA,SAR,3.75,1,1800.0,0.0175,1800.0,31.5,1768.5,720.0,1048.5,1.0,,0,6631.88
L0028955,INV-2025-014037,INV,,20251214,202512,13,1,62,13,EG,EGP,50.4537,1,12000.0,0.1553,12000.0,1863.6,10136.4,5040.0,5096.4,1.25,,0,511418.88
L0029934,INV-2025-014518,INV,,20251214,202512,52,5,572,16,SA,SAR,3.75,3,2200.0,0.0583,6600.0,384.78,6215.22,5280.0,935.22,1.0,,0,23307.08
L0029505,INV-2025-014330,INV,,20251214,202512,101,3,348,5,EG,EGP,50.4537,1,1800.0,0.1877,1800.0,337.86,1462.14,720.0,742.14,1.0,,0,73770.37
L0029891,INV-2025-014491,INV,,20251215,202512,51,5,666,3,SA,SAR,3.75,2,3600.0,0.0239,7200.0,172.08,7027.92,3240.0,3787.92,1.0,,0,26354.7
L0030116,INV-2025-014611,INV,,20251215,202512,59,6,762,17,AE,USD,1.0,7,450.0,0.1556,3150.0,490.14,2659.86,2362.5,297.36,1.0,,0,2659.86
L0029326,INV-2025-014238,INV,,20251215,202512,86,2,307,5,EG,EGP,50.4537,1,1800.0,0.0989,1800.0,178.02,1621.98,720.0,901.98,1.0,,0,81834.89
L0029892,INV-2025-014491,INV,,20251215,202512,51,5,666,10,SA,SAR,3.75,1,3000.0,0.0355,3000.0,106.5,2893.5,900.0,1993.5,1.25,,0,10850.62
L0029737,INV-2025-014411,INV,,20251215,202512,78,4,397,14,SA,SAR,3.75,1,9600.0,0.0822,9600.0,789.12,8810.88,4800.0,4010.88,1.25,,0,33040.8
L0029603,INV-2025-014369,INV,,20251215,202512,40,4,393,20,SA,SAR,3.75,20,1500.0,0.1227,30000.0,3681.0,26319.0,15000.0,11319.0,1.0,,0,98696.25
L0029553,INV-2025-014351,INV,,20251215,202512,37,4,392,1,SA,USD,1.0,1,2400.0,0.1288,2400.0,309.12,2090.88,1320.0,770.88,1.0,,0,2090.88
L0031238,CN-2025-00286,CN,INV-2025-010990,20251215,202512,51,5,522,5,SA,SAR,3.75,-1,1800.0,0.0765,-1800.0,-137.7,-1662.3,-720.0,-942.3,1.0,140.0,0,-6233.62
L0028943,INV-2025-014035,INV,,20251215,202512,12,1,29,10,EG,EGP,50.4537,1,3000.0,0.0907,3000.0,272.1,2727.9,900.0,1827.9,1.25,,0,137632.65
L0028944,INV-2025-014035,INV,,20251215,202512,12,1,29,1,EG,EGP,50.4537,1,2400.0,0.0482,2400.0,115.68,2284.32,1320.0,964.32,1.0,,0,115252.4
L0029175,INV-2025-014155,INV,,20251216,202512,26,2,181,8,EG,EGP,50.4537,1,1500.0,0.0881,1500.0,132.15,1367.85,1050.0,317.85,1.0,,0,69013.09
L0029078,INV-2025-014095,INV,,20251216,202512,19,2,105,7,EG,EGP,50.4537,1,1200.0,0.0325,1200.0,39.0,1161.0,360.0,801.0,1.0,,0,58576.75
L0030187,INV-2025-014637,INV,,20251216,202512,64,6,736,12,AE,AED,3.6725,1,4800.0,0.121,4800.0,580.8,4219.2,2160.0,2059.2,1.25,,0,15495.01
L0030656,INV-2025-014856,INV,,20251216,202512,89,8,880,8,OM,OMR,0.3845,1,1500.0,0.043,1500.0,64.5,1435.5,1050.0,385.5,1.0,,0,551.95
L0030366,INV-2025-014706,INV,,20251216,202512,71,7,815,12,AE,AED,3.6725,1,4800.0,0.211,4800.0,1012.8,3787.2,2160.0,1627.2,1.25,,0,13908.49
L0030389,INV-2025-014716,INV,,20251216,202512,79,7,806,7,AE,AED,3.6725,1,1200.0,0.1951,1200.0,234.12,965.88,360.0,605.88,1.0,,0,3547.19
L0029951,INV-2025-014527,INV,,20251216,202512,52,5,534,7,SA,SAR,3.75,4,1200.0,0.0654,4800.0,313.92,4486.08,1440.0,3046.08,1.0,,0,16822.8
L0029479,INV-2025-014318,INV,,20251217,202512,95,3,335,17,EG,EGP,50.4537,3,450.0,0.1979,1350.0,267.17,1082.83,1012.5,70.33,1.0,,0,54633.02
L0030409,INV-2025-014725,INV,,20251217,202512,57,7,779,10,AE,AED,3.6725,1,3000.0,0.2305,3000.0,691.5,2308.5,900.0,1408.5,1.25,,0,8477.97
L0029460,INV-2025-014310,INV,,20251217,202512,35,3,364,8,EG,EGP,50.4537,1,1500.0,0.1839,1500.0,275.85,1224.15,1050.0,174.15,1.0,,0,61762.9
L0029071,INV-2025-014091,INV,,20251217,202512,19,2,253,10,EG,EGP,50.4537,1,3000.0,0.0175,3000.0,52.5,2947.5,900.0,2047.5,1.25,,0,148712.28
L0030700,INV-2025-014881,INV,,20251218,202512,92,8,867,10,OM,OMR,0.3845,1,3000.0,0.0839,3000.0,251.7,2748.3,900.0,1848.3,1.25,,0,1056.72
L0031332,CN-2025-00335,CN,INV-2025-013118,20251218,202512,94,7,811,17,AE,AED,3.6725,-5,450.0,0.2136,-2249.99,-480.6,-1769.39,-1687.5,-81.89,1.0,50.0,0,-6498.1
L0030106,INV-2025-014608,INV,,20251218,202512,58,6,750,11,AE,AED,3.6725,1,18000.0,0.1555,18000.0,2799.0,15201.0,7200.0,8001.0,1.25,,0,55825.67
L0029870,INV-2025-014477,INV,,20251218,202512,48,5,703,1,SA,SAR,3.75,2,2400.0,0.0126,4800.0,60.48,4739.52,2640.0,2099.52,1.0,,0,17773.2
L0030285,INV-2025-014670,INV,,20251218,202512,99,6,714,9,AE,AED,3.6725,2,6000.0,0.0973,12000.0,1167.6,10832.4,4200.0,6632.4,1.25,,0,39781.99
L0030061,INV-2025-014591,INV,,20251218,202512,104,5,528,8,SA,SAR,3.75,2,1500.0,0.0161,3000.0,48.3,2951.7,2100.0,851.7,1.0,,0,11068.88
L0030600,INV-2025-014824,INV,,20251218,202512,88,8,943,1,OM,OMR,0.3845,1,2400.0,0.0927,2400.0,222.47,2177.53,1320.0,857.53,1.0,,0,837.26
L0031284,CN-2025-00310,CN,INV-2025-011710,20251219,202512,94,7,778,1,AE,AED,3.6725,-1,2400.0,0.2052,-2400.0,-492.48,-1907.52,-1320.0,-587.52,1.0,137.0,0,-7005.37
L0029809,INV-2025-014439,INV,,20251219,202512,46,5,547,9,SA,SAR,3.75,1,6000.0,0.085,6000.0,510.0,5490.0,2100.0,3390.0,1.25,,0,20587.5
L0030011,INV-2025-014562,INV,,20251219,202512,55,5,517,7,SA,SAR,3.75,1,1200.0,0.0347,1200.0,41.64,1158.36,360.0,798.36,1.0,,0,4343.85
L0030560,INV-2025-014804,INV,,20251219,202512,75,8,845,10,OM,OMR,0.3845,2,3000.0,0.0886,6000.0,531.6,5468.4,1800.0,3668.4,1.25,,0,2102.6
L0029088,INV-2025-014101,INV,,20251219,202512,19,2,108,7,EG,EGP,50.4537,1,1200.0,0.0462,1200.0,55.44,1144.56,360.0,784.56,1.0,,0,57747.29
L0030013,INV-2025-014562,INV,,20251219,202512,55,5,517,8,SA,SAR,3.75,2,1500.0,0.0113,3000.0,33.9,2966.1,2100.0,866.1,1.0,,0,11122.88
L0029338,INV-2025-014246,INV,,20251220,202512,87,2,254,7,EG,EGP,50.4537,1,1200.0,0.0506,1200.0,60.72,1139.28,360.0,779.28,1.0,,0,57480.89
L0030620,INV-2025-014835,INV,,20251220,202512,88,8,855,16,OM,OMR,0.3845,1,2200.0,0.0647,2200.0,142.34,2057.66,1760.0,297.66,1.0,,0,791.17
L0029883,INV-2025-014486,INV,,20251220,202512,51,5,548,3,SA,SAR,3.75,1,3600.0,0.0059,3600.0,21.24,3578.76,1620.0,1958.76,1.0,,0,13420.35
L0029694,INV-2025-014398,INV,,20251220,202512,45,4,416,12,SA,SAR,3.75,1,4800.0,0.0983,4800.0,471.84,4328.16,2160.0,2168.16,1.25,,0,16230.6
L0029104,INV-2025-014111,INV,,20251220,202512,21,2,180,17,EG,EGP,50.4537,1,450.0,0.0591,450.0,26.6,423.4,337.5,85.9,1.0,,0,21362.34
L0030315,INV-2025-014683,INV,,20251220,202512,65,7,811,7,AE,AED,3.6725,1,1200.0,0.1853,1200.0,222.36,977.64,360.0,617.64,1.0,,0,3590.38
L0029261,INV-2025-014201,INV,,20251221,202512,28,2,184,17,EG,EGP,50.4537,3,450.0,0.0268,1350.0,36.18,1313.82,1012.5,301.32,1.0,,0,66287.07
L0029188,INV-2025-014161,INV,,20251221,202512,26,2,235,7,EG,EGP,50.4537,3,1200.0,0.1074,3600.0,386.64,3213.36,1080.0,2133.36,1.0,,0,162125.9
L0029495,INV-2025-014325,INV,,20251221,202512,95,3,374,1,EG,EGP,50.4537,1,2400.0,0.2063,2400.0,495.12,1904.88,1320.0,584.88,1.0,,0,96108.24
L0029581,INV-2025-014361,INV,,20251221,202512,39,4,407,2,SA,SAR,3.75,2,14000.0,0.0903,28000.0,2528.4,25471.6,14000.0,11471.6,1.0,,0,95518.5
L0030395,INV-2025-014719,INV,,20251221,202512,79,7,819,1,AE,AED,3.6725,4,2400.0,0.2169,9600.0,2082.24,7517.76,5280.0,2237.76,1.0,,0,27608.97
L0030380,INV-2025-014713,INV,,20251221,202512,79,7,811,6,AE,AED,3.6725,1,7500.0,0.2158,7500.0,1618.5,5881.5,2850.0,3031.5,1.0,,0,21599.81
L0029578,INV-2025-014361,INV,,20251221,202512,39,4,407,1,SA,SAR,3.75,1,2400.0,0.0838,2400.0,201.12,2198.88,1320.0,878.88,1.0,,0,8245.8
L0030524,INV-2025-014786,INV,,20251222,202512,74,8,833,20,OM,OMR,0.3845,1,1500.0,0.0484,1500.0,72.59,1427.41,750.0,677.41,1.0,,0,548.84
L0029828,INV-2025-014450,INV,,20251222,202512,46,5,607,1,SA,SAR,3.75,1,2400.0,0.0489,2400.0,117.36,2282.64,1320.0,962.64,1.0,,0,8559.9
L0029796,INV-2025-014434,INV,,20251222,202512,93,4,427,9,SA,SAR,3.75,1,6000.0,0.0976,6000.0,585.6,5414.4,2100.0,3314.4,1.25,,0,20304.0
L0030647,INV-2025-014850,INV,,20251222,202512,89,8,902,12,OM,OMR,0.3845,1,4800.0,0.0498,4800.0,239.04,4560.96,2160.0,2400.96,1.25,,0,1753.69
L0029192,INV-2025-014164,INV,,20251222,202512,26,2,163,1,EG,EGP,50.4537,1,2400.0,0.092,2400.0,220.8,2179.2,1320.0,859.2,1.0,,0,109948.7
L0029193,INV-2025-014164,INV,,20251222,202512,26,2,163,1,EG,EGP,50.4537,1,2400.0,0.0841,2400.0,201.84,2198.16,1320.0,878.16,1.0,,0,110905.31
L0030010,INV-2025-014561,INV,,20251222,202512,55,5,649,18,SA,SAR,3.75,5,800.0,0.0266,4000.0,106.4,3893.6,2200.0,1693.6,1.0,,0,14601.0
L0029683,INV-2025-014395,INV,,20251222,202512,45,4,392,10,SA,USD,1.0,4,3000.0,0.1442,12000.0,1730.4,10269.6,3600.0,6669.6,1.25,,0,10269.6
L0030638,INV-2025-014845,INV,,20251222,202512,88,8,942,10,OM,OMR,0.3845,1,3000.0,0.0803,3000.0,240.91,2759.09,900.0,1859.09,1.25,,0,1060.87
L0030300,INV-2025-014677,INV,,20251222,202512,102,6,728,12,AE,AED,3.6725,1,4800.0,0.147,4800.0,705.6,4094.4,2160.0,1934.4,1.25,,0,15036.68
L0029249,INV-2025-014194,INV,,20251222,202512,28,2,192,17,EG,EGP,50.4537,2,450.0,0.0597,900.0,53.73,846.27,675.0,171.27,1.0,,0,42697.44
L0029911,INV-2025-014502,INV,,20251223,202512,51,5,448,1,SA,SAR,3.75,1,2400.0,0.0413,2400.0,99.12,2300.88,1320.0,980.88,1.0,,0,8628.3
L0030657,INV-2025-014857,INV,,20251223,202512,89,8,841,7,OM,OMR,0.3845,1,1200.0,0.0501,1200.0,60.13,1139.87,360.0,779.87,1.0,,0,438.28
L0031353,CN-2025-00343,CN,INV-2025-013813,20251223,202512,68,7,776,15,AE,AED,3.6725,-3,1100.0,0.2436,-3300.0,-803.88,-2496.12,-2574.0,77.88,1.0,31.0,0,-9167.0
L0029747,INV-2025-014416,INV,,20251223,202512,83,4,399,18,SA,SAR,3.75,5,800.0,0.1312,4000.0,524.8,3475.2,2200.0,1275.2,1.0,,0,13032.0
L0029439,INV-2025-014300,INV,,20251223,202512,33,3,352,15,EG,EGP,50.4537,5,1100.0,0.1796,5500.0,987.8,4512.2,4290.0,222.2,1.0,,0,227657.19
L0029910,INV-2025-014502,INV,,20251223,202512,51,5,448,1,SA,SAR,3.75,1,2400.0,0.0544,2400.0,130.56,2269.44,1320.0,949.44,1.0,,0,8510.4
L0029912,INV-2025-014502,INV,,20251223,202512,51,5,448,15,SA,SAR,3.75,3,1100.0,0.0681,3300.0,224.73,3075.27,2574.0,501.27,1.0,,0,11532.26
L0030294,INV-2025-014674,INV,,20251224,202512,99,6,713,17,AE,AED,3.6725,16,450.0,0.1087,7199.98,782.64,6417.34,5400.0,1017.34,1.0,,0,23567.68
L0029518,INV-2025-014337,INV,,20251224,202512,101,3,337,3,EG,EGP,50.4537,1,3600.0,0.1802,3600.0,648.72,2951.28,1620.0,1331.28,1.0,,0,148903.0
L0029862,INV-2025-014471,INV,,20251224,202512,48,5,568,5,SA,SAR,3.75,3,1800.0,0.0,5400.0,0.0,5400.0,2160.0,3240.0,1.0,,0,20250.0
L0030308,INV-2025-014679,INV,,20251224,202512,102,6,720,12,AE,AED,3.6725,1,4800.0,0.1384,4800.0,664.32,4135.68,2160.0,1975.68,1.25,,0,15188.28
L0030016,INV-2025-014563,INV,,20251224,202512,55,5,690,10,SA,SAR,3.75,1,3000.0,0.0261,3000.0,78.3,2921.7,900.0,2021.7,1.25,,0,10956.38
L0030281,INV-2025-014669,INV,,20251224,202512,99,6,734,8,AE,AED,3.6725,4,1500.0,0.1026,6000.0,615.6,5384.4,4200.0,1184.4,1.0,,0,19774.21
L0029024,INV-2025-014066,INV,,20251224,202512,90,1,59,7,EG,EGP,50.4537,17,1200.0,0.1207,20400.0,2462.28,17937.72,6120.0,11817.72,1.0,,0,905024.34
L0029025,INV-2025-014066,INV,,20251224,202512,90,1,59,14,EG,EGP,50.4537,2,9600.0,0.1429,19200.0,2743.68,16456.32,9600.0,6856.32,1.25,,0,830282.23
L0029026,INV-2025-014066,INV,,20251224,202512,90,1,59,10,EG,EGP,50.4537,1,3000.0,0.1058,3000.0,317.4,2682.6,900.0,1782.6,1.25,,0,135347.1
L0031310,CN-2025-00324,CN,INV-2025-012523,20251225,202512,98,8,895,15,OM,OMR,0.3845,-3,1100.0,0.0447,-3300.0,-147.52,-3152.48,-2574.0,-578.48,1.0,87.0,0,-1212.13
L0029834,INV-2025-014454,INV,,20251225,202512,47,5,465,8,SA,SAR,3.75,3,1500.0,0.0843,4500.0,379.35,4120.65,3150.0,970.65,1.0,,0,15452.44
L0029723,INV-2025-014407,INV,,20251225,202512,78,4,396,6,SA,SAR,3.75,1,7500.0,0.1624,7500.0,1218.0,6282.0,2850.0,3432.0,1.0,,0,23557.5
L0030727,INV-2025-014896,INV,,20251225,202512,98,8,847,15,OM,OMR,0.3845,3,1100.0,0.0403,3300.0,132.98,3167.02,2574.0,593.02,1.0,,0,1217.72
L0029106,INV-2025-014112,INV,,20251225,202512,21,2,253,10,EG,EGP,50.4537,1,3000.0,0.041,3000.0,123.0,2877.0,900.0,1977.0,1.25,,0,145155.29
L0029247,INV-2025-014193,INV,,20251225,202512,28,2,73,7,EG,EGP,50.4537,1,1200.0,0.0498,1200.0,59.76,1140.24,360.0,780.24,1.0,,0,57529.33
L0029792,INV-2025-014432,INV,,20251225,202512,93,4,386,5,SA,SAR,3.75,2,1800.0,0.1147,3600.0,412.92,3187.08,1440.0,1747.08,1.0,,0,11951.55
L0029790,INV-2025-014432,INV,,20251225,202512,93,4,386,5,SA,SAR,3.75,3,1800.0,0.0818,5400.0,441.72,4958.28,2160.0,2798.28,1.0,,0,18593.55
L0029726,INV-2025-014407,INV,,20251225,202512,78,4,396,10,SA,SAR,3.75,1,3000.0,0.1414,3000.0,424.2,2575.8,900.0,1675.8,1.25,,0,9659.25
L0030112,INV-2025-014610,INV,,20251225,202512,59,6,729,12,AE,AED,3.6725,1,4800.0,0.1407,4800.0,675.36,4124.64,2160.0,1964.64,1.25,,0,15147.74
L0031338,CN-2025-00337,CN,INV-2025-013333,20251225,202512,21,2,191,1,EG,EGP,50.4537,-1,2400.0,0.0367,-2400.0,-88.08,-2311.92,-1320.0,-991.92,1.0,49.0,0,-116644.92
L0029399,INV-2025-014277,INV,,20251226,202512,31,3,345,7,EG,EGP,50.4537,3,1200.0,0.1231,3600.0,443.16,3156.84,1080.0,2076.84,1.0,,0,159274.26
L0029006,INV-2025-014058,INV,,20251226,202512,17,1,65,10,EG,EGP,50.4537,1,3000.0,0.0552,3000.0,165.6,2834.4,900.0,1934.4,1.25,,0,143005.97
L0029005,INV-2025-014058,INV,,20251226,202512,17,1,65,20,EG,EGP,50.4537,4,1500.0,0.1387,6000.0,832.2,5167.8,3000.0,2167.8,1.0,,0,260734.63
L0029015,INV-2025-014063,INV,,20251226,202512,90,1,23,18,EG,EGP,50.4537,1,800.0,0.1127,800.0,90.16,709.84,440.0,269.84,1.0,,0,35814.05
L0029166,INV-2025-014150,INV,,20251226,202512,25,2,106,10,EG,EGP,50.4537,1,3000.0,0.044,3000.0,132.0,2868.0,900.0,1968.0,1.25,,0,144701.21
L0029569,INV-2025-014357,INV,,20251226,202512,37,4,382,7,SA,SAR,3.75,9,1200.0,0.1275,10800.0,1377.0,9423.0,3240.0,6183.0,1.0,,0,35336.25
L0030362,INV-2025-014705,INV,,20251227,202512,71,7,812,16,AE,AED,3.6725,1,2200.0,0.1887,2200.0,415.14,1784.86,1760.0,24.86,1.0,,0,6554.9
L0028976,INV-2025-014044,INV,,20251227,202512,14,1,59,10,EG,EGP,50.4537,1,3000.0,0.1421,3000.0,426.3,2573.7,900.0,1673.7,1.25,,0,129852.69
L0031320,CN-2025-00330,CN,INV-2025-012862,20251227,202512,46,5,677,1,SA,SAR,3.75,-1,2400.0,0.0289,-2400.0,-69.36,-2330.64,-1320.0,-1010.64,1.0,86.0,0,-8739.9
L0029357,INV-2025-014258,INV,,20251227,202512,87,2,144,15,EG,EGP,50.4537,2,1100.0,0.0291,2200.0,64.02,2135.98,1716.0,419.98,1.0,,0,107768.09
L0029315,INV-2025-014232,INV,,20251227,202512,86,2,315,7,EG,EGP,50.4537,1,1200.0,0.1145,1200.0,137.4,1062.6,360.0,702.6,1.0,,0,53612.1
L0028994,INV-2025-014052,INV,,20251227,202512,15,1,5,14,EG,EGP,50.4537,1,9600.0,0.1003,9600.0,962.88,8637.12,4800.0,3837.12,1.25,,0,435774.66
L0029750,INV-2025-014417,INV,,20251227,202512,83,4,423,5,SA,SAR,3.75,14,1800.0,0.1264,25200.0,3185.28,22014.72,10080.0,11934.72,1.0,,0,82555.2
L0029625,INV-2025-014377,INV,,20251227,202512,41,4,431,3,SA,SAR,3.75,2,3600.0,0.0704,7200.0,506.88,6693.12,3240.0,3453.12,1.0,,0,25099.2
L0029788,INV-2025-014430,INV,,20251227,202512,93,4,402,10,SA,SAR,3.75,1,3000.0,0.1109,3000.0,332.7,2667.3,900.0,1767.3,1.25,,0,10002.38
L0031319,CN-2025-00330,CN,INV-2025-012862,20251227,202512,46,5,677,15,SA,SAR,3.75,-4,1100.0,0.0937,-4400.0,-412.28,-3987.72,-3432.0,-555.72,1.0,86.0,0,-14953.95
L0028974,INV-2025-014044,INV,,20251227,202512,14,1,59,14,EG,EGP,50.4537,1,9600.0,0.114,9600.0,1094.4,8505.6,4800.0,3705.6,1.25,,0,429138.99
L0029860,INV-2025-014469,INV,,20251227,202512,48,5,539,18,SA,SAR,3.75,1,800.0,0.0028,800.0,2.24,797.76,440.0,357.76,1.0,,0,2991.6
L0029757,INV-2025-014420,INV,,20251227,202512,83,4,409,7,SA,SAR,3.75,1,1200.0,0.117,1200.0,140.4,1059.6,360.0,699.6,1.0,,0,3973.5
L0030462,INV-2025-014752,INV,,20251227,202512,100,7,809,15,AE,AED,3.6725,6,1100.0,0.1399,6600.0,923.34,5676.66,5148.0,528.66,1.0,,0,20847.53
L0029944,INV-2025-014524,INV,,20251227,202512,52,5,447,15,SA,SAR,3.75,2,1100.0,0.0404,2200.0,88.88,2111.12,1716.0,395.12,1.0,,0,7916.7
L0029405,INV-2025-014280,INV,,20251227,202512,31,3,367,7,EG,EGP,50.4537,7,1200.0,0.1793,8400.0,1506.12,6893.88,2520.0,4373.88,1.0,,0,347821.75
L0030235,INV-2025-014653,INV,,20251227,202512,80,6,723,1,AE,AED,3.6725,1,2400.0,0.0214,2400.0,51.36,2348.64,1320.0,1028.64,1.0,,0,8625.38
L0030437,INV-2025-014738,INV,,20251227,202512,94,7,787,1,AE,AED,3.6725,1,2400.0,0.1839,2400.0,441.36,1958.64,1320.0,638.64,1.0,,0,7193.11
L0029457,INV-2025-014309,INV,,20251227,202512,35,3,332,17,EG,EGP,50.4537,1,450.0,0.2099,450.0,94.46,355.54,337.5,18.04,1.0,,0,17938.56
L0030236,INV-2025-014653,INV,,20251227,202512,80,6,723,1,AE,AED,3.6725,1,2400.0,0.0743,2400.0,178.32,2221.68,1320.0,901.68,1.0,,0,8159.12
L0029987,INV-2025-014549,INV,,20251227,202512,54,5,614,16,SA,SAR,3.75,3,2200.0,0.0731,6600.0,482.46,6117.54,5280.0,837.54,1.0,,0,22940.78
L0029959,INV-2025-014532,INV,,20251228,202512,53,5,654,8,SA,SAR,3.75,2,1500.0,0.0782,3000.0,234.6,2765.4,2100.0,665.4,1.0,,0,10370.25
L0029564,INV-2025-014354,INV,,20251228,202512,37,4,390,1,SA,SAR,3.75,1,2400.0,0.1314,2400.0,315.36,2084.64,1320.0,764.64,1.0,,0,7817.4
L0029658,INV-2025-014388,INV,,20251228,202512,43,4,418,12,SA,SAR,3.75,1,4800.0,0.1237,4800.0,593.76,4206.24,2160.0,2046.24,1.25,,0,15773.4
L0030038,INV-2025-014578,INV,,20251228,202512,84,5,502,7,SA,SAR,3.75,1,1200.0,0.0214,1200.0,25.68,1174.32,360.0,814.32,1.0,,0,4403.7
L0029846,INV-2025-014461,INV,,20251228,202512,47,5,479,7,SA,SAR,3.75,1,1200.0,0.0822,1200.0,98.64,1101.36,360.0,741.36,1.0,,0,4130.1
L0029659,INV-2025-014388,INV,,20251228,202512,43,4,418,10,SA,SAR,3.75,1,3000.0,0.1094,3000.0,328.2,2671.8,900.0,1771.8,1.25,,0,10019.25
L0029028,INV-2025-014067,INV,,20251228,202512,90,1,38,12,EG,EGP,50.4537,1,4800.0,0.0822,4800.0,394.56,4405.44,2160.0,2245.44,1.25,,0,222270.75
L0029085,INV-2025-014100,INV,,20251228,202512,19,2,240,17,EG,EGP,50.4537,1,450.0,0.0178,450.0,8.01,441.99,337.5,104.49,1.0,,0,22300.03
L0030466,INV-2025-014753,INV,,20251228,202512,100,7,804,12,AE,AED,3.6725,1,4800.0,0.1751,4800.0,840.48,3959.52,2160.0,1799.52,1.25,,0,14541.34
L0029342,INV-2025-014248,INV,,20251228,202512,87,2,241,7,EG,EGP,50.4537,1,1200.0,0.0481,1200.0,57.72,1142.28,360.0,782.28,1.0,,0,57632.25
L0029186,INV-2025-014159,INV,,20251228,202512,26,2,93,7,EG,EGP,50.4537,1,1200.0,0.1142,1200.0,137.04,1062.96,360.0,702.96,1.0,,0,53630.26
L0029084,INV-2025-014100,INV,,20251228,202512,19,2,240,1,EG,EGP,50.4537,1,2400.0,0.0075,2400.0,18.0,2382.0,1320.0,1062.0,1.0,,0,120180.71
L0030030,INV-2025-014573,INV,,20251228,202512,84,5,701,1,SA,SAR,3.75,1,2400.0,0.0422,2400.0,101.28,2298.72,1320.0,978.72,1.0,,0,8620.2
L0029739,INV-2025-014412,INV,,20251228,202512,83,4,424,3,SA,SAR,3.75,3,3600.0,0.1304,10800.0,1408.32,9391.68,4860.0,4531.68,1.0,,0,35218.8
L0028987,INV-2025-014050,INV,,20251228,202512,14,1,67,18,EG,EGP,50.4537,6,800.0,0.1576,4800.0,756.48,4043.52,2640.0,1403.52,1.0,,0,204010.55
L0030661,INV-2025-014858,INV,,20251228,202512,89,8,922,7,OM,OMR,0.3845,1,1200.0,0.055,1200.0,66.01,1133.99,360.0,773.99,1.0,,0,436.02
L0029868,INV-2025-014475,INV,,20251228,202512,48,5,584,16,SA,SAR,3.75,1,2200.0,0.0016,2200.0,3.52,2196.48,1760.0,436.48,1.0,,0,8236.8
L0029960,INV-2025-014532,INV,,20251228,202512,53,5,654,15,SA,SAR,3.75,1,1100.0,0.0938,1100.0,103.18,996.82,858.0,138.82,1.0,,0,3738.08
L0030122,INV-2025-014613,INV,,20251228,202512,59,6,707,1,AE,USD,1.0,2,2400.0,0.1408,4800.0,675.84,4124.16,2640.0,1484.16,1.0,,0,4124.16
L0029608,INV-2025-014372,INV,,20251228,202512,40,4,401,1,SA,SAR,3.75,6,2400.0,0.0906,14400.0,1304.64,13095.36,7920.0,5175.36,1.0,,0,49107.6
L0029769,INV-2025-014424,INV,,20251228,202512,93,4,391,12,SA,SAR,3.75,1,4800.0,0.1313,4800.0,630.24,4169.76,2160.0,2009.76,1.25,,0,15636.6
L0030100,INV-2025-014606,INV,,20251228,202512,58,6,714,12,AE,AED,3.6725,1,4800.0,0.1066,4800.0,511.68,4288.32,2160.0,2128.32,1.25,,0,15748.86
L0030088,INV-2025-014602,INV,,20251229,202512,58,6,730,4,AE,AED,3.6725,1,9000.0,0.1805,9000.0,1624.5,7375.5,4950.0,2425.5,1.0,,1,27086.52
L0029183,INV-2025-014158,INV,,20251229,202512,26,2,314,12,EG,EGP,50.4537,1,4800.0,0.1527,4800.0,732.96,4067.04,2160.0,1907.04,1.25,,1,205197.22
L0030190,INV-2025-014638,INV,,20251229,202512,64,6,712,10,AE,AED,3.6725,1,3000.0,0.107,3000.0,321.0,2679.0,900.0,1779.0,1.25,,1,9838.63
L0030614,INV-2025-014830,INV,,20251229,202512,88,8,868,7,OM,OMR,0.3845,1,1200.0,0.0645,1200.0,77.4,1122.6,360.0,762.6,1.0,,1,431.64
L0029493,INV-2025-014324,INV,,20251229,202512,95,3,340,7,EG,EGP,50.4537,1,1200.0,0.2629,1200.0,315.48,884.52,360.0,524.52,1.0,,1,44627.31
L0030256,INV-2025-014660,INV,,20251229,202512,80,6,762,1,AE,AED,3.6725,2,2400.0,0.1131,4800.0,542.88,4257.12,2640.0,1617.12,1.0,,1,15634.27
L0029445,INV-2025-014303,INV,,20251229,202512,35,3,343,4,EG,EGP,50.4537,1,9000.0,0.238,9000.0,2142.0,6858.0,4950.0,1908.0,1.0,,1,346011.47
L0029679,INV-2025-014394,INV,,20251229,202512,45,4,399,10,SA,SAR,3.75,3,3000.0,0.1454,9000.0,1308.6,7691.4,2700.0,4991.4,1.25,,1,28842.75
L0028911,INV-2025-014023,INV,,20251229,202512,10,1,47,1,EG,EGP,50.4537,2,2400.0,0.1654,4800.0,793.92,4006.08,2640.0,1366.08,1.0,,1,202121.56
L0029856,INV-2025-014466,INV,,20251229,202512,48,5,460,18,SA,SAR,3.75,4,800.0,0.0,3200.0,0.0,3200.0,1760.0,1440.0,1.0,,1,12000.0
L0030386,INV-2025-014715,INV,,20251229,202512,79,7,793,15,AE,AED,3.6725,39,1100.0,0.279,42900.0,11969.1,30930.9,33462.0,-2531.1,1.0,,1,113593.73
L0030266,INV-2025-014663,INV,,20251229,202512,96,6,737,17,AE,AED,3.6725,15,450.0,0.2014,6749.98,1359.45,5390.53,5062.5,328.03,1.0,,1,19796.73
L0030139,INV-2025-014619,INV,,20251229,202512,62,6,753,3,AE,AED,3.6725,1,3600.0,0.1266,3600.0,455.76,3144.24,1620.0,1524.24,1.0,,1,11547.22
L0030505,INV-2025-014775,INV,,20251229,202512,73,8,958,1,OM,OMR,0.3845,1,2400.0,0.006,2400.0,14.41,2385.59,1320.0,1065.59,1.0,,1,917.26
L0029290,INV-2025-014219,INV,,20251229,202512,9,2,74,1,EG,EGP,50.4537,1,2400.0,0.058,2400.0,139.2,2260.8,1320.0,940.8,1.0,,1,114065.72
L0029719,INV-2025-014405,INV,,20251229,202512,78,4,428,1,SA,SAR,3.75,1,2400.0,0.126,2400.0,302.4,2097.6,1320.0,777.6,1.0,,1,7866.0
L0030258,INV-2025-014660,INV,,20251229,202512,80,6,762,1,AE,AED,3.6725,3,2400.0,0.0971,7200.0,699.12,6500.88,3960.0,2540.88,1.0,,1,23874.48
L0029492,INV-2025-014324,INV,,20251229,202512,95,3,340,17,EG,EGP,50.4537,10,450.0,0.2475,4500.0,1113.75,3386.25,3375.0,11.25,1.0,,1,170848.8
L0030347,INV-2025-014698,INV,,20251229,202512,69,7,800,3,AE,AED,3.6725,4,3600.0,0.2453,14400.0,3532.32,10867.68,6480.0,4387.68,1.0,,1,39911.55
L0030007,INV-2025-014559,INV,,20251229,202512,55,5,626,1,SA,SAR,3.75,1,2400.0,0.0454,2400.0,108.96,2291.04,1320.0,971.04,1.0,,1,8591.4
L0030006,INV-2025-014559,INV,,20251229,202512,55,5,626,15,SA,SAR,3.75,5,1100.0,0.038,5500.0,209.0,5291.0,4290.0,1001.0,1.0,,1,19841.25
L0030448,INV-2025-014744,INV,,20251229,202512,97,7,791,7,AE,AED,3.6725,9,1200.0,0.2382,10800.0,2572.56,8227.44,3240.0,4987.44,1.0,,1,30215.27
L0030141,INV-2025-014619,INV,,20251229,202512,62,6,753,1,AE,AED,3.6725,1,2400.0,0.1218,2400.0,292.32,2107.68,1320.0,787.68,1.0,,1,7740.45
L0029931,INV-2025-014516,INV,,20251229,202512,52,5,626,1,SA,SAR,3.75,1,2400.0,0.0837,2400.0,200.88,2199.12,1320.0,879.12,1.0,,1,8246.7
L0030192,INV-2025-014638,INV,,20251229,202512,64,6,712,3,AE,AED,3.6725,2,3600.0,0.122,7200.0,878.4,6321.6,3240.0,3081.6,1.0,,1,23216.08
L0030345,INV-2025-014696,INV,,20251229,202512,69,7,781,1,AE,AED,3.6725,5,2400.0,0.2162,12000.0,2594.4,9405.6,6600.0,2805.6,1.0,,1,34542.07
L0029265,INV-2025-014204,INV,,20251230,202512,85,2,319,7,EG,EGP,50.4537,1,1200.0,0.0614,1200.0,73.68,1126.32,360.0,766.32,1.0,,1,56827.01
L0029119,INV-2025-014119,INV,,20251230,202512,21,2,314,7,EG,EGP,50.4537,1,1200.0,0.0347,1200.0,41.64,1158.36,360.0,798.36,1.0,,1,58443.55
L0029667,INV-2025-014390,INV,,20251230,202512,43,4,395,5,SA,SAR,3.75,2,1800.0,0.1194,3600.0,429.84,3170.16,1440.0,1730.16,1.0,,1,11888.1
L0030185,INV-2025-014636,INV,,20251230,202512,64,6,769,10,AE,AED,3.6725,3,3000.0,0.1312,9000.0,1180.8,7819.2,2700.0,5119.2,1.25,,1,28716.01
L0028983,INV-2025-014048,INV,,20251230,202512,14,1,16,3,EG,EGP,50.4537,1,3600.0,0.1217,3600.0,438.12,3161.88,1620.0,1541.88,1.0,,1,159528.54
L0030716,INV-2025-014890,INV,,20251230,202512,92,8,832,8,OM,OMR,0.3845,3,1500.0,0.1424,4500.0,640.81,3859.19,3150.0,709.19,1.0,,1,1483.86
L0030498,INV-2025-014772,INV,,20251230,202512,73,8,957,1,OM,OMR,0.3845,1,2400.0,0.0599,2400.0,143.77,2256.23,1320.0,936.23,1.0,,1,867.52
L0029661,INV-2025-014389,INV,,20251230,202512,43,4,391,1,SA,SAR,3.75,1,2400.0,0.1164,2400.0,279.36,2120.64,1320.0,800.64,1.0,,1,7952.4
L0030715,INV-2025-014889,INV,,20251230,202512,92,8,869,1,OM,OMR,0.3845,1,2400.0,0.1487,2400.0,356.88,2043.12,1320.0,723.12,1.0,,1,785.58
L0030245,INV-2025-014656,INV,,20251230,202512,80,6,732,14,AE,AED,3.6725,1,9600.0,0.0994,9600.0,954.24,8645.76,4800.0,3845.76,1.25,,1,31751.55
L0028999,INV-2025-014054,INV,,20251230,202512,16,1,38,7,EG,EGP,50.4537,6,1200.0,0.1258,7200.0,905.76,6294.24,2160.0,4134.24,1.0,,1,317567.7
L0029241,INV-2025-014191,INV,,20251230,202512,27,2,278,7,EG,EGP,50.4537,1,1200.0,0.034,1200.0,40.8,1159.2,360.0,799.2,1.0,,1,58485.93
L0028963,INV-2025-014039,INV,,20251230,202512,13,1,39,5,EG,EGP,50.4537,2,1800.0,0.1801,3600.0,648.36,2951.64,1440.0,1511.64,1.0,,1,148921.16
L0030443,INV-2025-014742,INV,,20251230,202512,97,7,807,6,AE,AED,3.6725,1,7500.0,0.2722,7500.0,2041.5,5458.5,2850.0,2608.5,1.0,,1,20046.34
L0030195,INV-2025-014639,INV,,20251231,202512,64,6,767,17,AE,AED,3.6725,51,450.0,0.1347,22949.93,3091.35,19858.58,17212.5,2646.08,1.0,,1,72930.62
L0029329,INV-2025-014241,INV,,20251231,202512,86,2,178,15,EG,EGP,50.4537,2,1100.0,0.1296,2200.0,285.12,1914.88,1716.0,198.88,1.0,,1,96612.78
L0029303,INV-2025-014226,INV,,20251231,202512,9,2,177,7,EG,EGP,50.4537,1,1200.0,0.0673,1200.0,80.76,1119.24,360.0,759.24,1.0,,1,56469.8
L0030240,INV-2025-014655,INV,,20251231,202512,80,6,737,15,AE,AED,3.6725,2,1100.0,0.1358,2200.0,298.76,1901.24,1716.0,185.24,1.0,,1,6982.3
L0029046,INV-2025-014076,INV,,20251231,202512,18,2,200,1,EG,EGP,50.4537,1,2400.0,0.0437,2400.0,104.88,2295.12,1320.0,975.12,1.0,,1,115797.3
L0029070,INV-2025-014090,INV,,20251231,202512,19,2,105,15,EG,EGP,50.4537,1,1100.0,0.077,1100.0,84.7,1015.3,858.0,157.3,1.0,,1,51225.64
L0030479,INV-2025-014761,INV,,20251231,202512,91,7,791,1,AE,AED,3.6725,2,2400.0,0.1595,4800.0,765.6,4034.4,2640.0,1394.4,1.0,,1,14816.33
L0029736,INV-2025-014410,INV,,20251231,202512,78,4,425,5,SA,SAR,3.75,6,1800.0,0.1425,10800.0,1539.0,9261.0,4320.0,4941.0,1.0,,1,34728.75
L0030241,INV-2025-014655,INV,,20251231,202512,80,6,737,10,AE,AED,3.6725,1,3000.0,0.1006,3000.0,301.8,2698.2,900.0,1798.2,1.25,,1,9909.14
L0031351,CN-2025-00342,CN,INV-2025-013717,20251231,202512,55,5,631,1,SA,SAR,3.75,-1,2400.0,0.0483,-2400.0,-115.92,-2284.08,-1320.0,-964.08,1.0,32.0,1,-8565.3
L0029250,INV-2025-014195,INV,,20251231,202512,28,2,281,15,EG,EGP,50.4537,1,1100.0,0.042,1100.0,46.2,1053.8,858.0,195.8,1.0,,1,53168.11
L0030481,INV-2025-014761,INV,,20251231,202512,91,7,791,17,AE,AED,3.6725,1,450.0,0.1612,450.0,72.54,377.46,337.5,39.96,1.0,,1,1386.22
L0029302,INV-2025-014226,INV,,20251231,202512,9,2,177,18,EG,EGP,50.4537,2,800.0,0.0268,1600.0,42.88,1557.12,880.0,677.12,1.0,,1,78562.47
L0029304,INV-2025-014226,INV,,20251231,202512,9,2,177,8,EG,EGP,50.4537,1,1500.0,0.0659,1500.0,98.85,1401.15,1050.0,351.15,1.0,,1,70693.2
L0030340,INV-2025-014694,INV,,20251231,202512,69,7,792,17,AE,AED,3.6725,2,450.0,0.2361,900.0,212.49,687.51,675.0,12.51,1.0,,1,2524.87
L0029635,INV-2025-014380,INV,,20251231,202512,41,4,382,1,SA,SAR,3.75,1,2400.0,0.0772,2400.0,185.28,2214.72,1320.0,894.72,1.0,,1,8305.2
L0030708,INV-2025-014885,INV,,20251231,202512,92,8,878,1,OM,OMR,0.3845,1,2400.0,0.1225,2400.0,293.99,2106.01,1320.0,786.01,1.0,,1,809.76
L0029152,INV-2025-014142,INV,,20251231,202512,25,2,156,10,EG,EGP,50.4537,1,3000.0,0.0753,3000.0,225.9,2774.1,900.0,1874.1,1.25,,1,139963.61
L0029213,INV-2025-014176,INV,,20251231,202512,27,2,140,10,EG,EGP,50.4537,1,3000.0,0.0118,3000.0,35.4,2964.6,900.0,2064.6,1.25,,1,149575.04
L0029063,INV-2025-014087,INV,,20251231,202512,18,2,258,7,EG,EGP,50.4537,1,1200.0,0.0845,1200.0,101.4,1098.6,360.0,738.6,1.0,,1,55428.43
L0028935,INV-2025-014031,INV,,20251231,202512,11,1,53,10,EG,EGP,50.4537,2,3000.0,0.0793,6000.0,475.8,5524.2,1800.0,3724.2,1.25,,1,278716.33
L0029647,INV-2025-014384,INV,,20251231,202512,43,4,387,20,SA,SAR,3.75,2,1500.0,0.1505,3000.0,451.5,2548.5,1500.0,1048.5,1.0,,1,9556.88
L0030231,INV-2025-014652,INV,,20251231,202512,64,6,716,12,AE,AED,3.6725,1,4800.0,0.1338,4800.0,642.24,4157.76,2160.0,1997.76,1.25,,1,15269.37
L0029740,INV-2025-014413,INV,,20251231,202512,83,4,384,18,SA,SAR,3.75,42,800.0,0.1021,33600.0,3430.56,30169.44,18480.0,11689.44,1.0,,1,113135.4
L0029153,INV-2025-014142,INV,,20251231,202512,25,2,156,1,EG,EGP,50.4537,1,2400.0,0.0262,2400.0,62.88,2337.12,1320.0,1017.12,1.0,,1,117916.35
L0029488,INV-2025-014322,INV,,20251231,202512,95,3,352,10,EG,EGP,50.4537,1,3000.0,0.248,3000.0,744.0,2256.0,900.0,1356.0,1.25,,1,113823.55
L0029633,INV-2025-014380,INV,,20251231,202512,41,4,382,18,SA,SAR,3.75,2,800.0,0.1151,1600.0,184.16,1415.84,880.0,535.84,1.0,,1,5309.4
L0030485,INV-2025-014764,INV,,20251231,202512,73,8,859,1,OM,OMR,0.3845,1,2400.0,0.0165,2400.0,39.61,2360.39,1320.0,1040.39,1.0,,1,907.57
